09:56:19 01/01/2020;Wednesday;0.2408;0.2420000000000002;1.0;0.7127411872482183;0.9393997096445177;1.0;0.2420000000000002;12.0;1.0;1.0;0.2415000000000002;12.0;1.0;1.0;0.2420000000000002;12.0;1.0;Now
17:28:39 01/01/2020;Wednesday;0.2398;0.2410000000000002;1.0;0.7134423592694786;0.9545720836857199;1.0;0.2410000000000002;12.0;1.0;1.0;0.2403333333333335;12.0;1.0;1.0;0.2410000000000002;12.0;1.0;Now
22:30:07 01/01/2020;Wednesday;0.2386;0.24000000000000019;1.0;0.7141428428542849;0.9697295609326005;1.0;0.24000000000000019;12.0;1.0;1.0;0.23966666666666683;12.0;1.0;1.0;0.24000000000000019;12.0;1.0;Now
04:13:07 02/01/2020;Thursday;0.2377;0.24000000000000019;1.0;0.7141428428542849;0.9697295609326005;1.0;0.24000000000000019;12.0;1.0;1.0;0.2393333333333335;12.0;1.0;1.0;0.24000000000000019;12.0;1.0;Now
09:57:02 02/01/2020;Thursday;0.2372;0.23900000000000018;1.0;0.7148426400264605;0.9848721851778459;1.0;0.23900000000000018;12.0;1.0;1.0;0.23900000000000018;12.0;1.0;1.0;0.23900000000000018;12.0;1.0;Now
15:15:45 02/01/2020;Thursday;0.2381;0.23900000000000018;1.0;0.7148426400264605;0.9848721851778459;1.0;0.23900000000000018;12.0;1.0;1.0;0.23900000000000018;12.0;1.0;1.0;0.23900000000000018;12.0;1.0;Now
22:31:33 02/01/2020;Thursday;0.2379;0.23900000000000018;1.0;0.7148426400264605;0.9848721851778459;1.0;0.23900000000000018;12.0;1.0;1.0;0.23850000000000018;12.0;1.0;1.0;0.23900000000000018;12.0;1.0;Now
05:55:20 03/01/2020;Friday;0.2376;0.23800000000000018;1.0;0.7155417527999326;1.0;1.0;0.23800000000000018;12.0;1.0;1.0;0.23800000000000018;12.0;1.0;1.0;0.23800000000000018;12.0;1.0;Now
12:11:42 03/01/2020;Friday;0.2372;0.23800000000000018;1.0;0.7155417527999326;1.0;1.0;0.23800000000000018;12.0;1.0;1.0;0.23800000000000018;12.0;1.0;1.0;0.23800000000000018;12.0;1.0;Now
19:10:21 03/01/2020;Friday;0.2369;0.23800000000000018;1.0;0.7155417527999326;1.0;1.0;0.23800000000000018;12.0;1.0;1.0;0.23800000000000018;12.0;1.0;1.0;0.23800000000000018;12.0;1.0;Now
23:52:00 03/01/2020;Friday;0.2369;0.23800000000000018;1.0;0.7155417527999326;1.0;1.0;0.23800000000000018;12.0;1.0;1.0;0.23800000000000018;12.0;1.0;1.0;0.23800000000000018;12.0;1.0;Now
11:46:56 04/01/2020;Saturday;0.2373;0.23800000000000018;1.0;0.7155417527999326;1.0;1.0;0.23800000000000018;12.0;1.0;1.0;0.23800000000000018;12.0;1.0;1.0;0.23800000000000018;12.0;1.0;Now
17:38:58 04/01/2020;Saturday;0.2366;0.23800000000000018;1.0;0.7155417527999326;1.0;1.0;0.23800000000000018;12.0;1.0;1.0;0.23800000000000018;12.0;1.0;1.0;0.23800000000000018;12.0;1.0;Now
00:54:14 05/01/2020;Sunday;0.2375;0.23800000000000018;1.0;0.7155417527999326;1.0;1.0;0.23800000000000018;12.0;1.0;1.0;0.23800000000000018;12.0;1.0;1.0;0.23800000000000018;12.0;1.0;Now
07:28:29 05/01/2020;Sunday;0.2378;0.23800000000000018;1.0;0.7155417527999326;1.0;1.0;0.23800000000000018;12.0;1.0;1.0;0.23800000000000018;12.0;1.0;1.0;0.23800000000000018;12.0;1.0;Now
14:01:52 05/01/2020;Sunday;0.238;0.23800000000000018;1.0;0.7155417527999326;1.0;0.4776388888888889;0.23800000000000018;5.7316666666666665;0.4776388888888889;1.0;0.23900000000000018;12.0;1.0;0.4776388888888889;0.23800000000000018;5.7316666666666665;0.4776388888888889;Now
19:45:46 05/01/2020;Sunday;0.2388;0.23900000000000018;1.0;0.7148426400264605;0.9848721851778459;0.4650694444444444;0.23900000000000018;5.5808333333333335;0.4650694444444444;1.0;0.23950000000000018;12.0;1.0;1.0;0.23950000000000018;12.0;1.0;Now
01:20:37 06/01/2020;Monday;0.2394;0.24000000000000019;1.0;0.7141428428542849;0.9697295609326005;1.0;0.24000000000000019;12.0;1.0;1.0;0.24000000000000019;12.0;1.0;1.0;0.24000000000000019;12.0;1.0;Now
08:18:51 06/01/2020;Monday;0.239;0.24000000000000019;1.0;0.7141428428542849;0.9697295609326005;1.0;0.24000000000000019;12.0;1.0;1.0;0.23950000000000018;12.0;1.0;1.0;0.24000000000000019;12.0;1.0;Now
18:07:59 06/01/2020;Monday;0.239;0.23900000000000018;1.0;0.7148426400264605;0.9848721851778459;0.25266203703703705;0.23900000000000018;3.0319444444444446;0.25266203703703705;1.0;0.23966666666666683;12.0;1.0;1.0;0.23950000000000018;12.0;1.0;Now
21:09:54 06/01/2020;Monday;0.2397;0.24000000000000019;1.0;0.7141428428542849;0.9697295609326005;1.0;0.24000000000000019;12.0;1.0;1.0;0.24000000000000019;12.0;1.0;1.0;0.24000000000000019;12.0;1.0;Now
03:18:45 07/01/2020;Tuesday;0.24;0.24000000000000019;1.0;0.7141428428542849;0.9697295609326005;0.5927777777777777;0.24000000000000019;7.113333333333333;0.5927777777777777;1.0;0.2410000000000002;12.0;1.0;0.5927777777777777;0.24000000000000019;7.113333333333333;0.5927777777777777;Now
10:25:33 07/01/2020;Tuesday;0.241;0.2410000000000002;1.0;0.7134423592694786;0.9545720836857199;0.3949537037037037;0.2410000000000002;4.739444444444445;0.3949537037037037;1.0;0.2415000000000002;12.0;1.0;1.0;0.2415000000000002;12.0;1.0;Now
15:09:55 07/01/2020;Tuesday;0.2411;0.2420000000000002;1.0;0.7127411872482183;0.9393997096445177;1.0;0.2420000000000002;12.0;1.0;1.0;0.2420000000000002;12.0;1.0;1.0;0.2420000000000002;12.0;1.0;Now
04:26:17 08/01/2020;Wednesday;0.242;0.2420000000000002;1.0;0.7127411872482183;0.9393997096445177;1.0;0.2420000000000002;12.0;1.0;1.0;0.2420000000000002;12.0;1.0;1.0;0.2420000000000002;12.0;1.0;Now
11:24:36 08/01/2020;Wednesday;0.2417;0.2420000000000002;1.0;0.7127411872482183;0.9393997096445177;0.4415277777777778;0.2420000000000002;5.298333333333333;0.4415277777777778;1.0;0.24266666666666684;12.0;1.0;0.4415277777777778;0.2420000000000002;5.298333333333333;0.4415277777777778;Now
16:42:30 08/01/2020;Wednesday;0.2421;0.2430000000000002;1.0;0.7120393247567158;0.9242123948006858;0.5591203703703703;0.2430000000000002;6.709444444444444;0.5591203703703703;1.0;0.2433333333333335;12.0;1.0;0.5591203703703703;0.2430000000000002;6.709444444444444;0.5591203703703703;Now
22:35:35 08/01/2020;Wednesday;0.2421;0.2430000000000002;1.0;0.7120393247567158;0.9242123948006858;0.06872685185185186;0.2430000000000002;0.8247222222222222;0.06872685185185186;1.0;0.2443333333333335;12.0;1.0;0.67375;0.2435000000000002;8.085;0.67375;Now
23:25:04 08/01/2020;Wednesday;0.2436;0.2440000000000002;1.0;0.7113367697511495;0.9090100949288049;0.6050231481481482;0.2440000000000002;7.260277777777778;0.6050231481481482;1.0;0.2450000000000002;12.0;1.0;0.6050231481481482;0.2440000000000002;7.260277777777778;0.6050231481481482;Now
06:40:41 09/01/2020;Thursday;0.2451;0.2460000000000002;1.0;0.7099295739719538;0.8785603621046372;0.47708333333333336;0.2460000000000002;5.725;0.47708333333333336;1.0;0.2465000000000002;12.0;1.0;1.0;0.2465000000000002;12.0;1.0;Now
12:24:11 09/01/2020;Thursday;0.2466;0.2470000000000002;1.0;0.7092249290598857;0.8633128396023686;0.5231944444444444;0.2470000000000002;6.278333333333333;0.5231944444444444;1.0;0.2480000000000002;12.0;1.0;0.5231944444444444;0.2470000000000002;6.278333333333333;0.5231944444444444;Now
18:40:53 09/01/2020;Thursday;0.2485;0.2490000000000002;1.0;0.7078135347674553;0.8327722568707867;0.5926851851851852;0.2490000000000002;7.112222222222222;0.5926851851851852;1.0;0.25050000000000017;12.0;1.0;0.5926851851851852;0.2490000000000002;7.112222222222222;0.5926851851851852;Now
01:47:37 10/01/2020;Friday;0.2511;0.25200000000000017;1.0;0.7056911505750939;0.7868468550446232;0.616574074074074;0.25200000000000017;7.398888888888889;0.616574074074074;1.0;0.25350000000000017;12.0;1.0;0.616574074074074;0.25200000000000017;7.398888888888889;0.616574074074074;Now
09:11:33 10/01/2020;Friday;0.2548;0.25500000000000017;1.0;0.7035623639735143;0.7407829141089732;0.9425694444444445;0.25500000000000017;11.310833333333333;0.9425694444444445;1.0;0.25533333333333347;12.0;1.0;0.9425694444444445;0.25500000000000017;11.310833333333333;0.9425694444444445;Now
15:53:39 10/01/2020;Friday;0.2549;0.25500000000000017;1.0;0.7035623639735143;0.7407829141089732;0.3840972222222222;0.25500000000000017;4.609166666666667;0.3840972222222222;1.0;0.2562500000000002;12.0;1.0;0.9777546296296297;0.25550000000000017;11.733055555555556;0.9777546296296297;Now
20:30:12 10/01/2020;Friday;0.2558;0.25600000000000017;1.0;0.702851335632223;0.7253972631975505;0.5936574074074074;0.25600000000000017;7.123888888888889;0.5936574074074074;1.0;0.2566666666666668;12.0;1.0;0.5936574074074074;0.25600000000000017;7.123888888888889;0.5936574074074074;Now
02:26:59 11/01/2020;Saturday;0.2558;0.25600000000000017;1.0;0.702851335632223;0.7253972631975505;0.098125;0.25600000000000017;1.1775;0.098125;1.0;0.25733333333333347;12.0;1.0;1.0;0.2570000000000002;12.0;1.0;Now
03:37:38 11/01/2020;Saturday;0.2571;0.2580000000000002;1.0;0.7014271166700071;0.6945791726917822;1.0;0.2580000000000002;12.0;1.0;1.0;0.2580000000000002;12.0;1.0;1.0;0.2580000000000002;12.0;1.0;Now
08:55:49 11/01/2020;Saturday;0.2574;0.2580000000000002;1.0;0.7014271166700071;0.6945791726917822;1.0;0.2580000000000002;12.0;1.0;1.0;0.2580000000000002;12.0;1.0;1.0;0.2580000000000002;12.0;1.0;Now
14:30:49 11/01/2020;Saturday;0.2578;0.2580000000000002;1.0;0.7014271166700071;0.6945791726917822;0.9424305555555555;0.2580000000000002;11.309166666666666;0.9424305555555555;1.0;0.2583333333333335;12.0;1.0;0.9424305555555555;0.2580000000000002;11.309166666666666;0.9424305555555555;Now
19:49:26 11/01/2020;Saturday;0.2579;0.2580000000000002;1.0;0.7014271166700071;0.6945791726917822;0.4999074074074074;0.2580000000000002;5.998888888888889;0.4999074074074074;1.0;0.2585000000000002;12.0;1.0;1.0;0.2585000000000002;12.0;1.0;Now
01:49:22 12/01/2020;Sunday;0.2583;0.2590000000000002;1.0;0.7007139216541939;0.6791466379982416;1.0;0.2590000000000002;12.0;1.0;1.0;0.2590000000000002;12.0;1.0;1.0;0.2590000000000002;12.0;1.0;Now
09:04:49 12/01/2020;Sunday;0.2585;0.2590000000000002;1.0;0.7007139216541939;0.6791466379982416;1.0;0.2590000000000002;12.0;1.0;1.0;0.2590000000000002;12.0;1.0;1.0;0.2590000000000002;12.0;1.0;Now
15:27:02 12/01/2020;Sunday;0.2585;0.2590000000000002;1.0;0.7007139216541939;0.6791466379982416;0.574837962962963;0.2590000000000002;6.898055555555556;0.574837962962963;1.0;0.25933333333333347;12.0;1.0;0.574837962962963;0.2590000000000002;6.898055555555556;0.574837962962963;Now
16:12:12 12/01/2020;Sunday;0.2589;0.2590000000000002;1.0;0.7007139216541939;0.6791466379982416;0.5121064814814815;0.2590000000000002;6.145277777777777;0.5121064814814815;1.0;0.2595000000000002;12.0;1.0;0.5121064814814815;0.2590000000000002;6.145277777777777;0.5121064814814815;Now
22:20:55 12/01/2020;Sunday;0.2598;0.2600000000000002;1.0;0.6999999999999998;0.6636983798745413;0.5107407407407407;0.2600000000000002;6.128888888888889;0.5107407407407407;1.0;0.2610000000000002;12.0;1.0;0.5107407407407407;0.2600000000000002;6.128888888888889;0.5107407407407407;Now
04:28:39 13/01/2020;Monday;0.2618;0.2620000000000002;1.0;0.6985699678629191;0.6327545004600009;0.5474537037037037;0.2620000000000002;6.569444444444445;0.5474537037037037;1.0;0.2630000000000002;12.0;1.0;0.5474537037037037;0.2620000000000002;6.569444444444445;0.5474537037037037;Now
11:02:49 13/01/2020;Monday;0.2632;0.2640000000000002;1.0;0.6971370023173349;0.601747146220907;0.4997916666666667;0.2640000000000002;5.9975;0.4997916666666667;1.0;0.2650000000000002;12.0;1.0;0.4997916666666667;0.2640000000000002;5.9975;0.4997916666666667;Now
17:02:40 13/01/2020;Monday;0.2645;0.2650000000000002;1.0;0.6964194138592058;0.5862195436294422;0.407662037037037;0.2650000000000002;4.891944444444444;0.407662037037037;1.0;0.2655000000000002;12.0;1.0;1.0;0.2655000000000002;12.0;1.0;Now
21:56:11 13/01/2020;Monday;0.2654;0.2660000000000002;1.0;0.6957010852370433;0.5706759249317638;0.6042361111111111;0.2660000000000002;7.2508333333333335;0.6042361111111111;1.0;0.2665000000000002;12.0;1.0;0.6042361111111111;0.2660000000000002;7.2508333333333335;0.6042361111111111;Now
05:11:14 14/01/2020;Tuesday;0.2669;0.2670000000000002;1.0;0.694982014155762;0.5551162404654582;0.5138888888888888;0.2670000000000002;6.166666666666667;0.5138888888888888;1.0;0.2675000000000002;12.0;1.0;0.5138888888888888;0.2670000000000002;6.166666666666667;0.5138888888888888;Now
11:21:14 14/01/2020;Tuesday;0.2675;0.2680000000000002;1.0;0.6942621983083911;0.539540440310931;0.5657407407407408;0.2680000000000002;6.788888888888889;0.5657407407407408;1.0;0.2693333333333335;12.0;1.0;0.5657407407407408;0.2680000000000002;6.788888888888889;0.5657407407407408;Now
18:08:34 14/01/2020;Tuesday;0.2692;0.2700000000000002;1.0;0.6928203230275508;0.5083402919616704;0.4905787037037037;0.2700000000000002;5.8869444444444445;0.4905787037037037;1.0;0.2713333333333335;12.0;1.0;1.0;0.2720000000000002;12.0;1.0;Now
22:09:44 14/01/2020;Tuesday;0.2692;0.2700000000000002;1.0;0.6928203230275508;0.5083402919616704;0.155625;0.2700000000000002;1.8675;0.155625;1.0;0.27433333333333354;12.0;1.0;0.7515509259259259;0.2720000000000002;9.018611111111111;0.7515509259259259;Now
00:01:47 15/01/2020;Wednesday;0.2731;0.2740000000000002;1.0;0.6899275324264135;0.44574438155377893;0.595925925925926;0.2740000000000002;7.151111111111111;0.595925925925926;1.0;0.2765000000000002;12.0;1.0;0.595925925925926;0.2740000000000002;7.151111111111111;0.595925925925926;Now
07:10:51 15/01/2020;Wednesday;0.2787;0.2790000000000002;1.0;0.6862943974709395;0.3671284630413165;0.8031712962962962;0.2790000000000002;9.638055555555555;0.8031712962962962;1.0;0.2805000000000002;12.0;1.0;0.8031712962962962;0.2790000000000002;9.638055555555555;0.8031712962962962;Now
16:49:08 15/01/2020;Wednesday;0.2819;0.2820000000000002;1.0;0.6841052550594826;0.3197585074683855;0.44256944444444446;0.2820000000000002;5.310833333333333;0.44256944444444446;1.0;0.2833333333333335;12.0;1.0;0.44256944444444446;0.2820000000000002;5.310833333333333;0.44256944444444446;Now
22:07:47 15/01/2020;Wednesday;0.2839;0.2840000000000002;1.0;0.6826419266350403;0.28809414333580774;1.0;0.2840000000000002;12.0;1.0;1.0;0.2840000000000002;12.0;1.0;1.0;0.2840000000000002;12.0;1.0;Now
03:00:27 16/01/2020;Thursday;0.2833;0.2840000000000002;1.0;0.6826419266350403;0.28809414333580774;1.0;0.2840000000000002;12.0;1.0;1.0;0.2840000000000002;12.0;1.0;1.0;0.2840000000000002;12.0;1.0;Now
08:52:07 16/01/2020;Thursday;0.2834;0.2840000000000002;1.0;0.6826419266350403;0.28809414333580774;0.5822916666666667;0.2840000000000002;6.9875;0.5822916666666667;1.0;0.2845000000000002;12.0;1.0;0.5822916666666667;0.2840000000000002;6.9875;0.5822916666666667;Now
15:51:22 16/01/2020;Thursday;0.2841;0.2850000000000002;1.0;0.6819090848492927;0.2722364802385267;0.4754861111111111;0.2850000000000002;5.306111111111111;0.4421759259259259;1.0;0.2856666666666669;12.0;1.0;1.0;0.2855000000000002;12.0;1.0;Now
21:09:44 16/01/2020;Thursday;0.2854;0.2860000000000002;1.0;0.6811754546370559;0.25636175670352773;0.9663888888888889;0.2860000000000002;11.596666666666666;0.9663888888888889;1.0;0.28666666666666685;12.0;1.0;0.9663888888888889;0.2860000000000002;11.596666666666666;0.9663888888888889;Now
03:27:23 17/01/2020;Friday;0.285;0.2860000000000002;1.0;0.6811754546370559;0.25636175670352773;0.47675925925925927;0.2860000000000002;5.3025;0.441875;1.0;0.2873333333333335;12.0;1.0;1.0;0.2870000000000002;12.0;1.0;Now
08:45:32 17/01/2020;Friday;0.2872;0.2880000000000002;1.0;0.679705818718657;0.2245609072939136;1.0;0.2880000000000002;12.0;1.0;1.0;0.2880000000000002;12.0;1.0;1.0;0.2880000000000002;12.0;1.0;Now
15:02:16 17/01/2020;Friday;0.2846;0.2880000000000002;1.0;0.679705818718657;0.2245609072939136;1.0;0.2880000000000002;12.0;1.0;1.0;0.2880000000000002;12.0;1.0;1.0;0.2880000000000002;12.0;1.0;Now
20:29:55 17/01/2020;Friday;0.286;0.2880000000000002;1.0;0.679705818718657;0.2245609072939136;1.0;0.2880000000000002;12.0;1.0;1.0;0.2880000000000002;12.0;1.0;1.0;0.2880000000000002;12.0;1.0;Now
04:01:41 18/01/2020;Saturday;0.2874;0.2880000000000002;1.0;0.679705818718657;0.2245609072939136;1.0;0.2880000000000002;12.0;1.0;1.0;0.2880000000000002;12.0;1.0;1.0;0.2880000000000002;12.0;1.0;Now
10:52:59 18/01/2020;Saturday;0.2873;0.2880000000000002;1.0;0.679705818718657;0.2245609072939136;1.0;0.2880000000000002;12.0;1.0;1.0;0.2880000000000002;12.0;1.0;1.0;0.2880000000000002;12.0;1.0;Now
16:18:59 18/01/2020;Saturday;0.2862;0.2880000000000002;1.0;0.679705818718657;0.2245609072939136;1.0;0.2880000000000002;12.0;1.0;1.0;0.2875000000000002;12.0;1.0;1.0;0.2880000000000002;12.0;1.0;Now
23:34:29 18/01/2020;Saturday;0.2853;0.2870000000000002;1.0;0.6804410334481599;0.24046991754872807;1.0;0.2870000000000002;12.0;1.0;1.0;0.2865000000000002;12.0;1.0;1.0;0.2865000000000002;12.0;1.0;Now
04:52:46 19/01/2020;Sunday;0.2846;0.2860000000000002;1.0;0.6811754546370559;0.25636175670352773;1.0;0.2860000000000002;12.0;1.0;1.0;0.2860000000000002;12.0;1.0;1.0;0.2860000000000002;12.0;1.0;Now
12:00:34 19/01/2020;Sunday;0.2857;0.2860000000000002;1.0;0.6811754546370559;0.25636175670352773;0.41868055555555556;0.2860000000000002;5.024166666666667;0.41868055555555556;1.0;0.2873333333333335;12.0;1.0;0.41868055555555556;0.2860000000000002;5.024166666666667;0.41868055555555556;Now
17:02:01 19/01/2020;Sunday;0.2867;0.2870000000000002;1.0;0.6804410334481599;0.24046991754872807;0.43064814814814817;0.2870000000000002;5.167777777777777;0.43064814814814817;1.0;0.2880000000000002;12.0;1.0;1.0;0.2880000000000002;12.0;1.0;Now
22:12:05 19/01/2020;Sunday;0.2885;0.2890000000000002;1.0;0.678969807870718;0.2086346701584952;0.6164120370370371;0.2890000000000002;7.396944444444444;0.6164120370370371;1.0;0.2910000000000002;12.0;1.0;0.6164120370370371;0.2890000000000002;7.396944444444444;0.6164120370370371;Now
05:35:54 20/01/2020;Monday;0.2923;0.2930000000000002;1.0;0.6760177512462227;0.14475632655723905;0.78;0.2930000000000002;9.36;0.78;1.0;0.2940000000000002;12.0;1.0;0.78;0.2930000000000002;9.36;0.78;Now
14:57:30 20/01/2020;Monday;0.2944;0.2950000000000002;1.0;0.6745368781616019;0.11271232071252517;1.0;0.2950000000000002;12.0;1.0;1.0;0.2950000000000002;12.0;1.0;1.0;0.2950000000000002;12.0;1.0;Now
21:56:09 20/01/2020;Monday;0.2943;0.2950000000000002;1.0;0.6745368781616019;0.11271232071252517;0.5009027777777778;0.2950000000000002;6.010833333333333;0.5009027777777778;1.0;0.2955000000000002;12.0;1.0;0.5009027777777778;0.2950000000000002;6.010833333333333;0.5009027777777778;Now
03:56:48 21/01/2020;Tuesday;0.2952;0.2960000000000002;1.0;0.6737952211169205;0.09666390783949938;0.5813194444444445;0.2960000000000002;6.975833333333333;0.5813194444444445;1.0;0.2973333333333335;12.0;1.0;0.5813194444444445;0.2960000000000002;6.975833333333333;0.5813194444444445;Now
10:55:21 21/01/2020;Tuesday;0.2978;0.2980000000000002;1.0;0.6723094525588643;0.06451397085118789;0.9139814814814815;0.2980000000000002;10.967777777777778;0.9139814814814815;1.0;0.29833333333333356;12.0;1.0;0.9139814814814815;0.2980000000000002;10.967777777777778;0.9139814814814815;Now
15:40:40 21/01/2020;Tuesday;0.297;0.2980000000000002;1.0;0.6723094525588643;0.06451397085118789;0.5177083333333333;0.2980000000000002;6.2125;0.5177083333333333;1.0;0.29866666666666686;12.0;1.0;0.5177083333333333;0.2980000000000002;6.2125;0.5177083333333333;Now
21:53:25 21/01/2020;Tuesday;0.2983;0.2990000000000002;1.0;0.6715653356152325;0.048412329232793296;1.0;0.2990000000000002;12.0;1.0;1.0;0.2990000000000002;12.0;1.0;1.0;0.2990000000000002;12.0;1.0;Now
03:22:27 22/01/2020;Wednesday;0.2989;0.2990000000000002;1.0;0.6715653356152325;0.048412329232793296;0.885462962962963;0.2990000000000002;10.625555555555556;0.885462962962963;1.0;0.2993333333333335;12.0;1.0;0.885462962962963;0.2990000000000002;10.625555555555556;0.885462962962963;Now
08:32:25 22/01/2020;Wednesday;0.2978;0.2990000000000002;1.0;0.6715653356152325;0.048412329232793296;0.4549537037037037;0.2990000000000002;5.459444444444444;0.4549537037037037;1.0;0.30033333333333356;12.0;1.0;0.4549537037037037;0.2990000000000002;5.459444444444444;0.4549537037037037;Now
13:59:59 22/01/2020;Wednesday;0.2997;0.3000000000000002;1.0;0.6708203932499367;0.03229282665325536;0.43041666666666667;0.3000000000000002;5.165;0.43041666666666667;1.0;0.3013333333333335;12.0;1.0;0.43041666666666667;0.3000000000000002;5.165;0.43041666666666667;Now
19:09:53 22/01/2020;Wednesday;0.3015;0.3020000000000002;1.0;0.6693280212272603;0.0;1.0;0.3020000000000002;12.0;1.0;1.0;0.3020000000000002;12.0;1.0;1.0;0.3020000000000002;12.0;1.0;Now
01:02:01 23/01/2020;Thursday;0.3013;0.3020000000000002;1.0;0.6693280212272603;0.0;1.0;0.3020000000000002;12.0;1.0;1.0;0.3020000000000002;12.0;1.0;1.0;0.3020000000000002;12.0;1.0;Now
12:36:30 23/01/2020;Thursday;0.3005;0.3020000000000002;1.0;0.6693280212272603;0.0;1.0;0.3020000000000002;12.0;1.0;1.0;0.3015000000000002;12.0;1.0;1.0;0.3020000000000002;12.0;1.0;Now
20:00:25 23/01/2020;Thursday;0.3009;0.3010000000000002;1.0;0.670074622710038;0.01615540354285544;1.0;0.3010000000000002;12.0;1.0;1.0;0.3010000000000002;12.0;1.0;1.0;0.3010000000000002;12.0;1.0;Now
01:52:20 24/01/2020;Friday;0.3;0.3010000000000002;1.0;0.670074622710038;0.01615540354285544;1.0;0.3010000000000002;12.0;1.0;1.0;0.30066666666666686;12.0;1.0;1.0;0.3010000000000002;12.0;1.0;Now
07:27:51 24/01/2020;Friday;0.299;0.3010000000000002;1.0;0.670074622710038;0.01615540354285544;1.0;0.3010000000000002;12.0;1.0;1.0;0.3000000000000002;12.0;1.0;1.0;0.3010000000000002;12.0;1.0;Now
13:27:30 24/01/2020;Friday;0.2982;0.3000000000000002;1.0;0.6708203932499367;0.03229282665325536;1.0;0.3000000000000002;12.0;1.0;1.0;0.2993333333333335;12.0;1.0;1.0;0.2995000000000002;12.0;1.0;Now
18:12:18 24/01/2020;Friday;0.2973;0.2990000000000002;1.0;0.6715653356152325;0.048412329232793296;1.0;0.2990000000000002;12.0;1.0;1.0;0.2990000000000002;12.0;1.0;1.0;0.2990000000000002;12.0;1.0;Now
01:19:32 25/01/2020;Saturday;0.2989;0.2990000000000002;1.0;0.6715653356152325;0.048412329232793296;1.0;0.2990000000000002;12.0;1.0;1.0;0.2990000000000002;12.0;1.0;1.0;0.2990000000000002;12.0;1.0;Now
07:20:00 25/01/2020;Saturday;0.2963;0.2990000000000002;1.0;0.6715653356152325;0.048412329232793296;1.0;0.2990000000000002;12.0;1.0;1.0;0.29833333333333356;12.0;1.0;1.0;0.2990000000000002;12.0;1.0;Now
08:14:07 25/01/2020;Saturday;0.2963;0.2990000000000002;1.0;0.6715653356152325;0.048412329232793296;1.0;0.2990000000000002;12.0;1.0;1.0;0.2980000000000002;12.0;1.0;1.0;0.2990000000000002;12.0;1.0;Now
14:35:17 25/01/2020;Saturday;0.2947;0.2970000000000002;1.0;0.6730527468185534;0.08059781074886548;1.0;0.2970000000000002;12.0;1.0;1.0;0.2960000000000002;12.0;1.0;1.0;0.2960000000000002;12.0;1.0;Now
20:28:08 25/01/2020;Saturday;0.293;0.2950000000000002;1.0;0.6745368781616019;0.11271232071252517;1.0;0.2950000000000002;12.0;1.0;1.0;0.2940000000000002;12.0;1.0;1.0;0.2950000000000002;12.0;1.0;Now
03:17:55 26/01/2020;Sunday;0.2902;0.2930000000000002;1.0;0.6760177512462227;0.14475632655723905;1.0;0.2930000000000002;12.0;1.0;1.0;0.2920000000000002;12.0;1.0;1.0;0.2930000000000002;12.0;1.0;Now
09:26:11 26/01/2020;Sunday;0.2889;0.2910000000000002;1.0;0.6774953874381727;0.17673029060786868;1.0;0.2910000000000002;12.0;1.0;1.0;0.2896666666666669;12.0;1.0;1.0;0.2910000000000002;12.0;1.0;Now
15:26:47 26/01/2020;Sunday;0.2878;0.2890000000000002;1.0;0.678969807870718;0.2086346701584952;1.0;0.2890000000000002;12.0;1.0;1.0;0.28866666666666685;12.0;1.0;1.0;0.2890000000000002;12.0;1.0;Now
21:10:41 26/01/2020;Sunday;0.285;0.2890000000000002;1.0;0.678969807870718;0.2086346701584952;1.0;0.2890000000000002;12.0;1.0;1.0;0.2873333333333335;12.0;1.0;1.0;0.2890000000000002;12.0;1.0;Now
02:11:58 27/01/2020;Monday;0.2849;0.2880000000000002;1.0;0.679705818718657;0.2245609072939136;1.0;0.2880000000000002;12.0;1.0;1.0;0.2865000000000002;12.0;1.0;1.0;0.2865000000000002;12.0;1.0;Now
07:30:36 27/01/2020;Monday;0.2835;0.2850000000000002;1.0;0.6819090848492927;0.2722364802385267;1.0;0.2850000000000002;12.0;1.0;1.0;0.2850000000000002;12.0;1.0;1.0;0.2850000000000002;12.0;1.0;Now
14:54:57 27/01/2020;Monday;0.2843;0.2850000000000002;1.0;0.6819090848492927;0.2722364802385267;0.6276157407407408;0.2850000000000002;7.5313888888888885;0.6276157407407408;1.0;0.2855000000000002;12.0;1.0;0.6276157407407408;0.2850000000000002;7.5313888888888885;0.6276157407407408;Now
22:26:50 27/01/2020;Monday;0.2858;0.2860000000000002;1.0;0.6811754546370559;0.25636175670352773;0.5342361111111111;0.2860000000000002;4.612777777777778;0.38439814814814816;1.0;0.28666666666666685;12.0;1.0;1.0;0.2865000000000002;12.0;1.0;Now
03:03:36 28/01/2020;Tuesday;0.2861;0.2870000000000002;1.0;0.6804410334481599;0.24046991754872807;1.0;0.2870000000000002;12.0;1.0;1.0;0.2870000000000002;12.0;1.0;1.0;0.2870000000000002;12.0;1.0;Now
08:38:57 28/01/2020;Tuesday;0.2849;0.2870000000000002;1.0;0.6804410334481599;0.24046991754872807;1.0;0.2870000000000002;12.0;1.0;1.0;0.2870000000000002;12.0;1.0;1.0;0.2870000000000002;12.0;1.0;Now
14:22:59 28/01/2020;Tuesday;0.2866;0.2870000000000002;1.0;0.6804410334481599;0.24046991754872807;0.8844444444444445;0.2870000000000002;10.613333333333333;0.8844444444444445;1.0;0.2873333333333335;12.0;1.0;0.8844444444444445;0.2870000000000002;10.613333333333333;0.8844444444444445;Now
19:57:24 28/01/2020;Tuesday;0.2869;0.2870000000000002;1.0;0.6804410334481599;0.24046991754872807;0.5808796296296296;0.2870000000000002;5.039722222222222;0.41997685185185185;1.0;0.2876666666666669;12.0;1.0;0.5808796296296296;0.2870000000000002;5.039722222222222;0.41997685185185185;Now
00:59:47 29/01/2020;Wednesday;0.2874;0.2880000000000002;1.0;0.679705818718657;0.2245609072939136;1.0;0.2880000000000002;12.0;1.0;1.0;0.2880000000000002;12.0;1.0;1.0;0.2880000000000002;12.0;1.0;Now
06:01:33 29/01/2020;Wednesday;0.2857;0.2880000000000002;1.0;0.679705818718657;0.2245609072939136;1.0;0.2880000000000002;12.0;1.0;1.0;0.2870000000000002;12.0;1.0;1.0;0.2880000000000002;12.0;1.0;Now
13:25:18 29/01/2020;Wednesday;0.286;0.2860000000000002;1.0;0.6811754546370559;0.25636175670352773;1.0;0.2860000000000002;12.0;1.0;1.0;0.2860000000000002;12.0;1.0;1.0;0.2860000000000002;12.0;1.0;Now
02:16:26 30/01/2020;Thursday;0.2854;0.2860000000000002;1.0;0.6811754546370559;0.25636175670352773;1.0;0.2860000000000002;12.0;1.0;1.0;0.2860000000000002;12.0;1.0;1.0;0.2860000000000002;12.0;1.0;Now
08:40:56 30/01/2020;Thursday;0.2844;0.2860000000000002;1.0;0.6811754546370559;0.25636175670352773;1.0;0.2860000000000002;12.0;1.0;1.0;0.2860000000000002;12.0;1.0;1.0;0.2860000000000002;12.0;1.0;Now
20:58:57 30/01/2020;Thursday;0.2832;0.2840000000000002;1.0;0.6826419266350403;0.28809414333580774;1.0;0.2840000000000002;12.0;1.0;1.0;0.2840000000000002;12.0;1.0;1.0;0.2840000000000002;12.0;1.0;Now
01:43:43 31/01/2020;Friday;0.2829;0.2840000000000002;1.0;0.6826419266350403;0.28809414333580774;1.0;0.2840000000000002;12.0;1.0;1.0;0.2836666666666669;12.0;1.0;1.0;0.2840000000000002;12.0;1.0;Now
07:35:11 31/01/2020;Friday;0.2817;0.2840000000000002;1.0;0.6826419266350403;0.28809414333580774;1.0;0.2840000000000002;12.0;1.0;1.0;0.2827500000000002;12.0;1.0;1.0;0.2835000000000002;12.0;1.0;Now
12:29:06 31/01/2020;Friday;0.2813;0.2830000000000002;1.0;0.6833739825307954;0.30393480088158314;1.0;0.2830000000000002;12.0;1.0;1.0;0.28233333333333355;12.0;1.0;1.0;0.2830000000000002;12.0;1.0;Now
19:10:41 31/01/2020;Friday;0.2801;0.2820000000000002;1.0;0.6841052550594826;0.3197585074683855;1.0;0.2820000000000002;12.0;1.0;1.0;0.2816666666666669;12.0;1.0;1.0;0.2820000000000002;12.0;1.0;Now
19:10:41 31/01/2020;Friday;0.2801;0.2820000000000002;1.0;0.6841052550594826;0.3197585074683855;1.0;0.2820000000000002;12.0;1.0;1.0;0.2815000000000002;12.0;1.0;1.0;0.2820000000000002;12.0;1.0;Now
01:11:37 01/02/2020;Saturday;0.2795;0.2810000000000002;1.0;0.6848357467305571;0.3355653173972875;1.0;0.2810000000000002;12.0;1.0;1.0;0.2805000000000002;12.0;1.0;1.0;0.2810000000000002;12.0;1.0;Now
08:35:33 01/02/2020;Saturday;0.2781;0.2800000000000002;1.0;0.6855654600401043;0.351355284680057;1.0;0.2800000000000002;12.0;1.0;1.0;0.2800000000000002;12.0;1.0;1.0;0.2800000000000002;12.0;1.0;Now
14:52:18 01/02/2020;Saturday;0.2791;0.2800000000000002;1.0;0.6855654600401043;0.351355284680057;1.0;0.2800000000000002;12.0;1.0;1.0;0.2800000000000002;12.0;1.0;1.0;0.2800000000000002;12.0;1.0;Now
19:28:55 01/02/2020;Saturday;0.2792;0.2800000000000002;1.0;0.6855654600401043;0.351355284680057;1.0;0.2800000000000002;12.0;1.0;1.0;0.2800000000000002;12.0;1.0;1.0;0.2800000000000002;12.0;1.0;Now
01:29:11 02/02/2020;Sunday;0.2786;0.2800000000000002;1.0;0.6855654600401043;0.351355284680057;1.0;0.2800000000000002;12.0;1.0;1.0;0.2800000000000002;12.0;1.0;1.0;0.2800000000000002;12.0;1.0;Now
06:39:39 02/02/2020;Sunday;0.2781;0.2800000000000002;1.0;0.6855654600401043;0.351355284680057;1.0;0.2800000000000002;12.0;1.0;1.0;0.2795000000000002;12.0;1.0;1.0;0.2800000000000002;12.0;1.0;Now
13:54:32 02/02/2020;Sunday;0.2775;0.2790000000000002;1.0;0.6862943974709395;0.3671284630413165;1.0;0.2790000000000002;12.0;1.0;1.0;0.2785000000000002;12.0;1.0;1.0;0.2790000000000002;12.0;1.0;Now
20:29:19 02/02/2020;Sunday;0.2776;0.2780000000000002;1.0;0.6870225614927066;0.3828849059206816;1.0;0.2780000000000002;12.0;1.0;1.0;0.2780000000000002;12.0;1.0;1.0;0.2780000000000002;12.0;1.0;Now
11:42:54 03/02/2020;Monday;0.2774;0.2780000000000002;1.0;0.6870225614927066;0.3828849059206816;1.0;0.2780000000000002;12.0;1.0;1.0;0.2780000000000002;12.0;1.0;1.0;0.2780000000000002;12.0;1.0;Now
16:19:10 03/02/2020;Monday;0.2775;0.2780000000000002;1.0;0.6870225614927066;0.3828849059206816;1.0;0.2780000000000002;12.0;1.0;1.0;0.2780000000000002;12.0;1.0;1.0;0.2780000000000002;12.0;1.0;Now
22:44:39 03/02/2020;Monday;0.2774;0.2780000000000002;1.0;0.6870225614927066;0.3828849059206816;0.5815277777777778;0.2780000000000002;6.9783333333333335;0.5815277777777778;1.0;0.2793333333333335;12.0;1.0;0.5815277777777778;0.2780000000000002;6.9783333333333335;0.5815277777777778;Now
05:43:21 04/02/2020;Tuesday;0.2796;0.2800000000000002;1.0;0.6855654600401043;0.351355284680057;1.0;0.2800000000000002;12.0;1.0;1.0;0.2800000000000002;12.0;1.0;1.0;0.2800000000000002;12.0;1.0;Now
10:27:33 04/02/2020;Tuesday;0.2787;0.2800000000000002;1.0;0.6855654600401043;0.351355284680057;1.0;0.2800000000000002;12.0;1.0;1.0;0.2796666666666669;12.0;1.0;1.0;0.2800000000000002;12.0;1.0;Now
16:36:46 04/02/2020;Tuesday;0.2779;0.2800000000000002;1.0;0.6855654600401043;0.351355284680057;1.0;0.2800000000000002;12.0;1.0;1.0;0.2793333333333335;12.0;1.0;1.0;0.2795000000000002;12.0;1.0;Now
21:07:44 04/02/2020;Tuesday;0.2783;0.2790000000000002;1.0;0.6862943974709395;0.3671284630413165;1.0;0.2790000000000002;12.0;1.0;1.0;0.2790000000000002;12.0;1.0;1.0;0.2790000000000002;12.0;1.0;Now
03:24:48 05/02/2020;Wednesday;0.2787;0.2790000000000002;1.0;0.6862943974709395;0.3671284630413165;0.5926157407407407;0.2790000000000002;7.1113888888888885;0.5926157407407407;1.0;0.2805000000000002;12.0;1.0;0.5926157407407407;0.2790000000000002;7.1113888888888885;0.5926157407407407;Now
10:31:29 05/02/2020;Wednesday;0.2816;0.2820000000000002;1.0;0.6841052550594826;0.3197585074683855;0.44189814814814815;0.2820000000000002;5.302777777777778;0.44189814814814815;1.0;0.2830000000000002;12.0;1.0;1.0;0.2830000000000002;12.0;1.0;Now
15:49:39 05/02/2020;Wednesday;0.2832;0.2840000000000002;1.0;0.6826419266350403;0.28809414333580774;1.0;0.2840000000000002;12.0;1.0;1.0;0.2840000000000002;12.0;1.0;1.0;0.2840000000000002;12.0;1.0;Now
22:57:03 05/02/2020;Wednesday;0.2838;0.2840000000000002;1.0;0.6826419266350403;0.28809414333580774;0.4080787037037037;0.2840000000000002;4.896944444444444;0.4080787037037037;1.0;0.28466666666666685;12.0;1.0;1.0;0.2845000000000002;12.0;1.0;Now
03:50:52 06/02/2020;Thursday;0.285;0.2850000000000002;1.0;0.6819090848492927;0.2722364802385267;1.0;0.2850000000000002;12.0;1.0;1.0;0.2850000000000002;12.0;1.0;1.0;0.2850000000000002;12.0;1.0;Now
09:42:30 06/02/2020;Thursday;0.2847;0.2850000000000002;1.0;0.6819090848492927;0.2722364802385267;0.5460648148148148;0.2850000000000002;6.552777777777778;0.5460648148148148;1.0;0.2855000000000002;12.0;1.0;0.5460648148148148;0.2850000000000002;6.552777777777778;0.5460648148148148;Now
16:15:40 06/02/2020;Thursday;0.2851;0.2860000000000002;1.0;0.6811754546370559;0.25636175670352773;1.0;0.2860000000000002;12.0;1.0;1.0;0.2860000000000002;12.0;1.0;1.0;0.2860000000000002;12.0;1.0;Now
23:45:46 06/02/2020;Thursday;0.2825;0.2860000000000002;1.0;0.6811754546370559;0.25636175670352773;1.0;0.2860000000000002;12.0;1.0;1.0;0.2840000000000002;12.0;1.0;1.0;0.2845000000000002;12.0;1.0;Now
04:55:23 07/02/2020;Friday;0.2823;0.2830000000000002;1.0;0.6833739825307954;0.30393480088158314;1.0;0.2830000000000002;12.0;1.0;1.0;0.2830000000000002;12.0;1.0;1.0;0.2830000000000002;12.0;1.0;Now
10:56:16 07/02/2020;Friday;0.2822;0.2830000000000002;1.0;0.6833739825307954;0.30393480088158314;1.0;0.2830000000000002;12.0;1.0;1.0;0.2830000000000002;12.0;1.0;1.0;0.2830000000000002;12.0;1.0;Now
17:12:34 07/02/2020;Friday;0.2804;0.2830000000000002;1.0;0.6833739825307954;0.30393480088158314;1.0;0.2830000000000002;12.0;1.0;1.0;0.2816666666666669;12.0;1.0;1.0;0.2830000000000002;12.0;1.0;Now
23:21:39 07/02/2020;Friday;0.2791;0.2810000000000002;1.0;0.6848357467305571;0.3355653173972875;1.0;0.2810000000000002;12.0;1.0;1.0;0.28066666666666684;12.0;1.0;1.0;0.2810000000000002;12.0;1.0;Now
04:48:02 08/02/2020;Saturday;0.2776;0.2810000000000002;1.0;0.6848357467305571;0.3355653173972875;1.0;0.2810000000000002;12.0;1.0;1.0;0.2796666666666669;12.0;1.0;1.0;0.2805000000000002;12.0;1.0;Now
09:41:26 08/02/2020;Saturday;0.2771;0.2800000000000002;1.0;0.6855654600401043;0.351355284680057;1.0;0.2800000000000002;12.0;1.0;1.0;0.2785000000000002;12.0;1.0;1.0;0.2800000000000002;12.0;1.0;Now
15:00:17 08/02/2020;Saturday;0.2765;0.2780000000000002;1.0;0.6870225614927066;0.3828849059206816;1.0;0.2780000000000002;12.0;1.0;1.0;0.2780000000000002;12.0;1.0;1.0;0.2780000000000002;12.0;1.0;Now
19:25:57 08/02/2020;Saturday;0.2765;0.2780000000000002;1.0;0.6870225614927066;0.3828849059206816;1.0;0.2780000000000002;12.0;1.0;1.0;0.2776666666666669;12.0;1.0;1.0;0.2780000000000002;12.0;1.0;Now
20:01:13 08/02/2020;Saturday;0.2759;0.2780000000000002;1.0;0.6870225614927066;0.3828849059206816;1.0;0.2780000000000002;12.0;1.0;1.0;0.2775000000000002;12.0;1.0;1.0;0.2780000000000002;12.0;1.0;Now
03:08:25 09/02/2020;Sunday;0.2749;0.2770000000000002;1.0;0.6877499545619759;0.3986246664748674;1.0;0.2770000000000002;12.0;1.0;1.0;0.2756666666666669;12.0;1.0;1.0;0.2770000000000002;12.0;1.0;Now
10:16:19 09/02/2020;Sunday;0.2747;0.2750000000000002;1.0;0.6892024376045109;0.43005435183258456;1.0;0.2750000000000002;12.0;1.0;1.0;0.2750000000000002;12.0;1.0;1.0;0.2750000000000002;12.0;1.0;Now
15:00:55 09/02/2020;Sunday;0.2749;0.2750000000000002;1.0;0.6892024376045109;0.43005435183258456;1.0;0.2750000000000002;12.0;1.0;1.0;0.2750000000000002;12.0;1.0;1.0;0.2750000000000002;12.0;1.0;Now
20:02:20 09/02/2020;Sunday;0.2746;0.2750000000000002;1.0;0.6892024376045109;0.43005435183258456;1.0;0.2750000000000002;12.0;1.0;1.0;0.2750000000000002;12.0;1.0;1.0;0.2750000000000002;12.0;1.0;Now
01:46:06 10/02/2020;Monday;0.274;0.2750000000000002;1.0;0.6892024376045109;0.43005435183258456;1.0;0.2750000000000002;12.0;1.0;1.0;0.27466666666666684;12.0;1.0;1.0;0.2750000000000002;12.0;1.0;Now
06:47:36 10/02/2020;Monday;0.2723;0.2750000000000002;1.0;0.6892024376045109;0.43005435183258456;1.0;0.2750000000000002;12.0;1.0;1.0;0.2740000000000002;12.0;1.0;1.0;0.2750000000000002;12.0;1.0;Now
13:21:29 10/02/2020;Monday;0.273;0.2740000000000002;1.0;0.6899275324264135;0.44574438155377893;1.0;0.2740000000000002;12.0;1.0;1.0;0.2737500000000002;12.0;1.0;1.0;0.2736666666666669;12.0;1.0;Now
14:25:58 10/02/2020;Monday;0.273;0.2730000000000002;1.0;0.6906518659932802;0.4614179387892017;0.5234027777777778;0.2730000000000002;4.788055555555555;0.3990046296296296;1.0;0.2736666666666669;12.0;1.0;1.0;0.2735000000000002;12.0;1.0;Now
19:13:15 10/02/2020;Monday;0.2731;0.2740000000000002;1.0;0.6899275324264135;0.44574438155377893;1.0;0.2740000000000002;12.0;1.0;1.0;0.2740000000000002;12.0;1.0;1.0;0.2740000000000002;12.0;1.0;Now
00:56:24 11/02/2020;Tuesday;0.2722;0.2740000000000002;1.0;0.6899275324264135;0.44574438155377893;1.0;0.2740000000000002;12.0;1.0;1.0;0.2740000000000002;12.0;1.0;1.0;0.2740000000000002;12.0;1.0;Now
06:40:31 11/02/2020;Tuesday;0.2709;0.2740000000000002;1.0;0.6899275324264135;0.44574438155377893;1.0;0.2740000000000002;12.0;1.0;1.0;0.2733333333333335;12.0;1.0;1.0;0.2740000000000002;12.0;1.0;Now
13:22:28 11/02/2020;Tuesday;0.2719;0.2720000000000002;1.0;0.691375440697744;0.47707507531205495;0.39590277777777777;0.2720000000000002;4.7508333333333335;0.39590277777777777;1.0;0.2730000000000002;12.0;1.0;1.0;0.2730000000000002;12.0;1.0;Now
18:07:31 11/02/2020;Tuesday;0.2731;0.2740000000000002;1.0;0.6899275324264135;0.44574438155377893;1.0;0.2740000000000002;12.0;1.0;1.0;0.2740000000000002;12.0;1.0;1.0;0.2740000000000002;12.0;1.0;Now
01:39:49 12/02/2020;Wednesday;0.2736;0.2740000000000002;1.0;0.6899275324264135;0.44574438155377893;1.0;0.2740000000000002;12.0;1.0;1.0;0.2740000000000002;12.0;1.0;1.0;0.2740000000000002;12.0;1.0;Now
07:24:11 12/02/2020;Wednesday;0.2727;0.2740000000000002;1.0;0.6899275324264135;0.44574438155377893;1.0;0.2740000000000002;12.0;1.0;1.0;0.2735000000000002;12.0;1.0;1.0;0.2740000000000002;12.0;1.0;Now
14:06:14 12/02/2020;Wednesday;0.2719;0.2730000000000002;1.0;0.6906518659932802;0.4614179387892017;1.0;0.2730000000000002;12.0;1.0;1.0;0.2725000000000002;12.0;1.0;1.0;0.2725000000000002;12.0;1.0;Now
19:49:31 12/02/2020;Wednesday;0.2714;0.2720000000000002;1.0;0.691375440697744;0.47707507531205495;0.6044907407407407;0.2720000000000002;7.253888888888889;0.6044907407407407;1.0;0.2725000000000002;12.0;1.0;0.6044907407407407;0.2720000000000002;7.253888888888889;0.6044907407407407;Now
03:04:45 13/02/2020;Thursday;0.2724;0.2730000000000002;1.0;0.6906518659932802;0.4614179387892017;0.5246990740740741;0.2730000000000002;6.296388888888889;0.5246990740740741;1.0;0.2735000000000002;12.0;1.0;0.5246990740740741;0.2730000000000002;6.296388888888889;0.5246990740740741;Now
09:22:32 13/02/2020;Thursday;0.2731;0.2740000000000002;1.0;0.6899275324264135;0.44574438155377893;1.0;0.2740000000000002;12.0;1.0;1.0;0.2740000000000002;12.0;1.0;1.0;0.2740000000000002;12.0;1.0;Now
16:37:24 13/02/2020;Thursday;0.2738;0.2740000000000002;1.0;0.6899275324264135;0.44574438155377893;0.41912037037037037;0.2740000000000002;5.029444444444445;0.41912037037037037;1.0;0.27466666666666684;12.0;1.0;1.0;0.2745000000000002;12.0;1.0;Now
21:39:10 13/02/2020;Thursday;0.2745;0.2750000000000002;1.0;0.6892024376045109;0.43005435183258456;1.0;0.2750000000000002;12.0;1.0;1.0;0.2750000000000002;12.0;1.0;1.0;0.2750000000000002;12.0;1.0;Now
04:29:46 14/02/2020;Friday;0.2743;0.2750000000000002;1.0;0.6892024376045109;0.43005435183258456;0.9552777777777778;0.2750000000000002;11.463333333333333;0.9552777777777778;1.0;0.2755000000000002;12.0;1.0;0.9552777777777778;0.2750000000000002;11.463333333333333;0.9552777777777778;Now
09:14:48 14/02/2020;Friday;0.2741;0.2750000000000002;1.0;0.6892024376045109;0.43005435183258456;0.5593981481481481;0.2750000000000002;6.712777777777778;0.5593981481481481;1.0;0.2762500000000002;12.0;1.0;0.9551851851851851;0.2760000000000002;11.462222222222222;0.9551851851851851;Now
12:39:44 14/02/2020;Friday;0.2741;0.2750000000000002;1.0;0.6892024376045109;0.43005435183258456;0.2747685185185185;0.2750000000000002;3.297222222222222;0.2747685185185185;1.0;0.27666666666666684;12.0;1.0;0.6705555555555556;0.2760000000000002;8.046666666666667;0.6705555555555556;Now
15:57:34 14/02/2020;Friday;0.2767;0.2770000000000002;1.0;0.6877499545619759;0.3986246664748674;0.39578703703703705;0.2770000000000002;4.749444444444444;0.39578703703703705;1.0;0.2775000000000002;12.0;1.0;1.0;0.2775000000000002;12.0;1.0;Now
20:42:32 14/02/2020;Friday;0.278;0.2780000000000002;1.0;0.6870225614927066;0.3828849059206816;0.6157175925925926;0.2780000000000002;7.3886111111111115;0.6157175925925926;1.0;0.2785000000000002;12.0;1.0;0.6157175925925926;0.2780000000000002;7.3886111111111115;0.6157175925925926;Now
04:05:51 15/02/2020;Saturday;0.2787;0.2790000000000002;1.0;0.6862943974709395;0.3671284630413165;1.0;0.2790000000000002;12.0;1.0;1.0;0.2790000000000002;12.0;1.0;1.0;0.2790000000000002;12.0;1.0;Now
09:39:56 15/02/2020;Saturday;0.2777;0.2790000000000002;1.0;0.6862943974709395;0.3671284630413165;1.0;0.2790000000000002;12.0;1.0;1.0;0.2790000000000002;12.0;1.0;1.0;0.2790000000000002;12.0;1.0;Now
15:39:59 15/02/2020;Saturday;0.2764;0.2790000000000002;1.0;0.6862943974709395;0.3671284630413165;1.0;0.2790000000000002;12.0;1.0;1.0;0.2780000000000002;12.0;1.0;1.0;0.2790000000000002;12.0;1.0;Now
23:03:29 15/02/2020;Saturday;0.275;0.2770000000000002;1.0;0.6877499545619759;0.3986246664748674;1.0;0.2770000000000002;12.0;1.0;1.0;0.2756666666666669;12.0;1.0;1.0;0.2770000000000002;12.0;1.0;Now
05:03:59 16/02/2020;Sunday;0.2745;0.2750000000000002;1.0;0.6892024376045109;0.43005435183258456;1.0;0.2750000000000002;12.0;1.0;1.0;0.2750000000000002;12.0;1.0;1.0;0.2750000000000002;12.0;1.0;Now
10:48:13 16/02/2020;Sunday;0.2733;0.2750000000000002;1.0;0.6892024376045109;0.43005435183258456;1.0;0.2750000000000002;12.0;1.0;1.0;0.27466666666666684;12.0;1.0;1.0;0.2750000000000002;12.0;1.0;Now
15:32:07 16/02/2020;Sunday;0.2718;0.2750000000000002;1.0;0.6892024376045109;0.43005435183258456;1.0;0.2750000000000002;12.0;1.0;1.0;0.2736666666666669;12.0;1.0;1.0;0.2750000000000002;12.0;1.0;Now
21:32:38 16/02/2020;Sunday;0.2708;0.2740000000000002;1.0;0.6899275324264135;0.44574438155377893;1.0;0.2740000000000002;12.0;1.0;1.0;0.27233333333333354;12.0;1.0;1.0;0.2730000000000002;12.0;1.0;Now
02:59:16 17/02/2020;Monday;0.2694;0.2720000000000002;1.0;0.691375440697744;0.47707507531205495;1.0;0.2720000000000002;12.0;1.0;1.0;0.2707500000000002;12.0;1.0;1.0;0.2720000000000002;12.0;1.0;Now
09:16:13 17/02/2020;Monday;0.2685;0.2710000000000002;1.0;0.6920982589199309;0.4927158426249097;1.0;0.2710000000000002;12.0;1.0;1.0;0.2700000000000002;12.0;1.0;1.0;0.2705000000000002;12.0;1.0;Now
12:41:02 17/02/2020;Monday;0.2685;0.2700000000000002;1.0;0.6928203230275508;0.5083402919616704;1.0;0.2700000000000002;12.0;1.0;1.0;0.2696666666666669;12.0;1.0;1.0;0.2700000000000002;12.0;1.0;Now
14:34:32 17/02/2020;Monday;0.2675;0.2700000000000002;1.0;0.6928203230275508;0.5083402919616704;1.0;0.2700000000000002;12.0;1.0;1.0;0.2695000000000002;12.0;1.0;1.0;0.2695000000000002;12.0;1.0;Now
19:35:54 17/02/2020;Monday;0.2669;0.2690000000000002;1.0;0.6935416353759879;0.5239484742895313;1.0;0.2690000000000002;12.0;1.0;1.0;0.2680000000000002;12.0;1.0;1.0;0.2690000000000002;12.0;1.0;Now
03:00:15 18/02/2020;Tuesday;0.2646;0.2670000000000002;1.0;0.694982014155762;0.5551162404654582;1.0;0.2670000000000002;12.0;1.0;1.0;0.2660000000000002;12.0;1.0;1.0;0.2670000000000002;12.0;1.0;Now
09:33:51 18/02/2020;Tuesday;0.264;0.2650000000000002;1.0;0.6964194138592058;0.5862195436294422;1.0;0.2650000000000002;12.0;1.0;1.0;0.2645000000000002;12.0;1.0;1.0;0.2650000000000002;12.0;1.0;Now
15:34:36 18/02/2020;Tuesday;0.2629;0.2640000000000002;1.0;0.6971370023173349;0.601747146220907;0.6159259259259259;0.2640000000000002;7.391111111111111;0.6159259259259259;1.0;0.2645000000000002;12.0;1.0;0.6159259259259259;0.2640000000000002;7.391111111111111;0.6159259259259259;Now
22:58:04 18/02/2020;Tuesday;0.2645;0.2650000000000002;1.0;0.6964194138592058;0.5862195436294422;0.5354398148148148;0.2650000000000002;6.425277777777778;0.5354398148148148;1.0;0.2656666666666669;12.0;1.0;0.5354398148148148;0.2650000000000002;6.425277777777778;0.5354398148148148;Now
05:23:35 19/02/2020;Wednesday;0.2656;0.2660000000000002;1.0;0.6957010852370433;0.5706759249317638;1.0;0.2660000000000002;12.0;1.0;1.0;0.2660000000000002;12.0;1.0;1.0;0.2660000000000002;12.0;1.0;Now
10:25:17 19/02/2020;Wednesday;0.2657;0.2660000000000002;1.0;0.6957010852370433;0.5706759249317638;1.0;0.2660000000000002;12.0;1.0;1.0;0.2660000000000002;12.0;1.0;1.0;0.2660000000000002;12.0;1.0;Now
17:16:13 19/02/2020;Wednesday;0.2658;0.2660000000000002;1.0;0.6957010852370433;0.5706759249317638;0.5994907407407407;0.2660000000000002;7.193888888888889;0.5994907407407407;1.0;0.2676666666666669;12.0;1.0;0.5994907407407407;0.2660000000000002;7.193888888888889;0.5994907407407407;Now
23:56:12 19/02/2020;Wednesday;0.2658;0.2660000000000002;1.0;0.6957010852370433;0.5706759249317638;0.043958333333333335;0.2660000000000002;0.5275;0.043958333333333335;1.0;0.2696666666666669;12.0;1.0;0.6255555555555555;0.2685000000000002;7.506666666666667;0.6255555555555555;Now
00:27:51 20/02/2020;Thursday;0.2709;0.2710000000000002;1.0;0.6920982589199309;0.4927158426249097;0.5815972222222222;0.2710000000000002;6.979166666666667;0.5815972222222222;1.0;0.2715000000000002;12.0;1.0;0.5815972222222222;0.2710000000000002;6.979166666666667;0.5815972222222222;Now
07:26:36 20/02/2020;Thursday;0.2713;0.2720000000000002;1.0;0.691375440697744;0.47707507531205495;0.5700694444444444;0.2720000000000002;6.840833333333333;0.5700694444444444;1.0;0.2725000000000002;12.0;1.0;0.5700694444444444;0.2720000000000002;6.840833333333333;0.5700694444444444;Now
14:17:03 20/02/2020;Thursday;0.2723;0.2730000000000002;1.0;0.6906518659932802;0.4614179387892017;0.9657407407407408;0.2730000000000002;11.588888888888889;0.9657407407407408;1.0;0.2735000000000002;12.0;1.0;0.9657407407407408;0.2730000000000002;11.588888888888889;0.9657407407407408;Now
20:00:10 20/02/2020;Thursday;0.2727;0.2730000000000002;1.0;0.6906518659932802;0.4614179387892017;0.4891898148148148;0.2730000000000002;5.870277777777778;0.4891898148148148;1.0;0.2742500000000002;12.0;1.0;0.885;0.2736666666666669;10.62;0.885;Now
22:07:18 20/02/2020;Thursday;0.2727;0.2730000000000002;1.0;0.6906518659932802;0.4614179387892017;0.3126157407407407;0.2730000000000002;3.751388888888889;0.3126157407407407;1.0;0.27466666666666684;12.0;1.0;0.7084259259259259;0.2740000000000002;8.501111111111111;0.7084259259259259;Now
01:52:23 21/02/2020;Friday;0.2747;0.2750000000000002;1.0;0.6892024376045109;0.43005435183258456;0.3958101851851852;0.2750000000000002;4.749722222222222;0.3958101851851852;1.0;0.2756666666666669;12.0;1.0;1.0;0.2755000000000002;12.0;1.0;Now
06:37:22 21/02/2020;Friday;0.2756;0.2760000000000002;1.0;0.6884765791223401;0.4143477975797766;1.0;0.2760000000000002;12.0;1.0;1.0;0.2760000000000002;12.0;1.0;1.0;0.2760000000000002;12.0;1.0;Now
13:19:07 21/02/2020;Friday;0.2758;0.2760000000000002;1.0;0.6884765791223401;0.4143477975797766;1.0;0.2760000000000002;12.0;1.0;1.0;0.2760000000000002;12.0;1.0;1.0;0.2760000000000002;12.0;1.0;Now
20:01:28 21/02/2020;Friday;0.2759;0.2760000000000002;1.0;0.6884765791223401;0.4143477975797766;1.0;0.2760000000000002;12.0;1.0;1.0;0.2760000000000002;12.0;1.0;1.0;0.2760000000000002;12.0;1.0;Now
02:59:57 22/02/2020;Saturday;0.2754;0.2760000000000002;1.0;0.6884765791223401;0.4143477975797766;1.0;0.2760000000000002;12.0;1.0;1.0;0.2760000000000002;12.0;1.0;1.0;0.2760000000000002;12.0;1.0;Now
08:01:04 22/02/2020;Saturday;0.2737;0.2760000000000002;1.0;0.6884765791223401;0.4143477975797766;1.0;0.2760000000000002;12.0;1.0;1.0;0.2750000000000002;12.0;1.0;1.0;0.2760000000000002;12.0;1.0;Now
15:16:42 22/02/2020;Saturday;0.273;0.2740000000000002;1.0;0.6899275324264135;0.44574438155377893;1.0;0.2740000000000002;12.0;1.0;1.0;0.2735000000000002;12.0;1.0;1.0;0.2735000000000002;12.0;1.0;Now
20:35:11 22/02/2020;Saturday;0.2719;0.2730000000000002;1.0;0.6906518659932802;0.4614179387892017;1.0;0.2730000000000002;12.0;1.0;1.0;0.2725000000000002;12.0;1.0;1.0;0.2730000000000002;12.0;1.0;Now
04:07:26 23/02/2020;Sunday;0.271;0.2720000000000002;1.0;0.691375440697744;0.47707507531205495;1.0;0.2720000000000002;12.0;1.0;1.0;0.2713333333333335;12.0;1.0;1.0;0.2720000000000002;12.0;1.0;Now
09:34:01 23/02/2020;Sunday;0.2707;0.2710000000000002;1.0;0.6920982589199309;0.4927158426249097;1.0;0.2710000000000002;12.0;1.0;1.0;0.2710000000000002;12.0;1.0;1.0;0.2710000000000002;12.0;1.0;Now
15:08:59 23/02/2020;Sunday;0.2705;0.2710000000000002;1.0;0.6920982589199309;0.4927158426249097;1.0;0.2710000000000002;12.0;1.0;1.0;0.2710000000000002;12.0;1.0;1.0;0.2710000000000002;12.0;1.0;Now
20:19:29 23/02/2020;Sunday;0.2687;0.2710000000000002;1.0;0.6920982589199309;0.4927158426249097;1.0;0.2710000000000002;12.0;1.0;1.0;0.2710000000000002;12.0;1.0;1.0;0.2710000000000002;12.0;1.0;Now
02:35:31 24/02/2020;Monday;0.269;0.2710000000000002;1.0;0.6920982589199309;0.4927158426249097;1.0;0.2710000000000002;12.0;1.0;1.0;0.2696666666666669;12.0;1.0;1.0;0.2710000000000002;12.0;1.0;Now
08:53:11 24/02/2020;Monday;0.2677;0.2690000000000002;1.0;0.6935416353759879;0.5239484742895313;1.0;0.2690000000000002;12.0;1.0;1.0;0.26866666666666683;12.0;1.0;1.0;0.2690000000000002;12.0;1.0;Now
13:37:20 24/02/2020;Monday;0.2664;0.2690000000000002;1.0;0.6935416353759879;0.5239484742895313;1.0;0.2690000000000002;12.0;1.0;1.0;0.2680000000000002;12.0;1.0;1.0;0.2690000000000002;12.0;1.0;Now
20:03:14 24/02/2020;Monday;0.2657;0.2680000000000002;1.0;0.6942621983083911;0.539540440310931;1.0;0.2680000000000002;12.0;1.0;1.0;0.2670000000000002;12.0;1.0;1.0;0.2675000000000002;12.0;1.0;Now
00:47:28 25/02/2020;Tuesday;0.2654;0.2670000000000002;1.0;0.694982014155762;0.5551162404654582;1.0;0.2670000000000002;12.0;1.0;1.0;0.2665000000000002;12.0;1.0;1.0;0.2665000000000002;12.0;1.0;Now
06:38:56 25/02/2020;Tuesday;0.2656;0.2660000000000002;1.0;0.6957010852370433;0.5706759249317638;1.0;0.2660000000000002;12.0;1.0;1.0;0.2660000000000002;12.0;1.0;1.0;0.2660000000000002;12.0;1.0;Now
13:04:06 25/02/2020;Tuesday;0.2648;0.2660000000000002;1.0;0.6957010852370433;0.5706759249317638;1.0;0.2660000000000002;12.0;1.0;1.0;0.2655000000000002;12.0;1.0;1.0;0.2660000000000002;12.0;1.0;Now
19:04:34 25/02/2020;Tuesday;0.2644;0.2650000000000002;1.0;0.6964194138592058;0.5862195436294422;1.0;0.2650000000000002;12.0;1.0;1.0;0.2650000000000002;12.0;1.0;1.0;0.2650000000000002;12.0;1.0;Now
02:28:09 26/02/2020;Wednesday;0.2615;0.2650000000000002;1.0;0.6964194138592058;0.5862195436294422;1.0;0.2650000000000002;12.0;1.0;1.0;0.2635000000000002;12.0;1.0;1.0;0.2650000000000002;12.0;1.0;Now
08:29:15 26/02/2020;Wednesday;0.2618;0.2620000000000002;1.0;0.6985699678629191;0.6327545004600009;1.0;0.2620000000000002;12.0;1.0;1.0;0.2620000000000002;12.0;1.0;1.0;0.2620000000000002;12.0;1.0;Now
15:52:36 26/02/2020;Wednesday;0.2608;0.2620000000000002;1.0;0.6985699678629191;0.6327545004600009;1.0;0.2620000000000002;12.0;1.0;1.0;0.2620000000000002;12.0;1.0;1.0;0.2620000000000002;12.0;1.0;Now
22:01:46 26/02/2020;Wednesday;0.2612;0.2620000000000002;1.0;0.6985699678629191;0.6327545004600009;1.0;0.2620000000000002;12.0;1.0;1.0;0.2620000000000002;12.0;1.0;1.0;0.2620000000000002;12.0;1.0;Now
03:53:22 27/02/2020;Thursday;0.2606;0.2620000000000002;1.0;0.6985699678629191;0.6327545004600009;1.0;0.2620000000000002;12.0;1.0;1.0;0.2620000000000002;12.0;1.0;1.0;0.2620000000000002;12.0;1.0;Now
09:45:00 27/02/2020;Thursday;0.2605;0.2620000000000002;1.0;0.6985699678629191;0.6327545004600009;1.0;0.2620000000000002;12.0;1.0;1.0;0.2615000000000002;12.0;1.0;1.0;0.2620000000000002;12.0;1.0;Now
16:43:54 27/02/2020;Thursday;0.2589;0.2610000000000002;1.0;0.6992853494818834;0.6482343501630978;1.0;0.2610000000000002;12.0;1.0;1.0;0.2596666666666669;12.0;1.0;1.0;0.2610000000000002;12.0;1.0;Now
22:41:50 27/02/2020;Thursday;0.2571;0.2590000000000002;1.0;0.7007139216541939;0.6791466379982416;1.0;0.2590000000000002;12.0;1.0;1.0;0.2586666666666668;12.0;1.0;1.0;0.2590000000000002;12.0;1.0;Now
03:48:15 28/02/2020;Friday;0.2557;0.2590000000000002;1.0;0.7007139216541939;0.6791466379982416;1.0;0.2590000000000002;12.0;1.0;1.0;0.2576666666666669;12.0;1.0;1.0;0.2590000000000002;12.0;1.0;Now
10:05:15 28/02/2020;Friday;0.2552;0.2580000000000002;1.0;0.7014271166700071;0.6945791726917822;1.0;0.2580000000000002;12.0;1.0;1.0;0.2566666666666668;12.0;1.0;1.0;0.2580000000000002;12.0;1.0;Now
15:15:07 28/02/2020;Friday;0.255;0.25600000000000017;1.0;0.702851335632223;0.7253972631975505;1.0;0.25600000000000017;12.0;1.0;1.0;0.25600000000000017;12.0;1.0;1.0;0.25600000000000017;12.0;1.0;Now
20:08:22 28/02/2020;Friday;0.2544;0.25600000000000017;1.0;0.702851335632223;0.7253972631975505;1.0;0.25600000000000017;12.0;1.0;1.0;0.25600000000000017;12.0;1.0;1.0;0.25600000000000017;12.0;1.0;Now
00:44:04 29/02/2020;Saturday;0.2553;0.25600000000000017;1.0;0.702851335632223;0.7253972631975505;0.9316666666666666;0.25600000000000017;11.18;0.9316666666666666;1.0;0.2563333333333335;12.0;1.0;0.9316666666666666;0.25600000000000017;11.18;0.9316666666666666;Now
05:20:34 29/02/2020;Saturday;0.2557;0.25600000000000017;1.0;0.702851335632223;0.7253972631975505;0.5476388888888889;0.25600000000000017;6.571666666666666;0.5476388888888889;1.0;0.2565000000000002;12.0;1.0;0.5476388888888889;0.25600000000000017;6.571666666666666;0.5476388888888889;Now
11:54:52 29/02/2020;Saturday;0.2564;0.2570000000000002;1.0;0.7021395872616782;0.7099960318681666;1.0;0.2570000000000002;12.0;1.0;1.0;0.2570000000000002;12.0;1.0;1.0;0.2570000000000002;12.0;1.0;Now
18:44:35 29/02/2020;Saturday;0.2569;0.2570000000000002;1.0;0.7021395872616782;0.7099960318681666;1.0;0.2570000000000002;12.0;1.0;1.0;0.2570000000000002;12.0;1.0;1.0;0.2570000000000002;12.0;1.0;Now
18:44:35 29/02/2020;Saturday;0.2569;0.2570000000000002;1.0;0.7021395872616782;0.7099960318681666;1.0;0.2570000000000002;12.0;1.0;1.0;0.2570000000000002;12.0;1.0;1.0;0.2570000000000002;12.0;1.0;Now
01:02:32 01/03/2020;Sunday;0.2565;0.2570000000000002;1.0;0.7021395872616782;0.7099960318681666;1.0;0.2570000000000002;12.0;1.0;1.0;0.2570000000000002;12.0;1.0;1.0;0.2570000000000002;12.0;1.0;Now
13:10:15 01/03/2020;Sunday;0.257;0.2570000000000002;1.0;0.7021395872616782;0.7099960318681666;0.5357638888888889;0.2570000000000002;6.429166666666666;0.5357638888888889;1.0;0.2575000000000002;12.0;1.0;0.5357638888888889;0.2570000000000002;6.429166666666666;0.5357638888888889;Now
19:36:00 01/03/2020;Sunday;0.2576;0.2580000000000002;1.0;0.7014271166700071;0.6945791726917822;1.0;0.2580000000000002;12.0;1.0;1.0;0.2580000000000002;12.0;1.0;1.0;0.2580000000000002;12.0;1.0;Now
03:08:47 02/03/2020;Monday;0.2569;0.2580000000000002;1.0;0.7014271166700071;0.6945791726917822;1.0;0.2580000000000002;12.0;1.0;1.0;0.25733333333333347;12.0;1.0;1.0;0.2575000000000002;12.0;1.0;Now
08:43:13 02/03/2020;Monday;0.2562;0.2570000000000002;1.0;0.7021395872616782;0.7099960318681666;1.0;0.2570000000000002;12.0;1.0;1.0;0.2570000000000002;12.0;1.0;1.0;0.2570000000000002;12.0;1.0;Now
08:44:11 02/03/2020;Monday;0.2562;0.2570000000000002;1.0;0.7021395872616782;0.7099960318681666;1.0;0.2570000000000002;12.0;1.0;1.0;0.2570000000000002;12.0;1.0;1.0;0.2570000000000002;12.0;1.0;Now
15:16:36 02/03/2020;Monday;0.256;0.2570000000000002;1.0;0.7021395872616782;0.7099960318681666;1.0;0.2570000000000002;12.0;1.0;1.0;0.2565000000000002;12.0;1.0;1.0;0.2570000000000002;12.0;1.0;Now
22:48:45 02/03/2020;Monday;0.2555;0.25600000000000017;1.0;0.702851335632223;0.7253972631975505;1.0;0.25600000000000017;12.0;1.0;1.0;0.25600000000000017;12.0;1.0;1.0;0.25600000000000017;12.0;1.0;Now
04:57:30 03/03/2020;Tuesday;0.2544;0.25600000000000017;1.0;0.702851335632223;0.7253972631975505;1.0;0.25600000000000017;12.0;1.0;1.0;0.25533333333333347;12.0;1.0;1.0;0.25600000000000017;12.0;1.0;Now
11:05:58 03/03/2020;Tuesday;0.2541;0.25500000000000017;1.0;0.7035623639735143;0.7407829141089732;1.0;0.25500000000000017;12.0;1.0;1.0;0.25500000000000017;12.0;1.0;1.0;0.25500000000000017;12.0;1.0;Now
15:42:18 03/03/2020;Tuesday;0.2539;0.25500000000000017;1.0;0.7035623639735143;0.7407829141089732;1.0;0.25500000000000017;12.0;1.0;1.0;0.2546666666666668;12.0;1.0;1.0;0.25500000000000017;12.0;1.0;Now
21:42:50 03/03/2020;Tuesday;0.2536;0.25500000000000017;1.0;0.7035623639735143;0.7407829141089732;1.0;0.25500000000000017;12.0;1.0;1.0;0.2543333333333335;12.0;1.0;1.0;0.25500000000000017;12.0;1.0;Now
03:33:42 04/03/2020;Wednesday;0.2526;0.25400000000000017;1.0;0.7042726744663602;0.7561530317920451;1.0;0.25400000000000017;12.0;1.0;1.0;0.2536666666666669;12.0;1.0;1.0;0.25400000000000017;12.0;1.0;Now
08:44:30 04/03/2020;Wednesday;0.252;0.25400000000000017;1.0;0.7042726744663602;0.7561530317920451;1.0;0.25400000000000017;12.0;1.0;1.0;0.25300000000000017;12.0;1.0;1.0;0.25350000000000017;12.0;1.0;Now
13:20:36 04/03/2020;Wednesday;0.2518;0.25300000000000017;1.0;0.7049822692805826;0.7715076631986549;1.0;0.25300000000000017;12.0;1.0;1.0;0.2523333333333335;12.0;1.0;1.0;0.25300000000000017;12.0;1.0;Now
19:46:12 04/03/2020;Wednesday;0.2512;0.25200000000000017;1.0;0.7056911505750939;0.7868468550446232;1.0;0.25200000000000017;12.0;1.0;1.0;0.25200000000000017;12.0;1.0;1.0;0.25200000000000017;12.0;1.0;Now
01:04:08 05/03/2020;Thursday;0.2503;0.25200000000000017;1.0;0.7056911505750939;0.7868468550446232;1.0;0.25200000000000017;12.0;1.0;1.0;0.25150000000000017;12.0;1.0;1.0;0.25200000000000017;12.0;1.0;Now
08:28:04 05/03/2020;Thursday;0.2494;0.25100000000000017;1.0;0.7063993204979743;0.8021706538113761;1.0;0.25100000000000017;12.0;1.0;1.0;0.25050000000000017;12.0;1.0;1.0;0.25100000000000017;12.0;1.0;Now
14:45:09 05/03/2020;Thursday;0.2488;0.25000000000000017;1.0;0.7071067811865475;0.8174791057475866;1.0;0.25000000000000017;12.0;1.0;1.0;0.24950000000000017;12.0;1.0;1.0;0.25000000000000017;12.0;1.0;Now
21:26:47 05/03/2020;Thursday;0.2481;0.2490000000000002;1.0;0.7078135347674553;0.8327722568707867;1.0;0.2490000000000002;12.0;1.0;1.0;0.2490000000000002;12.0;1.0;1.0;0.2490000000000002;12.0;1.0;Now
04:17:47 06/03/2020;Friday;0.2474;0.2490000000000002;1.0;0.7078135347674553;0.8327722568707867;1.0;0.2490000000000002;12.0;1.0;1.0;0.24866666666666684;12.0;1.0;1.0;0.2490000000000002;12.0;1.0;Now
08:53:15 06/03/2020;Friday;0.2475;0.2490000000000002;1.0;0.7078135347674553;0.8327722568707867;1.0;0.2490000000000002;12.0;1.0;1.0;0.24833333333333352;12.0;1.0;1.0;0.2490000000000002;12.0;1.0;Now
15:44:18 06/03/2020;Friday;0.2474;0.2480000000000002;1.0;0.7085195833567339;0.8480501529690125;1.0;0.2480000000000002;12.0;1.0;1.0;0.2480000000000002;12.0;1.0;1.0;0.2480000000000002;12.0;1.0;Now
20:20:50 06/03/2020;Friday;0.2475;0.2480000000000002;1.0;0.7085195833567339;0.8480501529690125;1.0;0.2480000000000002;12.0;1.0;1.0;0.2480000000000002;12.0;1.0;1.0;0.2480000000000002;12.0;1.0;Now
00:57:32 07/03/2020;Saturday;0.2476;0.2480000000000002;1.0;0.7085195833567339;0.8480501529690125;1.0;0.2480000000000002;12.0;1.0;1.0;0.2480000000000002;12.0;1.0;1.0;0.2480000000000002;12.0;1.0;Now
07:13:40 07/03/2020;Saturday;0.2474;0.2480000000000002;1.0;0.7085195833567339;0.8480501529690125;1.0;0.2480000000000002;12.0;1.0;1.0;0.2480000000000002;12.0;1.0;1.0;0.2480000000000002;12.0;1.0;Now
14:46:26 07/03/2020;Saturday;0.2469;0.2480000000000002;1.0;0.7085195833567339;0.8480501529690125;1.0;0.2480000000000002;12.0;1.0;1.0;0.2475000000000002;12.0;1.0;1.0;0.2480000000000002;12.0;1.0;Now
00:40:15 08/03/2020;Sunday;0.2468;0.2470000000000002;1.0;0.7092249290598857;0.8633128396023686;1.0;0.2470000000000002;12.0;1.0;1.0;0.2470000000000002;12.0;1.0;1.0;0.2470000000000002;12.0;1.0;Now
11:50:26 08/03/2020;Sunday;0.2463;0.2470000000000002;1.0;0.7092249290598857;0.8633128396023686;1.0;0.2470000000000002;12.0;1.0;1.0;0.2470000000000002;12.0;1.0;1.0;0.2470000000000002;12.0;1.0;Now
18:32:32 08/03/2020;Sunday;0.2459;0.2470000000000002;1.0;0.7092249290598857;0.8633128396023686;1.0;0.2470000000000002;12.0;1.0;1.0;0.2465000000000002;12.0;1.0;1.0;0.2470000000000002;12.0;1.0;Now
04:10:43 09/03/2020;Monday;0.2458;0.2460000000000002;1.0;0.7099295739719538;0.8785603621046372;1.0;0.2460000000000002;12.0;1.0;1.0;0.2460000000000002;12.0;1.0;1.0;0.2460000000000002;12.0;1.0;Now
10:10:24 09/03/2020;Monday;0.2457;0.2460000000000002;1.0;0.7099295739719538;0.8785603621046372;0.8845138888888889;0.2460000000000002;10.614166666666666;0.8845138888888889;1.0;0.2465000000000002;12.0;1.0;0.8845138888888889;0.2460000000000002;10.614166666666666;0.8845138888888889;Now
20:47:15 09/03/2020;Monday;0.2462;0.2470000000000002;1.0;0.7092249290598857;0.8633128396023686;1.0;0.2470000000000002;12.0;1.0;1.0;0.2470000000000002;12.0;1.0;1.0;0.2470000000000002;12.0;1.0;Now
04:19:13 10/03/2020;Tuesday;0.246;0.2470000000000002;1.0;0.7092249290598857;0.8633128396023686;1.0;0.2470000000000002;12.0;1.0;1.0;0.24666666666666684;12.0;1.0;1.0;0.2470000000000002;12.0;1.0;Now
10:19:33 10/03/2020;Tuesday;0.2458;0.2460000000000002;1.0;0.7099295739719538;0.8785603621046372;0.459837962962963;0.2460000000000002;5.518055555555556;0.459837962962963;1.0;0.24666666666666684;12.0;1.0;0.459837962962963;0.2460000000000002;5.518055555555556;0.459837962962963;Now
15:50:38 10/03/2020;Tuesday;0.2461;0.2470000000000002;1.0;0.7092249290598857;0.8633128396023686;0.9374768518518518;0.2470000000000002;11.249722222222223;0.9374768518518518;1.0;0.24733333333333352;12.0;1.0;0.9374768518518518;0.2470000000000002;11.249722222222223;0.9374768518518518;Now
20:27:34 10/03/2020;Tuesday;0.2465;0.2470000000000002;1.0;0.7092249290598857;0.8633128396023686;0.5528472222222223;0.2470000000000002;6.634166666666666;0.5528472222222223;1.0;0.2475000000000002;12.0;1.0;0.5528472222222223;0.2470000000000002;6.634166666666666;0.5528472222222223;Now
03:05:37 11/03/2020;Wednesday;0.2475;0.2480000000000002;1.0;0.7085195833567339;0.8480501529690125;0.6058796296296296;0.2480000000000002;7.270555555555555;0.6058796296296296;1.0;0.2485000000000002;12.0;1.0;0.6058796296296296;0.2480000000000002;7.270555555555555;0.6058796296296296;Now
10:21:51 11/03/2020;Wednesday;0.2488;0.2490000000000002;1.0;0.7078135347674553;0.8327722568707867;0.5928472222222222;0.2490000000000002;7.114166666666667;0.5928472222222222;1.0;0.25050000000000017;12.0;1.0;0.5928472222222222;0.2490000000000002;7.114166666666667;0.5928472222222222;Now
17:28:42 11/03/2020;Wednesday;0.2517;0.25200000000000017;1.0;0.7056911505750939;0.7868468550446232;0.5120601851851851;0.25200000000000017;6.144722222222223;0.5120601851851851;1.0;0.25300000000000017;12.0;1.0;0.5120601851851851;0.25200000000000017;6.144722222222223;0.5120601851851851;Now
23:37:23 11/03/2020;Wednesday;0.2533;0.25400000000000017;1.0;0.7042726744663602;0.7561530317920451;0.4888425925925926;0.25400000000000017;5.8661111111111115;0.4888425925925926;1.0;0.25450000000000017;12.0;1.0;1.0;0.25450000000000017;12.0;1.0;Now
05:29:21 12/03/2020;Thursday;0.2544;0.25500000000000017;1.0;0.7035623639735143;0.7407829141089732;0.5124074074074074;0.25500000000000017;6.148888888888889;0.5124074074074074;1.0;0.25600000000000017;12.0;1.0;0.5124074074074074;0.25500000000000017;6.148888888888889;0.5124074074074074;Now
11:38:17 12/03/2020;Thursday;0.2561;0.2570000000000002;1.0;0.7021395872616782;0.7099960318681666;0.500625;0.2570000000000002;6.0075;0.500625;1.0;0.2583333333333335;12.0;1.0;0.500625;0.2570000000000002;6.0075;0.500625;Now
17:38:44 12/03/2020;Thursday;0.2579;0.2580000000000002;1.0;0.7014271166700071;0.6945791726917822;0.48886574074074074;0.2580000000000002;5.866388888888889;0.48886574074074074;1.0;0.2590000000000002;12.0;1.0;1.0;0.2590000000000002;12.0;1.0;Now
23:30:43 12/03/2020;Thursday;0.2598;0.2600000000000002;1.0;0.6999999999999998;0.6636983798745413;0.5468518518518518;0.2600000000000002;6.562222222222222;0.5468518518518518;1.0;0.2605000000000002;12.0;1.0;0.5468518518518518;0.2600000000000002;6.562222222222222;0.5468518518518518;Now
06:04:27 13/03/2020;Friday;0.261;0.2610000000000002;1.0;0.6992853494818834;0.6482343501630978;1.0;0.2610000000000002;12.0;1.0;1.0;0.2610000000000002;12.0;1.0;1.0;0.2610000000000002;12.0;1.0;Now
11:48:42 13/03/2020;Friday;0.2608;0.2610000000000002;1.0;0.6992853494818834;0.6482343501630978;1.0;0.2610000000000002;12.0;1.0;1.0;0.2610000000000002;12.0;1.0;1.0;0.2610000000000002;12.0;1.0;Now
17:07:05 13/03/2020;Friday;0.2602;0.2610000000000002;1.0;0.6992853494818834;0.6482343501630978;1.0;0.2610000000000002;12.0;1.0;1.0;0.2610000000000002;12.0;1.0;1.0;0.2610000000000002;12.0;1.0;Now
00:31:24 14/03/2020;Saturday;0.261;0.2610000000000002;1.0;0.6992853494818834;0.6482343501630978;0.464537037037037;0.2610000000000002;4.608611111111111;0.38405092592592593;1.0;0.2616666666666669;12.0;1.0;1.0;0.2615000000000002;12.0;1.0;Now
05:07:55 14/03/2020;Saturday;0.2613;0.2620000000000002;1.0;0.6985699678629191;0.6327545004600009;1.0;0.2620000000000002;12.0;1.0;1.0;0.2620000000000002;12.0;1.0;1.0;0.2620000000000002;12.0;1.0;Now
11:33:27 14/03/2020;Saturday;0.2607;0.2620000000000002;1.0;0.6985699678629191;0.6327545004600009;1.0;0.2620000000000002;12.0;1.0;1.0;0.2615000000000002;12.0;1.0;1.0;0.2620000000000002;12.0;1.0;Now
16:43:06 14/03/2020;Saturday;0.2606;0.2620000000000002;1.0;0.6985699678629191;0.6327545004600009;1.0;0.2620000000000002;12.0;1.0;1.0;0.2613333333333335;12.0;1.0;1.0;0.2613333333333335;12.0;1.0;Now
19:30:26 14/03/2020;Saturday;0.2606;0.2610000000000002;1.0;0.6992853494818834;0.6482343501630978;1.0;0.2610000000000002;12.0;1.0;1.0;0.2610000000000002;12.0;1.0;1.0;0.2610000000000002;12.0;1.0;Now
23:09:38 14/03/2020;Saturday;0.2598;0.2610000000000002;1.0;0.6992853494818834;0.6482343501630978;1.0;0.2610000000000002;12.0;1.0;1.0;0.2610000000000002;12.0;1.0;1.0;0.2610000000000002;12.0;1.0;Now
13:49:27 15/03/2020;Sunday;0.2591;0.2600000000000002;1.0;0.6999999999999998;0.6636983798745413;1.0;0.2600000000000002;12.0;1.0;1.0;0.2600000000000002;12.0;1.0;1.0;0.2600000000000002;12.0;1.0;Now
20:40:03 15/03/2020;Sunday;0.258;0.2600000000000002;1.0;0.6999999999999998;0.6636983798745413;1.0;0.2600000000000002;12.0;1.0;1.0;0.2590000000000002;12.0;1.0;1.0;0.2590000000000002;12.0;1.0;Now
01:58:30 16/03/2020;Monday;0.2568;0.2580000000000002;1.0;0.7014271166700071;0.6945791726917822;1.0;0.2580000000000002;12.0;1.0;1.0;0.2580000000000002;12.0;1.0;1.0;0.2580000000000002;12.0;1.0;Now
08:50:21 16/03/2020;Monday;0.2572;0.2580000000000002;1.0;0.7014271166700071;0.6945791726917822;1.0;0.2580000000000002;12.0;1.0;1.0;0.2580000000000002;12.0;1.0;1.0;0.2580000000000002;12.0;1.0;Now
15:15:36 16/03/2020;Monday;0.2575;0.2580000000000002;1.0;0.7014271166700071;0.6945791726917822;0.6159722222222223;0.2580000000000002;7.391666666666667;0.6159722222222223;1.0;0.2585000000000002;12.0;1.0;0.6159722222222223;0.2580000000000002;7.391666666666667;0.6159722222222223;Now
22:39:06 16/03/2020;Monday;0.2586;0.2590000000000002;1.0;0.7007139216541939;0.6791466379982416;0.5009259259259259;0.2590000000000002;6.011111111111111;0.5009259259259259;1.0;0.2595000000000002;12.0;1.0;0.5009259259259259;0.2590000000000002;6.011111111111111;0.5009259259259259;Now
04:39:46 17/03/2020;Tuesday;0.2596;0.2600000000000002;1.0;0.6999999999999998;0.6636983798745413;0.6291435185185185;0.2600000000000002;7.549722222222222;0.6291435185185185;1.0;0.2605000000000002;12.0;1.0;0.6291435185185185;0.2600000000000002;7.549722222222222;0.6291435185185185;Now
12:12:45 17/03/2020;Tuesday;0.2607;0.2610000000000002;1.0;0.6992853494818834;0.6482343501630978;1.0;0.2610000000000002;12.0;1.0;1.0;0.2610000000000002;12.0;1.0;1.0;0.2610000000000002;12.0;1.0;Now
18:05:21 17/03/2020;Tuesday;0.2606;0.2610000000000002;1.0;0.6992853494818834;0.6482343501630978;1.0;0.2610000000000002;12.0;1.0;1.0;0.2610000000000002;12.0;1.0;1.0;0.2610000000000002;12.0;1.0;Now
00:55:51 18/03/2020;Wednesday;0.2605;0.2610000000000002;1.0;0.6992853494818834;0.6482343501630978;1.0;0.2610000000000002;12.0;1.0;1.0;0.2610000000000002;12.0;1.0;1.0;0.2610000000000002;12.0;1.0;Now
07:30:43 18/03/2020;Wednesday;0.2592;0.2610000000000002;1.0;0.6992853494818834;0.6482343501630978;1.0;0.2610000000000002;12.0;1.0;1.0;0.2610000000000002;12.0;1.0;1.0;0.2610000000000002;12.0;1.0;Now
20:47:27 18/03/2020;Wednesday;0.2597;0.2600000000000002;1.0;0.6999999999999998;0.6636983798745413;1.0;0.2600000000000002;12.0;1.0;1.0;0.2600000000000002;12.0;1.0;1.0;0.2600000000000002;12.0;1.0;Now
02:23:23 19/03/2020;Thursday;0.26;0.2600000000000002;1.0;0.6999999999999998;0.6636983798745413;1.0;0.2600000000000002;12.0;1.0;1.0;0.2600000000000002;12.0;1.0;1.0;0.2600000000000002;12.0;1.0;Now
08:41:39 19/03/2020;Thursday;0.259;0.2600000000000002;1.0;0.6999999999999998;0.6636983798745413;0.5589814814814815;0.2600000000000002;6.707777777777777;0.5589814814814815;1.0;0.2607500000000002;12.0;1.0;0.9788657407407407;0.2605000000000002;11.74638888888889;0.9788657407407407;Now
12:47:15 19/03/2020;Thursday;0.259;0.2600000000000002;1.0;0.6999999999999998;0.6636983798745413;0.21787037037037038;0.2600000000000002;2.6144444444444446;0.21787037037037038;1.0;0.2610000000000002;12.0;1.0;0.6377546296296296;0.2605000000000002;7.6530555555555555;0.6377546296296296;Now
15:24:07 19/03/2020;Thursday;0.2604;0.2610000000000002;1.0;0.6992853494818834;0.6482343501630978;0.41988425925925926;0.2610000000000002;5.038611111111111;0.41988425925925926;1.0;0.2615000000000002;12.0;1.0;1.0;0.2615000000000002;12.0;1.0;Now
20:26:26 19/03/2020;Thursday;0.262;0.2620000000000002;1.0;0.6985699678629191;0.6327545004600009;0.6179166666666667;0.2620000000000002;7.415;0.6179166666666667;1.0;0.2625000000000002;12.0;1.0;0.6179166666666667;0.2620000000000002;7.415;0.6179166666666667;Now
03:51:20 20/03/2020;Friday;0.2625;0.2630000000000002;1.0;0.6978538528947159;0.6172587821132338;1.0;0.2630000000000002;12.0;1.0;1.0;0.2630000000000002;12.0;1.0;1.0;0.2630000000000002;12.0;1.0;Now
09:01:15 20/03/2020;Friday;0.2614;0.2630000000000002;1.0;0.6978538528947159;0.6172587821132338;1.0;0.2630000000000002;12.0;1.0;1.0;0.2626666666666668;12.0;1.0;1.0;0.2630000000000002;12.0;1.0;Now
14:28:48 20/03/2020;Friday;0.2609;0.2630000000000002;1.0;0.6978538528947159;0.6172587821132338;1.0;0.2630000000000002;12.0;1.0;1.0;0.26233333333333353;12.0;1.0;1.0;0.2630000000000002;12.0;1.0;Now
19:38:48 20/03/2020;Friday;0.2618;0.2620000000000002;1.0;0.6985699678629191;0.6327545004600009;0.8974537037037037;0.2620000000000002;10.769444444444444;0.8974537037037037;1.0;0.2626666666666668;12.0;1.0;0.8974537037037037;0.2620000000000002;10.769444444444444;0.8974537037037037;Now
00:41:20 21/03/2020;Saturday;0.2619;0.2620000000000002;1.0;0.6985699678629191;0.6327545004600009;0.47726851851851854;0.2620000000000002;5.727222222222222;0.47726851851851854;1.0;0.2636666666666669;12.0;1.0;0.47726851851851854;0.2620000000000002;5.727222222222222;0.47726851851851854;Now
06:24:58 21/03/2020;Saturday;0.2634;0.2640000000000002;1.0;0.6971370023173349;0.601747146220907;0.4547453703703704;0.2640000000000002;5.456944444444445;0.4547453703703704;1.0;0.2646666666666668;12.0;1.0;1.0;0.2645000000000002;12.0;1.0;Now
11:52:23 21/03/2020;Saturday;0.2648;0.2650000000000002;1.0;0.6964194138592058;0.5862195436294422;1.0;0.2650000000000002;12.0;1.0;1.0;0.2650000000000002;12.0;1.0;1.0;0.2650000000000002;12.0;1.0;Now
18:10:27 21/03/2020;Saturday;0.2647;0.2650000000000002;1.0;0.6964194138592058;0.5862195436294422;1.0;0.2650000000000002;12.0;1.0;1.0;0.2650000000000002;12.0;1.0;1.0;0.2650000000000002;12.0;1.0;Now
23:37:39 21/03/2020;Saturday;0.2639;0.2650000000000002;1.0;0.6964194138592058;0.5862195436294422;1.0;0.2650000000000002;12.0;1.0;1.0;0.2650000000000002;12.0;1.0;1.0;0.2650000000000002;12.0;1.0;Now
05:37:54 22/03/2020;Sunday;0.2627;0.2650000000000002;1.0;0.6964194138592058;0.5862195436294422;1.0;0.2650000000000002;12.0;1.0;1.0;0.2640000000000002;12.0;1.0;1.0;0.2650000000000002;12.0;1.0;Now
12:37:42 22/03/2020;Sunday;0.2621;0.2630000000000002;1.0;0.6978538528947159;0.6172587821132338;1.0;0.2630000000000002;12.0;1.0;1.0;0.2630000000000002;12.0;1.0;1.0;0.2630000000000002;12.0;1.0;Now
17:39:33 22/03/2020;Sunday;0.2615;0.2630000000000002;1.0;0.6978538528947159;0.6172587821132338;1.0;0.2630000000000002;12.0;1.0;1.0;0.2627500000000002;12.0;1.0;1.0;0.2630000000000002;12.0;1.0;Now
21:44:56 22/03/2020;Sunday;0.2615;0.2630000000000002;1.0;0.6978538528947159;0.6172587821132338;1.0;0.2630000000000002;12.0;1.0;1.0;0.2626666666666668;12.0;1.0;1.0;0.2630000000000002;12.0;1.0;Now
22:49:21 22/03/2020;Sunday;0.2609;0.2630000000000002;1.0;0.6978538528947159;0.6172587821132338;1.0;0.2630000000000002;12.0;1.0;1.0;0.2625000000000002;12.0;1.0;1.0;0.2630000000000002;12.0;1.0;Now
04:49:53 23/03/2020;Monday;0.2601;0.2620000000000002;1.0;0.6985699678629191;0.6327545004600009;1.0;0.2620000000000002;12.0;1.0;1.0;0.2615000000000002;12.0;1.0;1.0;0.2620000000000002;12.0;1.0;Now
11:16:33 23/03/2020;Monday;0.2595;0.2610000000000002;1.0;0.6992853494818834;0.6482343501630978;1.0;0.2610000000000002;12.0;1.0;1.0;0.2603333333333335;12.0;1.0;1.0;0.2610000000000002;12.0;1.0;Now
16:52:04 23/03/2020;Monday;0.2594;0.2600000000000002;1.0;0.6999999999999998;0.6636983798745413;1.0;0.2600000000000002;12.0;1.0;1.0;0.2600000000000002;12.0;1.0;1.0;0.2600000000000002;12.0;1.0;Now
22:18:57 23/03/2020;Monday;0.2597;0.2600000000000002;1.0;0.6999999999999998;0.6636983798745413;1.0;0.2600000000000002;12.0;1.0;1.0;0.2600000000000002;12.0;1.0;1.0;0.2600000000000002;12.0;1.0;Now
02:55:13 24/03/2020;Tuesday;0.2593;0.2600000000000002;1.0;0.6999999999999998;0.6636983798745413;1.0;0.2600000000000002;12.0;1.0;1.0;0.2600000000000002;12.0;1.0;1.0;0.2600000000000002;12.0;1.0;Now
09:22:05 24/03/2020;Tuesday;0.2588;0.2600000000000002;1.0;0.6999999999999998;0.6636983798745413;1.0;0.2600000000000002;12.0;1.0;1.0;0.2596666666666669;12.0;1.0;1.0;0.2600000000000002;12.0;1.0;Now
15:05:50 24/03/2020;Tuesday;0.259;0.2590000000000002;1.0;0.7007139216541939;0.6791466379982416;0.5570833333333334;0.2590000000000002;5.286388888888889;0.4405324074074074;1.0;0.2596666666666669;12.0;1.0;0.5570833333333334;0.2590000000000002;5.286388888888889;0.4405324074074074;Now
20:23:01 24/03/2020;Tuesday;0.2591;0.2600000000000002;1.0;0.6999999999999998;0.6636983798745413;1.0;0.2600000000000002;12.0;1.0;1.0;0.2600000000000002;12.0;1.0;1.0;0.2600000000000002;12.0;1.0;Now
01:41:55 25/03/2020;Wednesday;0.2588;0.2600000000000002;1.0;0.6999999999999998;0.6636983798745413;1.0;0.2600000000000002;12.0;1.0;1.0;0.2596666666666669;12.0;1.0;1.0;0.2600000000000002;12.0;1.0;Now
06:18:59 25/03/2020;Wednesday;0.2587;0.2600000000000002;1.0;0.6999999999999998;0.6636983798745413;1.0;0.2600000000000002;12.0;1.0;1.0;0.2595000000000002;12.0;1.0;1.0;0.2595000000000002;12.0;1.0;Now
11:28:47 25/03/2020;Wednesday;0.2581;0.2590000000000002;1.0;0.7007139216541939;0.6791466379982416;1.0;0.2590000000000002;12.0;1.0;1.0;0.2590000000000002;12.0;1.0;1.0;0.2590000000000002;12.0;1.0;Now
18:49:24 25/03/2020;Wednesday;0.2582;0.2590000000000002;1.0;0.7007139216541939;0.6791466379982416;1.0;0.2590000000000002;12.0;1.0;1.0;0.2590000000000002;12.0;1.0;1.0;0.2590000000000002;12.0;1.0;Now
01:32:06 26/03/2020;Thursday;0.2577;0.2590000000000002;1.0;0.7007139216541939;0.6791466379982416;1.0;0.2590000000000002;12.0;1.0;1.0;0.2586666666666668;12.0;1.0;1.0;0.2590000000000002;12.0;1.0;Now
06:16:29 26/03/2020;Thursday;0.2572;0.2590000000000002;1.0;0.7007139216541939;0.6791466379982416;1.0;0.2590000000000002;12.0;1.0;1.0;0.2585000000000002;12.0;1.0;1.0;0.2585000000000002;12.0;1.0;Now
12:00:26 26/03/2020;Thursday;0.2564;0.2580000000000002;1.0;0.7014271166700071;0.6945791726917822;1.0;0.2580000000000002;12.0;1.0;1.0;0.25725000000000015;12.0;1.0;1.0;0.2580000000000002;12.0;1.0;Now
18:34:16 26/03/2020;Thursday;0.255;0.2570000000000002;1.0;0.7021395872616782;0.7099960318681666;1.0;0.2570000000000002;12.0;1.0;1.0;0.2570000000000002;12.0;1.0;1.0;0.2570000000000002;12.0;1.0;Now
21:08:32 26/03/2020;Thursday;0.255;0.2570000000000002;1.0;0.7021395872616782;0.7099960318681666;1.0;0.2570000000000002;12.0;1.0;1.0;0.2563333333333335;12.0;1.0;1.0;0.2570000000000002;12.0;1.0;Now
23:36:04 26/03/2020;Thursday;0.2538;0.2570000000000002;1.0;0.7021395872616782;0.7099960318681666;1.0;0.2570000000000002;12.0;1.0;1.0;0.25600000000000017;12.0;1.0;1.0;0.2570000000000002;12.0;1.0;Now
06:44:19 27/03/2020;Friday;0.252;0.25500000000000017;1.0;0.7035623639735143;0.7407829141089732;1.0;0.25500000000000017;12.0;1.0;1.0;0.25350000000000017;12.0;1.0;1.0;0.25500000000000017;12.0;1.0;Now
18:02:41 27/03/2020;Friday;0.251;0.25200000000000017;1.0;0.7056911505750939;0.7868468550446232;1.0;0.25200000000000017;12.0;1.0;1.0;0.25133333333333346;12.0;1.0;1.0;0.25200000000000017;12.0;1.0;Now
23:04:41 27/03/2020;Friday;0.2501;0.25100000000000017;1.0;0.7063993204979743;0.8021706538113761;1.0;0.25100000000000017;12.0;1.0;1.0;0.25100000000000017;12.0;1.0;1.0;0.25100000000000017;12.0;1.0;Now
03:41:17 28/03/2020;Saturday;0.2495;0.25100000000000017;1.0;0.7063993204979743;0.8021706538113761;1.0;0.25100000000000017;12.0;1.0;1.0;0.2506666666666668;12.0;1.0;1.0;0.25100000000000017;12.0;1.0;Now
08:25:59 28/03/2020;Saturday;0.2482;0.25100000000000017;1.0;0.7063993204979743;0.8021706538113761;1.0;0.25100000000000017;12.0;1.0;1.0;0.25050000000000017;12.0;1.0;1.0;0.25100000000000017;12.0;1.0;Now
15:24:59 28/03/2020;Saturday;0.2467;0.25000000000000017;1.0;0.7071067811865475;0.8174791057475866;1.0;0.25000000000000017;12.0;1.0;1.0;0.24850000000000017;12.0;1.0;1.0;0.25000000000000017;12.0;1.0;Now
21:51:02 28/03/2020;Saturday;0.2458;0.2470000000000002;1.0;0.7092249290598857;0.8633128396023686;1.0;0.2470000000000002;12.0;1.0;1.0;0.2465000000000002;12.0;1.0;1.0;0.2470000000000002;12.0;1.0;Now
04:33:18 29/03/2020;Sunday;0.2452;0.2460000000000002;1.0;0.7099295739719538;0.8785603621046372;1.0;0.2460000000000002;12.0;1.0;1.0;0.2460000000000002;12.0;1.0;1.0;0.2460000000000002;12.0;1.0;Now
10:42:24 29/03/2020;Sunday;0.2443;0.2460000000000002;1.0;0.7099295739719538;0.8785603621046372;1.0;0.2460000000000002;12.0;1.0;1.0;0.24566666666666684;12.0;1.0;1.0;0.2460000000000002;12.0;1.0;Now
15:43:47 29/03/2020;Sunday;0.2437;0.2460000000000002;1.0;0.7099295739719538;0.8785603621046372;1.0;0.2460000000000002;12.0;1.0;1.0;0.2450000000000002;12.0;1.0;1.0;0.2460000000000002;12.0;1.0;Now
21:28:19 29/03/2020;Sunday;0.2435;0.2450000000000002;1.0;0.7106335201775946;0.8937927655848424;1.0;0.2450000000000002;12.0;1.0;1.0;0.2443333333333335;12.0;1.0;1.0;0.2450000000000002;12.0;1.0;Now
03:03:16 30/03/2020;Monday;0.243;0.2440000000000002;1.0;0.7113367697511495;0.9090100949288049;1.0;0.2440000000000002;12.0;1.0;1.0;0.24366666666666684;12.0;1.0;1.0;0.2440000000000002;12.0;1.0;Now
08:38:42 30/03/2020;Monday;0.2421;0.2440000000000002;1.0;0.7113367697511495;0.9090100949288049;1.0;0.2440000000000002;12.0;1.0;1.0;0.2433333333333335;12.0;1.0;1.0;0.2435000000000002;12.0;1.0;Now
11:34:50 30/03/2020;Monday;0.2421;0.2430000000000002;1.0;0.7120393247567158;0.9242123948006858;1.0;0.2430000000000002;12.0;1.0;1.0;0.2430000000000002;12.0;1.0;1.0;0.2430000000000002;12.0;1.0;Now
20:14:06 30/03/2020;Monday;0.2426;0.2430000000000002;1.0;0.7120393247567158;0.9242123948006858;1.0;0.2430000000000002;12.0;1.0;1.0;0.2430000000000002;12.0;1.0;1.0;0.2430000000000002;12.0;1.0;Now
01:41:26 31/03/2020;Tuesday;0.2424;0.2430000000000002;1.0;0.7120393247567158;0.9242123948006858;1.0;0.2430000000000002;12.0;1.0;1.0;0.2430000000000002;12.0;1.0;1.0;0.2430000000000002;12.0;1.0;Now
08:40:50 31/03/2020;Tuesday;0.2418;0.2430000000000002;1.0;0.7120393247567158;0.9242123948006858;1.0;0.2430000000000002;12.0;1.0;1.0;0.2425000000000002;12.0;1.0;1.0;0.2425000000000002;12.0;1.0;Now
14:24:13 31/03/2020;Tuesday;0.2419;0.2420000000000002;1.0;0.7127411872482183;0.9393997096445177;;;;;;;;;;;;;Now
21:26:40 31/03/2020;Tuesday;0.2416;0.2420000000000002;1.0;0.7127411872482183;0.9393997096445177;;;;;;;;;;;;;Now
