21:38:47 31/12/2019;0.242;;;;;;;
04:37:58 01/01/2020;0.2411;;;;;;;
09:56:19 01/01/2020;0.2408;0.2420000000000002;1.0;0.7127411872482183;0.2420000000000002;12.0;0.2420000000000002;12.0
17:28:39 01/01/2020;0.2398;0.2410000000000002;1.0;0.7134423592694786;0.2410000000000002;12.0;0.2410000000000002;12.0
22:30:07 01/01/2020;0.2386;0.24000000000000019;1.0;0.7141428428542849;0.24000000000000019;12.0;0.24000000000000019;12.0
04:13:07 02/01/2020;0.2377;0.24000000000000019;1.0;0.7141428428542849;0.24000000000000019;12.0;0.24000000000000019;12.0
09:57:02 02/01/2020;0.2372;0.23900000000000018;1.0;0.7148426400264605;0.23900000000000018;12.0;0.23900000000000018;12.0
15:15:45 02/01/2020;0.2381;0.23900000000000018;1.0;0.7148426400264605;0.23900000000000018;12.0;0.23900000000000018;12.0
22:31:33 02/01/2020;0.2379;0.23900000000000018;1.0;0.7148426400264605;0.23900000000000018;12.0;0.23900000000000018;12.0
05:55:20 03/01/2020;0.2376;0.23800000000000018;1.0;0.7155417527999326;0.23800000000000018;12.0;0.23800000000000018;12.0
12:11:42 03/01/2020;0.2372;0.23800000000000018;1.0;0.7155417527999326;0.23800000000000018;12.0;0.23800000000000018;12.0
19:10:21 03/01/2020;0.2369;0.23800000000000018;1.0;0.7155417527999326;0.23800000000000018;12.0;0.23800000000000018;12.0
23:52:00 03/01/2020;0.2369;0.23800000000000018;1.0;0.7155417527999326;0.23800000000000018;12.0;0.23800000000000018;12.0
11:46:56 04/01/2020;0.2373;0.23800000000000018;1.0;0.7155417527999326;0.23800000000000018;12.0;0.23800000000000018;12.0
17:38:58 04/01/2020;0.2366;0.23800000000000018;1.0;0.7155417527999326;0.23800000000000018;12.0;0.23800000000000018;12.0
00:54:14 05/01/2020;0.2375;0.23800000000000018;1.0;0.7155417527999326;0.23800000000000018;12.0;0.23800000000000018;12.0
07:28:29 05/01/2020;0.2378;0.23800000000000018;1.0;0.7155417527999326;0.23800000000000018;12.0;0.23800000000000018;12.0
14:01:52 05/01/2020;0.238;0.23800000000000018;1.0;0.7155417527999326;0.23800000000000018;5.7316666666666665;0.23800000000000018;5.7316666666666665
19:45:46 05/01/2020;0.2388;0.23900000000000018;1.0;0.7148426400264605;0.23900000000000018;5.5808333333333335;0.23950000000000018;12.0
01:20:37 06/01/2020;0.2394;0.24000000000000019;1.0;0.7141428428542849;0.24000000000000019;12.0;0.24000000000000019;12.0
08:18:51 06/01/2020;0.239;0.24000000000000019;1.0;0.7141428428542849;0.24000000000000019;12.0;0.24000000000000019;12.0
18:07:59 06/01/2020;0.239;0.23900000000000018;1.0;0.7148426400264605;0.23900000000000018;3.0319444444444446;0.23950000000000018;12.0
21:09:54 06/01/2020;0.2397;0.24000000000000019;1.0;0.7141428428542849;0.24000000000000019;12.0;0.24000000000000019;12.0
03:18:45 07/01/2020;0.24;0.24000000000000019;1.0;0.7141428428542849;0.24000000000000019;7.113333333333333;0.24000000000000019;7.113333333333333
10:25:33 07/01/2020;0.241;0.2410000000000002;1.0;0.7134423592694786;0.2410000000000002;4.739444444444445;0.2415000000000002;12.0
15:09:55 07/01/2020;0.2411;0.2420000000000002;1.0;0.7127411872482183;0.2420000000000002;12.0;0.2420000000000002;12.0
04:26:17 08/01/2020;0.242;0.2420000000000002;1.0;0.7127411872482183;0.2420000000000002;12.0;0.2420000000000002;12.0
11:24:36 08/01/2020;0.2417;0.2420000000000002;1.0;0.7127411872482183;0.2420000000000002;5.298333333333333;0.2420000000000002;5.298333333333333
16:42:30 08/01/2020;0.2421;0.2430000000000002;1.0;0.7120393247567158;0.2430000000000002;6.709444444444444;0.2430000000000002;6.709444444444444
22:35:35 08/01/2020;0.2421;0.2430000000000002;1.0;0.7120393247567158;0.2430000000000002;0.8247222222222222;0.2435000000000002;8.085
23:25:04 08/01/2020;0.2436;0.2440000000000002;1.0;0.7113367697511495;0.2440000000000002;7.260277777777778;0.2440000000000002;7.260277777777778
06:40:41 09/01/2020;0.2451;0.2460000000000002;1.0;0.7099295739719538;0.2460000000000002;5.725;0.2465000000000002;12.0
12:24:11 09/01/2020;0.2466;0.2470000000000002;1.0;0.7092249290598857;0.2470000000000002;6.278333333333333;0.2470000000000002;6.278333333333333
18:40:53 09/01/2020;0.2485;0.2490000000000002;1.0;0.7078135347674553;0.2490000000000002;7.112222222222222;0.2490000000000002;7.112222222222222
01:47:37 10/01/2020;0.2511;0.25200000000000017;1.0;0.7056911505750939;0.25200000000000017;7.398888888888889;0.25200000000000017;7.398888888888889
09:11:33 10/01/2020;0.2548;0.25500000000000017;1.0;0.7035623639735143;0.25500000000000017;11.310833333333333;0.25500000000000017;11.310833333333333
15:53:39 10/01/2020;0.2549;0.25500000000000017;1.0;0.7035623639735143;0.25500000000000017;4.609166666666667;0.25550000000000017;11.733055555555556
20:30:12 10/01/2020;0.2558;0.25600000000000017;1.0;0.702851335632223;0.25600000000000017;7.123888888888889;0.25600000000000017;7.123888888888889
02:26:59 11/01/2020;0.2558;0.25600000000000017;1.0;0.702851335632223;0.25600000000000017;1.1775;0.2570000000000002;12.0
03:37:38 11/01/2020;0.2571;0.2580000000000002;1.0;0.7014271166700071;0.2580000000000002;12.0;0.2580000000000002;12.0
08:55:49 11/01/2020;0.2574;0.2580000000000002;1.0;0.7014271166700071;0.2580000000000002;12.0;0.2580000000000002;12.0
14:30:49 11/01/2020;0.2578;0.2580000000000002;1.0;0.7014271166700071;0.2580000000000002;11.309166666666666;0.2580000000000002;11.309166666666666
19:49:26 11/01/2020;0.2579;0.2580000000000002;1.0;0.7014271166700071;0.2580000000000002;5.998888888888889;0.2585000000000002;12.0
01:49:22 12/01/2020;0.2583;0.2590000000000002;1.0;0.7007139216541939;0.2590000000000002;12.0;0.2590000000000002;12.0
09:04:49 12/01/2020;0.2585;0.2590000000000002;1.0;0.7007139216541939;0.2590000000000002;12.0;0.2590000000000002;12.0
15:27:02 12/01/2020;0.2585;0.2590000000000002;1.0;0.7007139216541939;0.2590000000000002;6.898055555555556;0.2590000000000002;6.898055555555556
16:12:12 12/01/2020;0.2589;0.2590000000000002;1.0;0.7007139216541939;0.2590000000000002;6.145277777777777;0.2590000000000002;6.145277777777777
22:20:55 12/01/2020;0.2598;0.2600000000000002;1.0;0.6999999999999998;0.2600000000000002;6.128888888888889;0.2600000000000002;6.128888888888889
04:28:39 13/01/2020;0.2618;0.2620000000000002;1.0;0.6985699678629191;0.2620000000000002;6.569444444444445;0.2620000000000002;6.569444444444445
11:02:49 13/01/2020;0.2632;0.2640000000000002;1.0;0.6971370023173349;0.2640000000000002;5.9975;0.2640000000000002;5.9975
17:02:40 13/01/2020;0.2645;0.2650000000000002;1.0;0.6964194138592058;0.2650000000000002;4.891944444444444;0.2655000000000002;12.0
21:56:11 13/01/2020;0.2654;0.2660000000000002;1.0;0.6957010852370433;0.2660000000000002;7.2508333333333335;0.2660000000000002;7.2508333333333335
05:11:14 14/01/2020;0.2669;0.2670000000000002;1.0;0.694982014155762;0.2670000000000002;6.166666666666667;0.2670000000000002;6.166666666666667
11:21:14 14/01/2020;0.2675;0.2680000000000002;1.0;0.6942621983083911;0.2680000000000002;6.788888888888889;0.2680000000000002;6.788888888888889
18:08:34 14/01/2020;0.2692;0.2700000000000002;1.0;0.6928203230275508;0.2700000000000002;5.8869444444444445;0.2720000000000002;12.0
22:09:44 14/01/2020;0.2692;0.2700000000000002;1.0;0.6928203230275508;0.2700000000000002;1.8675;0.2720000000000002;9.018611111111111
00:01:47 15/01/2020;0.2731;0.2740000000000002;1.0;0.6899275324264135;0.2740000000000002;7.151111111111111;0.2740000000000002;7.151111111111111
07:10:51 15/01/2020;0.2787;0.2790000000000002;1.0;0.6862943974709395;0.2790000000000002;9.638055555555555;0.2790000000000002;9.638055555555555
16:49:08 15/01/2020;0.2819;0.2820000000000002;1.0;0.6841052550594826;0.2820000000000002;5.310833333333333;0.2820000000000002;5.310833333333333
22:07:47 15/01/2020;0.2839;0.2840000000000002;1.0;0.6826419266350403;0.2840000000000002;12.0;0.2840000000000002;12.0
03:00:27 16/01/2020;0.2833;0.2840000000000002;1.0;0.6826419266350403;0.2840000000000002;12.0;0.2840000000000002;12.0
08:52:07 16/01/2020;0.2834;0.2840000000000002;1.0;0.6826419266350403;0.2840000000000002;6.9875;0.2840000000000002;6.9875
15:51:22 16/01/2020;0.2841;0.2850000000000002;1.0;0.6819090848492927;0.2850000000000002;5.306111111111111;0.2855000000000002;12.0
21:09:44 16/01/2020;0.2854;0.2860000000000002;1.0;0.6811754546370559;0.2860000000000002;11.596666666666666;0.2860000000000002;11.596666666666666
03:27:23 17/01/2020;0.285;0.2860000000000002;1.0;0.6811754546370559;0.2860000000000002;5.3025;0.2870000000000002;12.0
08:45:32 17/01/2020;0.2872;0.2880000000000002;1.0;0.679705818718657;0.2880000000000002;12.0;0.2880000000000002;12.0
15:02:16 17/01/2020;0.2846;0.2880000000000002;1.0;0.679705818718657;0.2880000000000002;12.0;0.2880000000000002;12.0
20:29:55 17/01/2020;0.286;0.2880000000000002;1.0;0.679705818718657;0.2880000000000002;12.0;0.2880000000000002;12.0
04:01:41 18/01/2020;0.2874;0.2880000000000002;1.0;0.679705818718657;0.2880000000000002;12.0;0.2880000000000002;12.0
10:52:59 18/01/2020;0.2873;0.2880000000000002;1.0;0.679705818718657;0.2880000000000002;12.0;0.2880000000000002;12.0
16:18:59 18/01/2020;0.2862;0.2880000000000002;1.0;0.679705818718657;0.2880000000000002;12.0;0.2880000000000002;12.0
23:34:29 18/01/2020;0.2853;0.2870000000000002;1.0;0.6804410334481599;0.2870000000000002;12.0;0.2865000000000002;12.0
04:52:46 19/01/2020;0.2846;0.2860000000000002;1.0;0.6811754546370559;0.2860000000000002;12.0;0.2860000000000002;12.0
12:00:34 19/01/2020;0.2857;0.2860000000000002;1.0;0.6811754546370559;0.2860000000000002;5.024166666666667;0.2860000000000002;5.024166666666667
17:02:01 19/01/2020;0.2867;0.2870000000000002;1.0;0.6804410334481599;0.2870000000000002;5.167777777777777;0.2880000000000002;12.0
22:12:05 19/01/2020;0.2885;0.2890000000000002;1.0;0.678969807870718;0.2890000000000002;7.396944444444444;0.2890000000000002;7.396944444444444
05:35:54 20/01/2020;0.2923;0.2930000000000002;1.0;0.6760177512462227;0.2930000000000002;9.36;0.2930000000000002;9.36
14:57:30 20/01/2020;0.2944;0.2950000000000002;1.0;0.6745368781616019;0.2950000000000002;12.0;0.2950000000000002;12.0
21:56:09 20/01/2020;0.2943;0.2950000000000002;1.0;0.6745368781616019;0.2950000000000002;6.010833333333333;0.2950000000000002;6.010833333333333
03:56:48 21/01/2020;0.2952;0.2960000000000002;1.0;0.6737952211169205;0.2960000000000002;6.975833333333333;0.2960000000000002;6.975833333333333
10:55:21 21/01/2020;0.2978;0.2980000000000002;1.0;0.6723094525588643;0.2980000000000002;10.967777777777778;0.2980000000000002;10.967777777777778
15:40:40 21/01/2020;0.297;0.2980000000000002;1.0;0.6723094525588643;0.2980000000000002;6.2125;0.2980000000000002;6.2125
21:53:25 21/01/2020;0.2983;0.2990000000000002;1.0;0.6715653356152325;0.2990000000000002;12.0;0.2990000000000002;12.0
03:22:27 22/01/2020;0.2989;0.2990000000000002;1.0;0.6715653356152325;0.2990000000000002;10.625555555555556;0.2990000000000002;10.625555555555556
08:32:25 22/01/2020;0.2978;0.2990000000000002;1.0;0.6715653356152325;0.2990000000000002;5.459444444444444;0.2990000000000002;5.459444444444444
13:59:59 22/01/2020;0.2997;0.3000000000000002;1.0;0.6708203932499367;0.3000000000000002;5.165;0.3000000000000002;5.165
19:09:53 22/01/2020;0.3015;0.3020000000000002;1.0;0.6693280212272603;0.3020000000000002;12.0;0.3020000000000002;12.0
01:02:01 23/01/2020;0.3013;0.3020000000000002;1.0;0.6693280212272603;0.3020000000000002;12.0;0.3020000000000002;12.0
12:36:30 23/01/2020;0.3005;0.3020000000000002;1.0;0.6693280212272603;0.3020000000000002;12.0;0.3020000000000002;12.0
20:00:25 23/01/2020;0.3009;0.3010000000000002;1.0;0.670074622710038;0.3010000000000002;12.0;0.3010000000000002;12.0
01:52:20 24/01/2020;0.3;0.3010000000000002;1.0;0.670074622710038;0.3010000000000002;12.0;0.3010000000000002;12.0
07:27:51 24/01/2020;0.299;0.3010000000000002;1.0;0.670074622710038;0.3010000000000002;12.0;0.3010000000000002;12.0
13:27:30 24/01/2020;0.2982;0.3000000000000002;1.0;0.6708203932499367;0.3000000000000002;12.0;0.2995000000000002;12.0
18:12:18 24/01/2020;0.2973;0.2990000000000002;1.0;0.6715653356152325;0.2990000000000002;12.0;0.2990000000000002;12.0
01:19:32 25/01/2020;0.2989;0.2990000000000002;1.0;0.6715653356152325;0.2990000000000002;12.0;0.2990000000000002;12.0
07:20:00 25/01/2020;0.2963;0.2990000000000002;1.0;0.6715653356152325;0.2990000000000002;12.0;0.2990000000000002;12.0
08:14:07 25/01/2020;0.2963;0.2990000000000002;1.0;0.6715653356152325;0.2990000000000002;12.0;0.2990000000000002;12.0
14:35:17 25/01/2020;0.2947;0.2970000000000002;1.0;0.6730527468185534;0.2970000000000002;12.0;0.2960000000000002;12.0
20:28:08 25/01/2020;0.293;0.2950000000000002;1.0;0.6745368781616019;0.2950000000000002;12.0;0.2950000000000002;12.0
03:17:55 26/01/2020;0.2902;0.2930000000000002;1.0;0.6760177512462227;0.2930000000000002;12.0;0.2930000000000002;12.0
09:26:11 26/01/2020;0.2889;0.2910000000000002;1.0;0.6774953874381727;0.2910000000000002;12.0;0.2910000000000002;12.0
15:26:47 26/01/2020;0.2878;0.2890000000000002;1.0;0.678969807870718;0.2890000000000002;12.0;0.2890000000000002;12.0
21:10:41 26/01/2020;0.285;0.2890000000000002;1.0;0.678969807870718;0.2890000000000002;12.0;0.2890000000000002;12.0
02:11:58 27/01/2020;0.2849;0.2880000000000002;1.0;0.679705818718657;0.2880000000000002;12.0;0.2865000000000002;12.0
07:30:36 27/01/2020;0.2835;0.2850000000000002;1.0;0.6819090848492927;0.2850000000000002;12.0;0.2850000000000002;12.0
14:54:57 27/01/2020;0.2843;0.2850000000000002;1.0;0.6819090848492927;0.2850000000000002;7.5313888888888885;0.2850000000000002;7.5313888888888885
22:26:50 27/01/2020;0.2858;0.2860000000000002;1.0;0.6811754546370559;0.2860000000000002;4.612777777777778;0.2865000000000002;12.0
03:03:36 28/01/2020;0.2861;0.2870000000000002;1.0;0.6804410334481599;0.2870000000000002;12.0;0.2870000000000002;12.0
08:38:57 28/01/2020;0.2849;0.2870000000000002;1.0;0.6804410334481599;0.2870000000000002;12.0;0.2870000000000002;12.0
14:22:59 28/01/2020;0.2866;0.2870000000000002;1.0;0.6804410334481599;0.2870000000000002;10.613333333333333;0.2870000000000002;10.613333333333333
19:57:24 28/01/2020;0.2869;0.2870000000000002;1.0;0.6804410334481599;0.2870000000000002;5.039722222222222;0.2870000000000002;5.039722222222222
00:59:47 29/01/2020;0.2874;0.2880000000000002;1.0;0.679705818718657;0.2880000000000002;12.0;0.2880000000000002;12.0
06:01:33 29/01/2020;0.2857;0.2880000000000002;1.0;0.679705818718657;0.2880000000000002;12.0;0.2880000000000002;12.0
13:25:18 29/01/2020;0.286;0.2860000000000002;1.0;0.6811754546370559;0.2860000000000002;12.0;0.2860000000000002;12.0
02:16:26 30/01/2020;0.2854;0.2860000000000002;1.0;0.6811754546370559;0.2860000000000002;12.0;0.2860000000000002;12.0
08:40:56 30/01/2020;0.2844;0.2860000000000002;1.0;0.6811754546370559;0.2860000000000002;12.0;0.2860000000000002;12.0
20:58:57 30/01/2020;0.2832;0.2840000000000002;1.0;0.6826419266350403;0.2840000000000002;12.0;0.2840000000000002;12.0
01:43:43 31/01/2020;0.2829;0.2840000000000002;1.0;0.6826419266350403;0.2840000000000002;12.0;0.2840000000000002;12.0
07:35:11 31/01/2020;0.2817;0.2840000000000002;1.0;0.6826419266350403;0.2840000000000002;12.0;0.2835000000000002;12.0
12:29:06 31/01/2020;0.2813;0.2830000000000002;1.0;0.6833739825307954;0.2830000000000002;12.0;0.2830000000000002;12.0
19:10:41 31/01/2020;0.2801;0.2820000000000002;1.0;0.6841052550594826;0.2820000000000002;12.0;0.2820000000000002;12.0
19:10:41 31/01/2020;0.2801;0.2820000000000002;1.0;0.6841052550594826;0.2820000000000002;12.0;0.2820000000000002;12.0
01:11:37 01/02/2020;0.2795;0.2810000000000002;1.0;0.6848357467305571;0.2810000000000002;12.0;0.2810000000000002;12.0
08:35:33 01/02/2020;0.2781;0.2800000000000002;1.0;0.6855654600401043;0.2800000000000002;12.0;0.2800000000000002;12.0
14:52:18 01/02/2020;0.2791;0.2800000000000002;1.0;0.6855654600401043;0.2800000000000002;12.0;0.2800000000000002;12.0
19:28:55 01/02/2020;0.2792;0.2800000000000002;1.0;0.6855654600401043;0.2800000000000002;12.0;0.2800000000000002;12.0
01:29:11 02/02/2020;0.2786;0.2800000000000002;1.0;0.6855654600401043;0.2800000000000002;12.0;0.2800000000000002;12.0
06:39:39 02/02/2020;0.2781;0.2800000000000002;1.0;0.6855654600401043;0.2800000000000002;12.0;0.2800000000000002;12.0
13:54:32 02/02/2020;0.2775;0.2790000000000002;1.0;0.6862943974709395;0.2790000000000002;12.0;0.2790000000000002;12.0
20:29:19 02/02/2020;0.2776;0.2780000000000002;1.0;0.6870225614927066;0.2780000000000002;12.0;0.2780000000000002;12.0
11:42:54 03/02/2020;0.2774;0.2780000000000002;1.0;0.6870225614927066;0.2780000000000002;12.0;0.2780000000000002;12.0
16:19:10 03/02/2020;0.2775;0.2780000000000002;1.0;0.6870225614927066;0.2780000000000002;12.0;0.2780000000000002;12.0
22:44:39 03/02/2020;0.2774;0.2780000000000002;1.0;0.6870225614927066;0.2780000000000002;6.9783333333333335;0.2780000000000002;6.9783333333333335
05:43:21 04/02/2020;0.2796;0.2800000000000002;1.0;0.6855654600401043;0.2800000000000002;12.0;0.2800000000000002;12.0
10:27:33 04/02/2020;0.2787;0.2800000000000002;1.0;0.6855654600401043;0.2800000000000002;12.0;0.2800000000000002;12.0
16:36:46 04/02/2020;0.2779;0.2800000000000002;1.0;0.6855654600401043;0.2800000000000002;12.0;0.2795000000000002;12.0
21:07:44 04/02/2020;0.2783;0.2790000000000002;1.0;0.6862943974709395;0.2790000000000002;12.0;0.2790000000000002;12.0
03:24:48 05/02/2020;0.2787;0.2790000000000002;1.0;0.6862943974709395;0.2790000000000002;7.1113888888888885;0.2790000000000002;7.1113888888888885
10:31:29 05/02/2020;0.2816;0.2820000000000002;1.0;0.6841052550594826;0.2820000000000002;5.302777777777778;0.2830000000000002;12.0
15:49:39 05/02/2020;0.2832;0.2840000000000002;1.0;0.6826419266350403;0.2840000000000002;12.0;0.2840000000000002;12.0
22:57:03 05/02/2020;0.2838;0.2840000000000002;1.0;0.6826419266350403;0.2840000000000002;4.896944444444444;0.2845000000000002;12.0
03:50:52 06/02/2020;0.285;0.2850000000000002;1.0;0.6819090848492927;0.2850000000000002;12.0;0.2850000000000002;12.0
09:42:30 06/02/2020;0.2847;0.2850000000000002;1.0;0.6819090848492927;0.2850000000000002;6.552777777777778;0.2850000000000002;6.552777777777778
16:15:40 06/02/2020;0.2851;0.2860000000000002;1.0;0.6811754546370559;0.2860000000000002;12.0;0.2860000000000002;12.0
23:45:46 06/02/2020;0.2825;0.2860000000000002;1.0;0.6811754546370559;0.2860000000000002;12.0;0.2845000000000002;12.0
04:55:23 07/02/2020;0.2823;0.2830000000000002;1.0;0.6833739825307954;0.2830000000000002;12.0;0.2830000000000002;12.0
10:56:16 07/02/2020;0.2822;0.2830000000000002;1.0;0.6833739825307954;0.2830000000000002;12.0;0.2830000000000002;12.0
17:12:34 07/02/2020;0.2804;0.2830000000000002;1.0;0.6833739825307954;0.2830000000000002;12.0;0.2830000000000002;12.0
23:21:39 07/02/2020;0.2791;0.2810000000000002;1.0;0.6848357467305571;0.2810000000000002;12.0;0.2810000000000002;12.0
04:48:02 08/02/2020;0.2776;0.2810000000000002;1.0;0.6848357467305571;0.2810000000000002;12.0;0.2805000000000002;12.0
09:41:26 08/02/2020;0.2771;0.2800000000000002;1.0;0.6855654600401043;0.2800000000000002;12.0;0.2800000000000002;12.0
15:00:17 08/02/2020;0.2765;0.2780000000000002;1.0;0.6870225614927066;0.2780000000000002;12.0;0.2780000000000002;12.0
19:25:57 08/02/2020;0.2765;0.2780000000000002;1.0;0.6870225614927066;0.2780000000000002;12.0;0.2780000000000002;12.0
20:01:13 08/02/2020;0.2759;0.2780000000000002;1.0;0.6870225614927066;0.2780000000000002;12.0;0.2780000000000002;12.0
03:08:25 09/02/2020;0.2749;0.2770000000000002;1.0;0.6877499545619759;0.2770000000000002;12.0;0.2770000000000002;12.0
10:16:19 09/02/2020;0.2747;0.2750000000000002;1.0;0.6892024376045109;0.2750000000000002;12.0;0.2750000000000002;12.0
15:00:55 09/02/2020;0.2749;0.2750000000000002;1.0;0.6892024376045109;0.2750000000000002;12.0;0.2750000000000002;12.0
20:02:20 09/02/2020;0.2746;0.2750000000000002;1.0;0.6892024376045109;0.2750000000000002;12.0;0.2750000000000002;12.0
01:46:06 10/02/2020;0.274;0.2750000000000002;1.0;0.6892024376045109;0.2750000000000002;12.0;0.2750000000000002;12.0
06:47:36 10/02/2020;0.2723;0.2750000000000002;1.0;0.6892024376045109;0.2750000000000002;12.0;0.2750000000000002;12.0
13:21:29 10/02/2020;0.273;0.2740000000000002;1.0;0.6899275324264135;0.2740000000000002;12.0;0.2736666666666669;12.0
14:25:58 10/02/2020;0.273;0.2730000000000002;1.0;0.6906518659932802;0.2730000000000002;4.788055555555555;0.2735000000000002;12.0
19:13:15 10/02/2020;0.2731;0.2740000000000002;1.0;0.6899275324264135;0.2740000000000002;12.0;0.2740000000000002;12.0
00:56:24 11/02/2020;0.2722;0.2740000000000002;1.0;0.6899275324264135;0.2740000000000002;12.0;0.2740000000000002;12.0
06:40:31 11/02/2020;0.2709;0.2740000000000002;1.0;0.6899275324264135;0.2740000000000002;12.0;0.2740000000000002;12.0
13:22:28 11/02/2020;0.2719;0.2720000000000002;1.0;0.691375440697744;0.2720000000000002;4.7508333333333335;0.2730000000000002;12.0
18:07:31 11/02/2020;0.2731;0.2740000000000002;1.0;0.6899275324264135;0.2740000000000002;12.0;0.2740000000000002;12.0
01:39:49 12/02/2020;0.2736;0.2740000000000002;1.0;0.6899275324264135;0.2740000000000002;12.0;0.2740000000000002;12.0
07:24:11 12/02/2020;0.2727;0.2740000000000002;1.0;0.6899275324264135;0.2740000000000002;12.0;0.2740000000000002;12.0
14:06:14 12/02/2020;0.2719;0.2730000000000002;1.0;0.6906518659932802;0.2730000000000002;12.0;0.2725000000000002;12.0
19:49:31 12/02/2020;0.2714;0.2720000000000002;1.0;0.691375440697744;0.2720000000000002;7.253888888888889;0.2720000000000002;7.253888888888889
03:04:45 13/02/2020;0.2724;0.2730000000000002;1.0;0.6906518659932802;0.2730000000000002;6.296388888888889;0.2730000000000002;6.296388888888889
09:22:32 13/02/2020;0.2731;0.2740000000000002;1.0;0.6899275324264135;0.2740000000000002;12.0;0.2740000000000002;12.0
16:37:24 13/02/2020;0.2738;0.2740000000000002;1.0;0.6899275324264135;0.2740000000000002;5.029444444444445;0.2745000000000002;12.0
21:39:10 13/02/2020;0.2745;0.2750000000000002;1.0;0.6892024376045109;0.2750000000000002;12.0;0.2750000000000002;12.0
04:29:46 14/02/2020;0.2743;0.2750000000000002;1.0;0.6892024376045109;0.2750000000000002;11.463333333333333;0.2750000000000002;11.463333333333333
09:14:48 14/02/2020;0.2741;0.2750000000000002;1.0;0.6892024376045109;0.2750000000000002;6.712777777777778;0.2760000000000002;11.462222222222222
12:39:44 14/02/2020;0.2741;0.2750000000000002;1.0;0.6892024376045109;0.2750000000000002;3.297222222222222;0.2760000000000002;8.046666666666667
15:57:34 14/02/2020;0.2767;0.2770000000000002;1.0;0.6877499545619759;0.2770000000000002;4.749444444444444;0.2775000000000002;12.0
20:42:32 14/02/2020;0.278;0.2780000000000002;1.0;0.6870225614927066;0.2780000000000002;7.3886111111111115;0.2780000000000002;7.3886111111111115
04:05:51 15/02/2020;0.2787;0.2790000000000002;1.0;0.6862943974709395;0.2790000000000002;12.0;0.2790000000000002;12.0
09:39:56 15/02/2020;0.2777;0.2790000000000002;1.0;0.6862943974709395;0.2790000000000002;12.0;0.2790000000000002;12.0
15:39:59 15/02/2020;0.2764;0.2790000000000002;1.0;0.6862943974709395;0.2790000000000002;12.0;0.2790000000000002;12.0
23:03:29 15/02/2020;0.275;0.2770000000000002;1.0;0.6877499545619759;0.2770000000000002;12.0;0.2770000000000002;12.0
05:03:59 16/02/2020;0.2745;0.2750000000000002;1.0;0.6892024376045109;0.2750000000000002;12.0;0.2750000000000002;12.0
10:48:13 16/02/2020;0.2733;0.2750000000000002;1.0;0.6892024376045109;0.2750000000000002;12.0;0.2750000000000002;12.0
15:32:07 16/02/2020;0.2718;0.2750000000000002;1.0;0.6892024376045109;0.2750000000000002;12.0;0.2750000000000002;12.0
21:32:38 16/02/2020;0.2708;0.2740000000000002;1.0;0.6899275324264135;0.2740000000000002;12.0;0.2730000000000002;12.0
02:59:16 17/02/2020;0.2694;0.2720000000000002;1.0;0.691375440697744;0.2720000000000002;12.0;0.2720000000000002;12.0
09:16:13 17/02/2020;0.2685;0.2710000000000002;1.0;0.6920982589199309;0.2710000000000002;12.0;0.2705000000000002;12.0
12:41:02 17/02/2020;0.2685;0.2700000000000002;1.0;0.6928203230275508;0.2700000000000002;12.0;0.2700000000000002;12.0
14:34:32 17/02/2020;0.2675;0.2700000000000002;1.0;0.6928203230275508;0.2700000000000002;12.0;0.2695000000000002;12.0
19:35:54 17/02/2020;0.2669;0.2690000000000002;1.0;0.6935416353759879;0.2690000000000002;12.0;0.2690000000000002;12.0
03:00:15 18/02/2020;0.2646;0.2670000000000002;1.0;0.694982014155762;0.2670000000000002;12.0;0.2670000000000002;12.0
09:33:51 18/02/2020;0.264;0.2650000000000002;1.0;0.6964194138592058;0.2650000000000002;12.0;0.2650000000000002;12.0
15:34:36 18/02/2020;0.2629;0.2640000000000002;1.0;0.6971370023173349;0.2640000000000002;7.391111111111111;0.2640000000000002;7.391111111111111
22:58:04 18/02/2020;0.2645;0.2650000000000002;1.0;0.6964194138592058;0.2650000000000002;6.425277777777778;0.2650000000000002;6.425277777777778
05:23:35 19/02/2020;0.2656;0.2660000000000002;1.0;0.6957010852370433;0.2660000000000002;12.0;0.2660000000000002;12.0
10:25:17 19/02/2020;0.2657;0.2660000000000002;1.0;0.6957010852370433;0.2660000000000002;12.0;0.2660000000000002;12.0
17:16:13 19/02/2020;0.2658;0.2660000000000002;1.0;0.6957010852370433;0.2660000000000002;7.193888888888889;0.2660000000000002;7.193888888888889
23:56:12 19/02/2020;0.2658;0.2660000000000002;1.0;0.6957010852370433;0.2660000000000002;0.5275;0.2685000000000002;7.506666666666667
00:27:51 20/02/2020;0.2709;0.2710000000000002;1.0;0.6920982589199309;0.2710000000000002;6.979166666666667;0.2710000000000002;6.979166666666667
07:26:36 20/02/2020;0.2713;0.2720000000000002;1.0;0.691375440697744;0.2720000000000002;6.840833333333333;0.2720000000000002;6.840833333333333
14:17:03 20/02/2020;0.2723;0.2730000000000002;1.0;0.6906518659932802;0.2730000000000002;11.588888888888889;0.2730000000000002;11.588888888888889
20:00:10 20/02/2020;0.2727;0.2730000000000002;1.0;0.6906518659932802;0.2730000000000002;5.870277777777778;0.2736666666666669;10.62
22:07:18 20/02/2020;0.2727;0.2730000000000002;1.0;0.6906518659932802;0.2730000000000002;3.751388888888889;0.2740000000000002;8.501111111111111
01:52:23 21/02/2020;0.2747;0.2750000000000002;1.0;0.6892024376045109;0.2750000000000002;4.749722222222222;0.2755000000000002;12.0
06:37:22 21/02/2020;0.2756;0.2760000000000002;1.0;0.6884765791223401;0.2760000000000002;12.0;0.2760000000000002;12.0
13:19:07 21/02/2020;0.2758;0.2760000000000002;1.0;0.6884765791223401;0.2760000000000002;12.0;0.2760000000000002;12.0
20:01:28 21/02/2020;0.2759;0.2760000000000002;1.0;0.6884765791223401;0.2760000000000002;12.0;0.2760000000000002;12.0
02:59:57 22/02/2020;0.2754;0.2760000000000002;1.0;0.6884765791223401;0.2760000000000002;12.0;0.2760000000000002;12.0
08:01:04 22/02/2020;0.2737;0.2760000000000002;1.0;0.6884765791223401;0.2760000000000002;12.0;0.2760000000000002;12.0
15:16:42 22/02/2020;0.273;0.2740000000000002;1.0;0.6899275324264135;0.2740000000000002;12.0;0.2735000000000002;12.0
20:35:11 22/02/2020;0.2719;0.2730000000000002;1.0;0.6906518659932802;0.2730000000000002;12.0;0.2730000000000002;12.0
04:07:26 23/02/2020;0.271;0.2720000000000002;1.0;0.691375440697744;0.2720000000000002;12.0;0.2720000000000002;12.0
09:34:01 23/02/2020;0.2707;0.2710000000000002;1.0;0.6920982589199309;0.2710000000000002;12.0;0.2710000000000002;12.0
15:08:59 23/02/2020;0.2705;0.2710000000000002;1.0;0.6920982589199309;0.2710000000000002;12.0;0.2710000000000002;12.0
20:19:29 23/02/2020;0.2687;0.2710000000000002;1.0;0.6920982589199309;0.2710000000000002;12.0;0.2710000000000002;12.0
02:35:31 24/02/2020;0.269;0.2710000000000002;1.0;0.6920982589199309;0.2710000000000002;12.0;0.2710000000000002;12.0
08:53:11 24/02/2020;0.2677;0.2690000000000002;1.0;0.6935416353759879;0.2690000000000002;12.0;0.2690000000000002;12.0
13:37:20 24/02/2020;0.2664;0.2690000000000002;1.0;0.6935416353759879;0.2690000000000002;12.0;0.2690000000000002;12.0
20:03:14 24/02/2020;0.2657;0.2680000000000002;1.0;0.6942621983083911;0.2680000000000002;12.0;0.2675000000000002;12.0
00:47:28 25/02/2020;0.2654;0.2670000000000002;1.0;0.694982014155762;0.2670000000000002;12.0;0.2665000000000002;12.0
06:38:56 25/02/2020;0.2656;0.2660000000000002;1.0;0.6957010852370433;0.2660000000000002;12.0;0.2660000000000002;12.0
13:04:06 25/02/2020;0.2648;0.2660000000000002;1.0;0.6957010852370433;0.2660000000000002;12.0;0.2660000000000002;12.0
19:04:34 25/02/2020;0.2644;0.2650000000000002;1.0;0.6964194138592058;0.2650000000000002;12.0;0.2650000000000002;12.0
02:28:09 26/02/2020;0.2615;0.2650000000000002;1.0;0.6964194138592058;0.2650000000000002;12.0;0.2650000000000002;12.0
08:29:15 26/02/2020;0.2618;0.2620000000000002;1.0;0.6985699678629191;0.2620000000000002;12.0;0.2620000000000002;12.0
15:52:36 26/02/2020;0.2608;0.2620000000000002;1.0;0.6985699678629191;0.2620000000000002;12.0;0.2620000000000002;12.0
22:01:46 26/02/2020;0.2612;0.2620000000000002;1.0;0.6985699678629191;0.2620000000000002;12.0;0.2620000000000002;12.0
03:53:22 27/02/2020;0.2606;0.2620000000000002;1.0;0.6985699678629191;0.2620000000000002;12.0;0.2620000000000002;12.0
09:45:00 27/02/2020;0.2605;0.2620000000000002;1.0;0.6985699678629191;0.2620000000000002;12.0;0.2620000000000002;12.0
16:43:54 27/02/2020;0.2589;0.2610000000000002;1.0;0.6992853494818834;0.2610000000000002;12.0;0.2610000000000002;12.0
22:41:50 27/02/2020;0.2571;0.2590000000000002;1.0;0.7007139216541939;0.2590000000000002;12.0;0.2590000000000002;12.0
03:48:15 28/02/2020;0.2557;0.2590000000000002;1.0;0.7007139216541939;0.2590000000000002;12.0;0.2590000000000002;12.0
10:05:15 28/02/2020;0.2552;0.2580000000000002;1.0;0.7014271166700071;0.2580000000000002;12.0;0.2580000000000002;12.0
15:15:07 28/02/2020;0.255;0.25600000000000017;1.0;0.702851335632223;0.25600000000000017;12.0;0.25600000000000017;12.0
20:08:22 28/02/2020;0.2544;0.25600000000000017;1.0;0.702851335632223;0.25600000000000017;12.0;0.25600000000000017;12.0
00:44:04 29/02/2020;0.2553;0.25600000000000017;1.0;0.702851335632223;0.25600000000000017;11.18;0.25600000000000017;11.18
05:20:34 29/02/2020;0.2557;0.25600000000000017;1.0;0.702851335632223;0.25600000000000017;6.571666666666666;0.25600000000000017;6.571666666666666
11:54:52 29/02/2020;0.2564;0.2570000000000002;1.0;0.7021395872616782;0.2570000000000002;12.0;0.2570000000000002;12.0
18:44:35 29/02/2020;0.2569;0.2570000000000002;1.0;0.7021395872616782;0.2570000000000002;12.0;0.2570000000000002;12.0
18:44:35 29/02/2020;0.2569;0.2570000000000002;1.0;0.7021395872616782;0.2570000000000002;12.0;0.2570000000000002;12.0
01:02:32 01/03/2020;0.2565;0.2570000000000002;1.0;0.7021395872616782;0.2570000000000002;12.0;0.2570000000000002;12.0
13:10:15 01/03/2020;0.257;0.2570000000000002;1.0;0.7021395872616782;0.2570000000000002;6.429166666666666;0.2570000000000002;6.429166666666666
19:36:00 01/03/2020;0.2576;0.2580000000000002;1.0;0.7014271166700071;0.2580000000000002;12.0;0.2580000000000002;12.0
03:08:47 02/03/2020;0.2569;0.2580000000000002;1.0;0.7014271166700071;0.2580000000000002;12.0;0.2575000000000002;12.0
08:43:13 02/03/2020;0.2562;0.2570000000000002;1.0;0.7021395872616782;0.2570000000000002;12.0;0.2570000000000002;12.0
08:44:11 02/03/2020;0.2562;0.2570000000000002;1.0;0.7021395872616782;0.2570000000000002;12.0;0.2570000000000002;12.0
15:16:36 02/03/2020;0.256;0.2570000000000002;1.0;0.7021395872616782;0.2570000000000002;12.0;0.2570000000000002;12.0
22:48:45 02/03/2020;0.2555;0.25600000000000017;1.0;0.702851335632223;0.25600000000000017;12.0;0.25600000000000017;12.0
04:57:30 03/03/2020;0.2544;0.25600000000000017;1.0;0.702851335632223;0.25600000000000017;12.0;0.25600000000000017;12.0
11:05:58 03/03/2020;0.2541;0.25500000000000017;1.0;0.7035623639735143;0.25500000000000017;12.0;0.25500000000000017;12.0
15:42:18 03/03/2020;0.2539;0.25500000000000017;1.0;0.7035623639735143;0.25500000000000017;12.0;0.25500000000000017;12.0
21:42:50 03/03/2020;0.2536;0.25500000000000017;1.0;0.7035623639735143;0.25500000000000017;12.0;0.25500000000000017;12.0
03:33:42 04/03/2020;0.2526;0.25400000000000017;1.0;0.7042726744663602;0.25400000000000017;12.0;0.25400000000000017;12.0
08:44:30 04/03/2020;0.252;0.25400000000000017;1.0;0.7042726744663602;0.25400000000000017;12.0;0.25350000000000017;12.0
13:20:36 04/03/2020;0.2518;0.25300000000000017;1.0;0.7049822692805826;0.25300000000000017;12.0;0.25300000000000017;12.0
19:46:12 04/03/2020;0.2512;0.25200000000000017;1.0;0.7056911505750939;0.25200000000000017;12.0;0.25200000000000017;12.0
01:04:08 05/03/2020;0.2503;0.25200000000000017;1.0;0.7056911505750939;0.25200000000000017;12.0;0.25200000000000017;12.0
08:28:04 05/03/2020;0.2494;0.25100000000000017;1.0;0.7063993204979743;0.25100000000000017;12.0;0.25100000000000017;12.0
14:45:09 05/03/2020;0.2488;0.25000000000000017;1.0;0.7071067811865475;0.25000000000000017;12.0;0.25000000000000017;12.0
21:26:47 05/03/2020;0.2481;0.2490000000000002;1.0;0.7078135347674553;0.2490000000000002;12.0;0.2490000000000002;12.0
04:17:47 06/03/2020;0.2474;0.2490000000000002;1.0;0.7078135347674553;0.2490000000000002;12.0;0.2490000000000002;12.0
08:53:15 06/03/2020;0.2475;0.2490000000000002;1.0;0.7078135347674553;0.2490000000000002;12.0;0.2490000000000002;12.0
15:44:18 06/03/2020;0.2474;0.2480000000000002;1.0;0.7085195833567339;0.2480000000000002;12.0;0.2480000000000002;12.0
20:20:50 06/03/2020;0.2475;0.2480000000000002;1.0;0.7085195833567339;0.2480000000000002;12.0;0.2480000000000002;12.0
00:57:32 07/03/2020;0.2476;0.2480000000000002;1.0;0.7085195833567339;0.2480000000000002;12.0;0.2480000000000002;12.0
07:13:40 07/03/2020;0.2474;0.2480000000000002;1.0;0.7085195833567339;0.2480000000000002;12.0;0.2480000000000002;12.0
14:46:26 07/03/2020;0.2469;0.2480000000000002;1.0;0.7085195833567339;0.2480000000000002;12.0;0.2480000000000002;12.0
00:40:15 08/03/2020;0.2468;0.2470000000000002;1.0;0.7092249290598857;0.2470000000000002;12.0;0.2470000000000002;12.0
11:50:26 08/03/2020;0.2463;0.2470000000000002;1.0;0.7092249290598857;0.2470000000000002;12.0;0.2470000000000002;12.0
18:32:32 08/03/2020;0.2459;0.2470000000000002;1.0;0.7092249290598857;0.2470000000000002;12.0;0.2470000000000002;12.0
04:10:43 09/03/2020;0.2458;0.2460000000000002;1.0;0.7099295739719538;0.2460000000000002;12.0;0.2460000000000002;12.0
10:10:24 09/03/2020;0.2457;0.2460000000000002;1.0;0.7099295739719538;0.2460000000000002;10.614166666666666;0.2460000000000002;10.614166666666666
20:47:15 09/03/2020;0.2462;0.2470000000000002;1.0;0.7092249290598857;0.2470000000000002;12.0;0.2470000000000002;12.0
04:19:13 10/03/2020;0.246;0.2470000000000002;1.0;0.7092249290598857;0.2470000000000002;12.0;0.2470000000000002;12.0
10:19:33 10/03/2020;0.2458;0.2460000000000002;1.0;0.7099295739719538;0.2460000000000002;5.518055555555556;0.2460000000000002;5.518055555555556
15:50:38 10/03/2020;0.2461;0.2470000000000002;1.0;0.7092249290598857;0.2470000000000002;11.249722222222223;0.2470000000000002;11.249722222222223
20:27:34 10/03/2020;0.2465;0.2470000000000002;1.0;0.7092249290598857;0.2470000000000002;6.634166666666666;0.2470000000000002;6.634166666666666
03:05:37 11/03/2020;0.2475;0.2480000000000002;1.0;0.7085195833567339;0.2480000000000002;7.270555555555555;0.2480000000000002;7.270555555555555
10:21:51 11/03/2020;0.2488;0.2490000000000002;1.0;0.7078135347674553;0.2490000000000002;7.114166666666667;0.2490000000000002;7.114166666666667
17:28:42 11/03/2020;0.2517;0.25200000000000017;1.0;0.7056911505750939;0.25200000000000017;6.144722222222223;0.25200000000000017;6.144722222222223
23:37:23 11/03/2020;0.2533;0.25400000000000017;1.0;0.7042726744663602;0.25400000000000017;5.8661111111111115;0.25450000000000017;12.0
05:29:21 12/03/2020;0.2544;0.25500000000000017;1.0;0.7035623639735143;0.25500000000000017;6.148888888888889;0.25500000000000017;6.148888888888889
11:38:17 12/03/2020;0.2561;0.2570000000000002;1.0;0.7021395872616782;0.2570000000000002;6.0075;0.2570000000000002;6.0075
17:38:44 12/03/2020;0.2579;0.2580000000000002;1.0;0.7014271166700071;0.2580000000000002;5.866388888888889;0.2590000000000002;12.0
23:30:43 12/03/2020;0.2598;0.2600000000000002;1.0;0.6999999999999998;0.2600000000000002;6.562222222222222;0.2600000000000002;6.562222222222222
06:04:27 13/03/2020;0.261;0.2610000000000002;1.0;0.6992853494818834;0.2610000000000002;12.0;0.2610000000000002;12.0
11:48:42 13/03/2020;0.2608;0.2610000000000002;1.0;0.6992853494818834;0.2610000000000002;12.0;0.2610000000000002;12.0
17:07:05 13/03/2020;0.2602;0.2610000000000002;1.0;0.6992853494818834;0.2610000000000002;12.0;0.2610000000000002;12.0
00:31:24 14/03/2020;0.261;0.2610000000000002;1.0;0.6992853494818834;0.2610000000000002;4.608611111111111;0.2615000000000002;12.0
05:07:55 14/03/2020;0.2613;0.2620000000000002;1.0;0.6985699678629191;0.2620000000000002;12.0;0.2620000000000002;12.0
11:33:27 14/03/2020;0.2607;0.2620000000000002;1.0;0.6985699678629191;0.2620000000000002;12.0;0.2620000000000002;12.0
16:43:06 14/03/2020;0.2606;0.2620000000000002;1.0;0.6985699678629191;0.2620000000000002;12.0;0.2613333333333335;12.0
19:30:26 14/03/2020;0.2606;0.2610000000000002;1.0;0.6992853494818834;0.2610000000000002;12.0;0.2610000000000002;12.0
23:09:38 14/03/2020;0.2598;0.2610000000000002;1.0;0.6992853494818834;0.2610000000000002;12.0;0.2610000000000002;12.0
13:49:27 15/03/2020;0.2591;0.2600000000000002;1.0;0.6999999999999998;0.2600000000000002;12.0;0.2600000000000002;12.0
20:40:03 15/03/2020;0.258;0.2600000000000002;1.0;0.6999999999999998;0.2600000000000002;12.0;0.2590000000000002;12.0
01:58:30 16/03/2020;0.2568;0.2580000000000002;1.0;0.7014271166700071;0.2580000000000002;12.0;0.2580000000000002;12.0
08:50:21 16/03/2020;0.2572;0.2580000000000002;1.0;0.7014271166700071;0.2580000000000002;12.0;0.2580000000000002;12.0
15:15:36 16/03/2020;0.2575;0.2580000000000002;1.0;0.7014271166700071;0.2580000000000002;7.391666666666667;0.2580000000000002;7.391666666666667
22:39:06 16/03/2020;0.2586;0.2590000000000002;1.0;0.7007139216541939;0.2590000000000002;6.011111111111111;0.2590000000000002;6.011111111111111
04:39:46 17/03/2020;0.2596;0.2600000000000002;1.0;0.6999999999999998;0.2600000000000002;7.549722222222222;0.2600000000000002;7.549722222222222
12:12:45 17/03/2020;0.2607;0.2610000000000002;1.0;0.6992853494818834;0.2610000000000002;12.0;0.2610000000000002;12.0
18:05:21 17/03/2020;0.2606;0.2610000000000002;1.0;0.6992853494818834;0.2610000000000002;12.0;0.2610000000000002;12.0
00:55:51 18/03/2020;0.2605;0.2610000000000002;1.0;0.6992853494818834;0.2610000000000002;12.0;0.2610000000000002;12.0
07:30:43 18/03/2020;0.2592;0.2610000000000002;1.0;0.6992853494818834;0.2610000000000002;12.0;0.2610000000000002;12.0
20:47:27 18/03/2020;0.2597;0.2600000000000002;1.0;0.6999999999999998;0.2600000000000002;12.0;0.2600000000000002;12.0
02:23:23 19/03/2020;0.26;0.2600000000000002;1.0;0.6999999999999998;0.2600000000000002;12.0;0.2600000000000002;12.0
08:41:39 19/03/2020;0.259;0.2600000000000002;1.0;0.6999999999999998;0.2600000000000002;6.707777777777777;0.2605000000000002;11.74638888888889
12:47:15 19/03/2020;0.259;0.2600000000000002;1.0;0.6999999999999998;0.2600000000000002;2.6144444444444446;0.2605000000000002;7.6530555555555555
15:24:07 19/03/2020;0.2604;0.2610000000000002;1.0;0.6992853494818834;0.2610000000000002;5.038611111111111;0.2615000000000002;12.0
20:26:26 19/03/2020;0.262;0.2620000000000002;1.0;0.6985699678629191;0.2620000000000002;7.415;0.2620000000000002;7.415
03:51:20 20/03/2020;0.2625;0.2630000000000002;1.0;0.6978538528947159;0.2630000000000002;12.0;0.2630000000000002;12.0
09:01:15 20/03/2020;0.2614;0.2630000000000002;1.0;0.6978538528947159;0.2630000000000002;12.0;0.2630000000000002;12.0
14:28:48 20/03/2020;0.2609;0.2630000000000002;1.0;0.6978538528947159;0.2630000000000002;12.0;0.2630000000000002;12.0
19:38:48 20/03/2020;0.2618;0.2620000000000002;1.0;0.6985699678629191;0.2620000000000002;10.769444444444444;0.2620000000000002;10.769444444444444
00:41:20 21/03/2020;0.2619;0.2620000000000002;1.0;0.6985699678629191;0.2620000000000002;5.727222222222222;0.2620000000000002;5.727222222222222
06:24:58 21/03/2020;0.2634;0.2640000000000002;1.0;0.6971370023173349;0.2640000000000002;5.456944444444445;0.2645000000000002;12.0
11:52:23 21/03/2020;0.2648;0.2650000000000002;1.0;0.6964194138592058;0.2650000000000002;12.0;0.2650000000000002;12.0
18:10:27 21/03/2020;0.2647;0.2650000000000002;1.0;0.6964194138592058;0.2650000000000002;12.0;0.2650000000000002;12.0
23:37:39 21/03/2020;0.2639;0.2650000000000002;1.0;0.6964194138592058;0.2650000000000002;12.0;0.2650000000000002;12.0
05:37:54 22/03/2020;0.2627;0.2650000000000002;1.0;0.6964194138592058;0.2650000000000002;12.0;0.2650000000000002;12.0
12:37:42 22/03/2020;0.2621;0.2630000000000002;1.0;0.6978538528947159;0.2630000000000002;12.0;0.2630000000000002;12.0
17:39:33 22/03/2020;0.2615;0.2630000000000002;1.0;0.6978538528947159;0.2630000000000002;12.0;0.2630000000000002;12.0
21:44:56 22/03/2020;0.2615;0.2630000000000002;1.0;0.6978538528947159;0.2630000000000002;12.0;0.2630000000000002;12.0
22:49:21 22/03/2020;0.2609;0.2630000000000002;1.0;0.6978538528947159;0.2630000000000002;12.0;0.2630000000000002;12.0
04:49:53 23/03/2020;0.2601;0.2620000000000002;1.0;0.6985699678629191;0.2620000000000002;12.0;0.2620000000000002;12.0
11:16:33 23/03/2020;0.2595;0.2610000000000002;1.0;0.6992853494818834;0.2610000000000002;12.0;0.2610000000000002;12.0
16:52:04 23/03/2020;0.2594;0.2600000000000002;1.0;0.6999999999999998;0.2600000000000002;12.0;0.2600000000000002;12.0
22:18:57 23/03/2020;0.2597;0.2600000000000002;1.0;0.6999999999999998;0.2600000000000002;12.0;0.2600000000000002;12.0
02:55:13 24/03/2020;0.2593;0.2600000000000002;1.0;0.6999999999999998;0.2600000000000002;12.0;0.2600000000000002;12.0
09:22:05 24/03/2020;0.2588;0.2600000000000002;1.0;0.6999999999999998;0.2600000000000002;12.0;0.2600000000000002;12.0
15:05:50 24/03/2020;0.259;0.2590000000000002;1.0;0.7007139216541939;0.2590000000000002;5.286388888888889;0.2590000000000002;5.286388888888889
20:23:01 24/03/2020;0.2591;0.2600000000000002;1.0;0.6999999999999998;0.2600000000000002;12.0;0.2600000000000002;12.0
01:41:55 25/03/2020;0.2588;0.2600000000000002;1.0;0.6999999999999998;0.2600000000000002;12.0;0.2600000000000002;12.0
06:18:59 25/03/2020;0.2587;0.2600000000000002;1.0;0.6999999999999998;0.2600000000000002;12.0;0.2595000000000002;12.0
11:28:47 25/03/2020;0.2581;0.2590000000000002;1.0;0.7007139216541939;0.2590000000000002;12.0;0.2590000000000002;12.0
18:49:24 25/03/2020;0.2582;0.2590000000000002;1.0;0.7007139216541939;0.2590000000000002;12.0;0.2590000000000002;12.0
01:32:06 26/03/2020;0.2577;0.2590000000000002;1.0;0.7007139216541939;0.2590000000000002;12.0;0.2590000000000002;12.0
06:16:29 26/03/2020;0.2572;0.2590000000000002;1.0;0.7007139216541939;0.2590000000000002;12.0;0.2585000000000002;12.0
12:00:26 26/03/2020;0.2564;0.2580000000000002;1.0;0.7014271166700071;0.2580000000000002;12.0;0.2580000000000002;12.0
18:34:16 26/03/2020;0.255;0.2570000000000002;1.0;0.7021395872616782;0.2570000000000002;12.0;0.2570000000000002;12.0
21:08:32 26/03/2020;0.255;0.2570000000000002;1.0;0.7021395872616782;0.2570000000000002;12.0;0.2570000000000002;12.0
23:36:04 26/03/2020;0.2538;0.2570000000000002;1.0;0.7021395872616782;0.2570000000000002;12.0;0.2570000000000002;12.0
06:44:19 27/03/2020;0.252;0.25500000000000017;1.0;0.7035623639735143;0.25500000000000017;12.0;0.25500000000000017;12.0
18:02:41 27/03/2020;0.251;0.25200000000000017;1.0;0.7056911505750939;0.25200000000000017;12.0;0.25200000000000017;12.0
23:04:41 27/03/2020;0.2501;0.25100000000000017;1.0;0.7063993204979743;0.25100000000000017;12.0;0.25100000000000017;12.0
03:41:17 28/03/2020;0.2495;0.25100000000000017;1.0;0.7063993204979743;0.25100000000000017;12.0;0.25100000000000017;12.0
08:25:59 28/03/2020;0.2482;0.25100000000000017;1.0;0.7063993204979743;0.25100000000000017;12.0;0.25100000000000017;12.0
15:24:59 28/03/2020;0.2467;0.25000000000000017;1.0;0.7071067811865475;0.25000000000000017;12.0;0.25000000000000017;12.0
21:51:02 28/03/2020;0.2458;0.2470000000000002;1.0;0.7092249290598857;0.2470000000000002;12.0;0.2470000000000002;12.0
04:33:18 29/03/2020;0.2452;0.2460000000000002;1.0;0.7099295739719538;0.2460000000000002;12.0;0.2460000000000002;12.0
10:42:24 29/03/2020;0.2443;0.2460000000000002;1.0;0.7099295739719538;0.2460000000000002;12.0;0.2460000000000002;12.0
15:43:47 29/03/2020;0.2437;0.2460000000000002;1.0;0.7099295739719538;0.2460000000000002;12.0;0.2460000000000002;12.0
21:28:19 29/03/2020;0.2435;0.2450000000000002;1.0;0.7106335201775946;0.2450000000000002;12.0;0.2450000000000002;12.0
03:03:16 30/03/2020;0.243;0.2440000000000002;1.0;0.7113367697511495;0.2440000000000002;12.0;0.2440000000000002;12.0
08:38:42 30/03/2020;0.2421;0.2440000000000002;1.0;0.7113367697511495;0.2440000000000002;12.0;0.2435000000000002;12.0
11:34:50 30/03/2020;0.2421;0.2430000000000002;1.0;0.7120393247567158;0.2430000000000002;12.0;0.2430000000000002;12.0
20:14:06 30/03/2020;0.2426;0.2430000000000002;1.0;0.7120393247567158;0.2430000000000002;12.0;0.2430000000000002;12.0
01:41:26 31/03/2020;0.2424;0.2430000000000002;1.0;0.7120393247567158;0.2430000000000002;12.0;0.2430000000000002;12.0
08:40:50 31/03/2020;0.2418;0.2430000000000002;1.0;0.7120393247567158;0.2430000000000002;12.0;0.2425000000000002;12.0
14:24:13 31/03/2020;0.2419;0.2420000000000002;1.0;0.7127411872482183;;;;
21:26:40 31/03/2020;0.2416;0.2420000000000002;1.0;0.7127411872482183;;;;
