08:22:43 01/07/2020;Wednesday;0.9774;0.9780000000000008;1.0;1.232071426500915;0.7723002723413782;0.4189583333333333;0.9780000000000008;5.0275;0.4189583333333333;1.0;0.9816666666666674;12.0;1.0;0.4189583333333333;0.9780000000000008;5.0275;0.4189583333333333;Now
13:24:22 01/07/2020;Wednesday;0.9807;0.9810000000000008;1.0;1.2308533625091167;0.7437116158854902;0.4547453703703704;0.9810000000000008;5.456944444444445;0.4547453703703704;1.0;0.9835000000000007;12.0;1.0;1.0;0.9835000000000007;12.0;1.0;Now
18:51:47 01/07/2020;Wednesday;0.9854;0.9860000000000008;1.0;1.2288205727444506;0.696000880964831;0.6064814814814815;0.9860000000000008;7.277777777777778;0.6064814814814815;1.0;0.9885000000000008;12.0;1.0;0.6064814814814815;0.9860000000000008;7.277777777777778;0.6064814814814815;Now
02:08:27 02/07/2020;Thursday;0.9901;0.9910000000000008;1.0;1.2267844146385294;0.64821108915421;1.0;0.9910000000000008;12.0;1.0;1.0;0.9910000000000008;12.0;1.0;1.0;0.9910000000000008;12.0;1.0;Now
09:16:19 02/07/2020;Thursday;0.9888;0.9910000000000008;1.0;1.2267844146385294;0.64821108915421;1.0;0.9910000000000008;12.0;1.0;1.0;0.9905000000000008;12.0;1.0;1.0;0.9910000000000008;12.0;1.0;Now
16:33:40 02/07/2020;Thursday;0.9899;0.9900000000000008;1.0;1.2271919165313954;0.65777539094682;1.0;0.9900000000000008;12.0;1.0;1.0;0.9900000000000008;12.0;1.0;1.0;0.9900000000000008;12.0;1.0;Now
21:18:09 02/07/2020;Thursday;0.9885;0.9900000000000008;1.0;1.2271919165313954;0.65777539094682;1.0;0.9900000000000008;12.0;1.0;1.0;0.9900000000000008;12.0;1.0;1.0;0.9900000000000008;12.0;1.0;Now
03:36:09 03/07/2020;Friday;0.988;0.9900000000000008;1.0;1.2271919165313954;0.65777539094682;1.0;0.9900000000000008;12.0;1.0;1.0;0.9890000000000008;12.0;1.0;1.0;0.9900000000000008;12.0;1.0;Now
12:58:35 03/07/2020;Friday;0.987;0.9880000000000008;1.0;1.2280065146406998;0.676894473074959;1.0;0.9880000000000008;12.0;1.0;1.0;0.9873333333333342;12.0;1.0;1.0;0.9880000000000008;12.0;1.0;Now
17:51:41 03/07/2020;Friday;0.985;0.9870000000000008;1.0;1.2284136111261545;0.6864492597244554;1.0;0.9870000000000008;12.0;1.0;1.0;0.9863333333333341;12.0;1.0;1.0;0.9870000000000008;12.0;1.0;Now
22:37:36 03/07/2020;Friday;0.9815;0.9870000000000008;1.0;1.2284136111261545;0.6864492597244554;1.0;0.9870000000000008;12.0;1.0;1.0;0.9860000000000008;12.0;1.0;1.0;0.9870000000000008;12.0;1.0;Now
05:36:43 04/07/2020;Saturday;0.9782;0.9850000000000008;1.0;1.2292273996295393;0.7055493399400043;1.0;0.9850000000000008;12.0;1.0;1.0;0.9810000000000008;12.0;1.0;1.0;0.9850000000000008;12.0;1.0;Now
11:29:41 04/07/2020;Saturday;0.9772;0.9790000000000008;1.0;1.2316655390161726;0.7627738616280029;1.0;0.9790000000000008;12.0;1.0;1.0;0.9786666666666674;12.0;1.0;1.0;0.9790000000000008;12.0;1.0;Now
16:32:06 04/07/2020;Saturday;0.976;0.9790000000000008;1.0;1.2316655390161726;0.7627738616280029;1.0;0.9790000000000008;12.0;1.0;1.0;0.9776666666666675;12.0;1.0;1.0;0.9790000000000008;12.0;1.0;Now
21:33:55 04/07/2020;Saturday;0.9736;0.9780000000000008;1.0;1.232071426500915;0.7723002723413782;1.0;0.9780000000000008;12.0;1.0;1.0;0.9760000000000008;12.0;1.0;1.0;0.9770000000000008;12.0;1.0;Now
02:27:50 05/07/2020;Sunday;0.9729;0.9760000000000008;1.0;1.2328828005937948;0.7913436849656252;1.0;0.9760000000000008;12.0;1.0;1.0;0.974333333333334;12.0;1.0;1.0;0.9750000000000008;12.0;1.0;Now
07:46:14 05/07/2020;Sunday;0.9712;0.9740000000000008;1.0;1.2336936410632906;0.8103745731447618;1.0;0.9740000000000008;12.0;1.0;1.0;0.9735000000000007;12.0;1.0;1.0;0.9740000000000008;12.0;1.0;Now
13:47:27 05/07/2020;Sunday;0.9689;0.9730000000000008;1.0;1.23409886151799;0.8198853282826725;1.0;0.9730000000000008;12.0;1.0;1.0;0.9710000000000008;12.0;1.0;1.0;0.9730000000000008;12.0;1.0;Now
21:12:37 05/07/2020;Sunday;0.9668;0.9690000000000007;1.0;1.2357184145265454;0.8578971609002155;0.5232407407407408;0.9690000000000007;6.278888888888889;0.5232407407407408;1.0;0.9695000000000007;12.0;1.0;0.5232407407407408;0.9690000000000007;6.278888888888889;0.5232407407407408;Now
03:29:21 06/07/2020;Monday;0.9696;0.9700000000000008;1.0;1.2353137253345805;0.8483988748016212;1.0;0.9700000000000008;12.0;1.0;1.0;0.9700000000000008;12.0;1.0;1.0;0.9700000000000008;12.0;1.0;Now
09:13:23 06/07/2020;Monday;0.9699;0.9700000000000008;1.0;1.2353137253345805;0.8483988748016212;0.5685648148148148;0.9700000000000008;6.431111111111111;0.5359259259259259;1.0;0.9706666666666676;12.0;1.0;0.5685648148148148;0.9700000000000008;6.431111111111111;0.5359259259259259;Now
15:39:15 06/07/2020;Monday;0.9705;0.9710000000000008;1.0;1.2349089035228467;0.838897476041427;1.0;0.9710000000000008;12.0;1.0;1.0;0.9710000000000006;12.0;1.0;1.0;0.9710000000000008;12.0;1.0;Now
20:49:53 06/07/2020;Monday;0.97;0.9710000000000008;1.0;1.2349089035228467;0.838897476041427;1.0;0.9710000000000008;12.0;1.0;1.0;0.9710000000000008;12.0;1.0;1.0;0.9710000000000008;12.0;1.0;Now
03:07:54 07/07/2020;Tuesday;0.968;0.9710000000000008;1.0;1.2349089035228467;0.838897476041427;1.0;0.9710000000000008;12.0;1.0;1.0;0.9695000000000007;12.0;1.0;1.0;0.9710000000000008;12.0;1.0;Now
10:24:02 07/07/2020;Tuesday;0.967;0.9680000000000007;1.0;1.2361229712289952;0.8673923373943409;1.0;0.9680000000000007;12.0;1.0;1.0;0.9680000000000007;12.0;1.0;1.0;0.9680000000000007;12.0;1.0;Now
17:06:54 07/07/2020;Tuesday;0.9674;0.9680000000000007;1.0;1.2361229712289952;0.8673923373943409;1.0;0.9680000000000007;12.0;1.0;1.0;0.9680000000000007;12.0;1.0;1.0;0.9680000000000007;12.0;1.0;Now
21:38:31 07/07/2020;Tuesday;0.9651;0.9680000000000007;1.0;1.2361229712289952;0.8673923373943409;1.0;0.9680000000000007;12.0;1.0;1.0;0.9680000000000007;12.0;1.0;1.0;0.9680000000000007;12.0;1.0;Now
05:02:48 08/07/2020;Wednesday;0.961;0.9680000000000007;1.0;1.2361229712289952;0.8673923373943409;1.0;0.9680000000000007;12.0;1.0;1.0;0.9633333333333342;12.0;1.0;1.0;0.9680000000000007;12.0;1.0;Now
11:37:17 08/07/2020;Wednesday;0.9609;0.9610000000000007;1.0;1.2389511693363864;0.9337717596790714;1.0;0.9610000000000007;12.0;1.0;1.0;0.9610000000000007;12.0;1.0;1.0;0.9610000000000007;12.0;1.0;Now
16:29:17 08/07/2020;Wednesday;0.9586;0.9610000000000007;1.0;1.2389511693363864;0.9337717596790714;1.0;0.9610000000000007;12.0;1.0;1.0;0.960333333333334;12.0;1.0;1.0;0.9610000000000007;12.0;1.0;Now
21:58:54 08/07/2020;Wednesday;0.9585;0.9610000000000007;1.0;1.2389511693363864;0.9337717596790714;1.0;0.9610000000000007;12.0;1.0;1.0;0.9596666666666674;12.0;1.0;1.0;0.9610000000000007;12.0;1.0;Now
03:09:46 09/07/2020;Thursday;0.9576;0.9590000000000007;1.0;1.2397580409095958;0.9527094955992119;1.0;0.9590000000000007;12.0;1.0;1.0;0.9590000000000007;12.0;1.0;1.0;0.9590000000000007;12.0;1.0;Now
08:36:49 09/07/2020;Thursday;0.954;0.9590000000000007;1.0;1.2397580409095958;0.9527094955992119;1.0;0.9590000000000007;12.0;1.0;1.0;0.9565000000000008;12.0;1.0;1.0;0.9590000000000007;12.0;1.0;Now
15:28:32 09/07/2020;Thursday;0.9525;0.9540000000000007;1.0;1.2417729261020307;1.0;0.48974537037037036;0.9540000000000007;5.876944444444445;0.48974537037037036;1.0;0.9553333333333341;12.0;1.0;0.48974537037037036;0.9540000000000007;5.876944444444445;0.48974537037037036;Now
21:21:09 09/07/2020;Thursday;0.9548;0.9550000000000007;1.0;1.2413702106946176;0.9905480397503343;0.44354166666666667;0.9550000000000007;5.3225;0.44354166666666667;1.0;0.9566666666666674;12.0;1.0;0.9442361111111112;0.9560000000000007;11.330833333333333;0.9442361111111112;Now
02:40:30 10/07/2020;Friday;0.9563;0.9570000000000007;1.0;1.2405643876881196;0.9716349142888288;0.5006944444444444;0.9570000000000007;6.008333333333334;0.5006944444444444;1.0;0.9575000000000007;12.0;1.0;0.5006944444444444;0.9570000000000007;6.008333333333334;0.5006944444444444;Now
08:41:00 10/07/2020;Friday;0.9572;0.9580000000000007;1.0;1.2401612798341994;0.96217374309586;1.0;0.9580000000000007;12.0;1.0;1.0;0.9580000000000007;12.0;1.0;1.0;0.9580000000000007;12.0;1.0;Now
15:07:10 10/07/2020;Friday;0.9578;0.9580000000000007;1.0;1.2401612798341994;0.96217374309586;1.0;0.9580000000000007;12.0;1.0;1.0;0.9580000000000007;12.0;1.0;1.0;0.9580000000000007;12.0;1.0;Now
20:18:21 10/07/2020;Friday;0.9556;0.9580000000000007;1.0;1.2401612798341994;0.96217374309586;1.0;0.9580000000000007;12.0;1.0;1.0;0.9576666666666673;12.0;1.0;1.0;0.9580000000000007;12.0;1.0;Now
00:55:03 11/07/2020;Saturday;0.9545;0.9580000000000007;1.0;1.2401612798341994;0.96217374309586;1.0;0.9580000000000007;12.0;1.0;1.0;0.9576666666666673;12.0;1.0;0.9439120370370371;0.9575000000000007;11.326944444444445;0.9439120370370371;Now
05:56:30 11/07/2020;Saturday;0.9561;0.9570000000000007;1.0;1.2405643876881196;0.9716349142888288;0.5252314814814815;0.9570000000000007;6.302777777777778;0.5252314814814815;1.0;0.9575000000000007;12.0;1.0;0.5252314814814815;0.9570000000000007;6.302777777777778;0.5252314814814815;Now
12:14:40 11/07/2020;Saturday;0.9575;0.9580000000000007;1.0;1.2401612798341994;0.96217374309586;1.0;0.9580000000000007;12.0;1.0;1.0;0.9580000000000007;12.0;1.0;1.0;0.9580000000000007;12.0;1.0;Now
23:43:11 11/07/2020;Saturday;0.9577;0.9580000000000007;1.0;1.2401612798341994;0.96217374309586;0.44212962962962965;0.9580000000000007;5.305555555555555;0.44212962962962965;1.0;0.9593333333333341;12.0;1.0;0.44212962962962965;0.9580000000000007;5.305555555555555;0.44212962962962965;Now
05:01:31 12/07/2020;Sunday;0.9587;0.9590000000000007;1.0;1.2397580409095958;0.9527094955992119;0.41965277777777776;0.9590000000000007;5.035833333333334;0.41965277777777776;1.0;0.9606666666666674;12.0;1.0;0.9675231481481481;0.9600000000000007;11.610277777777778;0.9675231481481481;Now
10:03:40 12/07/2020;Sunday;0.9606;0.9610000000000007;1.0;1.2389511693363864;0.9337717596790714;0.5478703703703703;0.9610000000000007;6.5744444444444445;0.5478703703703703;1.0;0.9616666666666673;12.0;1.0;0.5478703703703703;0.9610000000000007;6.5744444444444445;0.5478703703703703;Now
16:38:08 12/07/2020;Sunday;0.9614;0.9620000000000007;1.0;1.2385475364312826;0.9242982652354262;1.0;0.9620000000000007;12.0;1.0;1.0;0.9620000000000007;12.0;1.0;1.0;0.9620000000000007;12.0;1.0;Now
21:15:03 12/07/2020;Sunday;0.9612;0.9620000000000007;1.0;1.2385475364312826;0.9242982652354262;0.8169212962962963;0.9620000000000007;9.803055555555556;0.8169212962962963;1.0;0.962333333333334;12.0;1.0;0.8169212962962963;0.9620000000000007;9.803055555555556;0.8169212962962963;Now
02:17:04 13/07/2020;Monday;0.9615;0.9620000000000007;1.0;1.2385475364312826;0.9242982652354262;0.3974537037037037;0.9620000000000007;4.769444444444445;0.3974537037037037;1.0;0.9630000000000009;12.0;1.0;0.8166435185185185;0.9625000000000008;9.799722222222222;0.8166435185185185;Now
07:03:14 13/07/2020;Monday;0.9625;0.9630000000000007;1.0;1.238143771942499;0.9148216824477856;0.4191898148148148;0.9630000000000007;5.030277777777778;0.4191898148148148;1.0;0.964333333333334;12.0;1.0;0.4191898148148148;0.9630000000000007;5.030277777777778;0.4191898148148148;Now
12:05:03 13/07/2020;Monday;0.9635;0.9640000000000007;1.0;1.2377398757412639;0.9053420082938003;0.4540046296296296;0.9640000000000007;5.448055555555555;0.4540046296296296;1.0;0.9656666666666673;12.0;1.0;0.4540046296296296;0.9640000000000007;5.448055555555555;0.4540046296296296;Now
17:31:56 13/07/2020;Monday;0.9653;0.9660000000000007;1.0;1.2369316876852978;0.8863733737726737;0.45469907407407406;0.9660000000000007;5.456388888888889;0.45469907407407406;1.0;0.9665000000000008;12.0;1.0;1.0;0.9665000000000008;12.0;1.0;Now
22:59:19 13/07/2020;Monday;0.9664;0.9670000000000007;1.0;1.23652739557197;0.8768844073361152;0.5478703703703703;0.9670000000000007;6.5744444444444445;0.5478703703703703;1.0;0.9700000000000008;12.0;1.0;0.5478703703703703;0.9670000000000007;6.5744444444444445;0.5478703703703703;Now
05:33:47 14/07/2020;Tuesday;0.9723;0.9730000000000008;1.0;1.23409886151799;0.8198853282826725;0.5827083333333334;0.9730000000000008;6.9925;0.5827083333333334;1.0;0.9770000000000008;12.0;1.0;0.5827083333333334;0.9730000000000008;6.9925;0.5827083333333334;Now
12:33:20 14/07/2020;Tuesday;0.9807;0.9810000000000008;1.0;1.2308533625091167;0.7437116158854902;1.0;0.9810000000000008;12.0;1.0;1.0;0.9810000000000008;12.0;1.0;1.0;0.9810000000000008;12.0;1.0;Now
19:50:33 14/07/2020;Tuesday;0.9773;0.9810000000000008;1.0;1.2308533625091167;0.7437116158854902;1.0;0.9810000000000008;12.0;1.0;1.0;0.9790000000000006;12.0;1.0;1.0;0.9810000000000008;12.0;1.0;Now
01:26:23 15/07/2020;Wednesday;0.9744;0.9780000000000008;1.0;1.232071426500915;0.7723002723413782;1.0;0.9780000000000008;12.0;1.0;1.0;0.9770000000000008;12.0;1.0;1.0;0.9780000000000008;12.0;1.0;Now
07:01:20 15/07/2020;Wednesday;0.9716;0.9780000000000008;1.0;1.232071426500915;0.7723002723413782;1.0;0.9780000000000008;12.0;1.0;1.0;0.9765000000000008;12.0;1.0;1.0;0.9765000000000008;12.0;1.0;Now
12:45:08 15/07/2020;Wednesday;0.9688;0.9750000000000008;1.0;1.2332882874656677;0.8008606930665136;1.0;0.9750000000000008;12.0;1.0;1.0;0.9720000000000008;12.0;1.0;1.0;0.9750000000000008;12.0;1.0;Now
19:53:44 15/07/2020;Wednesday;0.967;0.9690000000000007;1.0;1.2357184145265454;0.8578971609002155;1.0;0.9690000000000007;12.0;1.0;1.0;0.9680000000000007;12.0;1.0;1.0;0.9690000000000007;12.0;1.0;Now
02:53:54 16/07/2020;Thursday;0.9646;0.9670000000000007;1.0;1.23652739557197;0.8768844073361152;1.0;0.9670000000000007;12.0;1.0;1.0;0.9660000000000007;12.0;1.0;1.0;0.9670000000000007;12.0;1.0;Now
10:10:02 16/07/2020;Thursday;0.9626;0.9650000000000007;1.0;1.2373358476985945;0.8958592397461749;1.0;0.9650000000000007;12.0;1.0;1.0;0.9643333333333342;12.0;1.0;1.0;0.9650000000000007;12.0;1.0;Now
17:10:21 16/07/2020;Thursday;0.9626;0.9630000000000007;1.0;1.238143771942499;0.9148216824477856;0.3365972222222222;0.9630000000000007;4.039166666666667;0.3365972222222222;1.0;0.965333333333334;12.0;1.0;0.7805324074074074;0.9640000000000007;9.366388888888888;0.7805324074074074;Now
21:12:42 16/07/2020;Thursday;0.9644;0.9650000000000007;1.0;1.2373358476985945;0.8958592397461749;0.4439351851851852;0.9650000000000007;5.327222222222222;0.4439351851851852;1.0;0.9665000000000008;12.0;1.0;1.0;0.9665000000000008;12.0;1.0;Now
02:32:20 17/07/2020;Friday;0.9675;0.9680000000000007;1.0;1.2361229712289952;0.8673923373943409;0.5940740740740741;0.9680000000000007;7.128888888888889;0.5940740740740741;1.0;0.9705000000000008;12.0;1.0;0.5940740740740741;0.9680000000000007;7.128888888888889;0.5940740740740741;Now
09:40:04 17/07/2020;Friday;0.9728;0.9730000000000008;1.0;1.23409886151799;0.8198853282826725;0.5478240740740741;0.9730000000000008;6.573888888888889;0.5478240740740741;1.0;0.9760000000000008;12.0;1.0;0.5478240740740741;0.9730000000000008;6.573888888888889;0.5478240740740741;Now
16:14:30 17/07/2020;Friday;0.9746;0.9750000000000008;1.0;1.2332882874656677;0.8008606930665136;0.44333333333333336;0.9750000000000008;5.32;0.44333333333333336;1.0;0.9775000000000007;12.0;1.0;1.0;0.9775000000000007;12.0;1.0;Now
21:33:42 17/07/2020;Friday;0.9797;0.9800000000000008;1.0;1.2312595177297105;0.7532443105119692;0.5715740740740741;0.9800000000000008;6.858888888888889;0.5715740740740741;1.0;0.9820000000000008;12.0;1.0;0.5715740740740741;0.9800000000000008;6.858888888888889;0.5715740740740741;Now
04:25:14 18/07/2020;Saturday;0.982;0.9820000000000008;1.0;1.2304470732217616;0.7341757746356766;0.40837962962962965;0.9820000000000008;4.900555555555556;0.40837962962962965;1.0;0.9830000000000008;12.0;1.0;1.0;0.9830000000000008;12.0;1.0;Now
09:19:16 18/07/2020;Saturday;0.9831;0.9840000000000008;1.0;1.2296340919151514;0.7150946397887084;1.0;0.9840000000000008;12.0;1.0;1.0;0.9840000000000008;12.0;1.0;1.0;0.9840000000000008;12.0;1.0;Now
16:36:04 18/07/2020;Saturday;0.9837;0.9840000000000008;1.0;1.2296340919151514;0.7150946397887084;0.5828935185185186;0.9840000000000008;6.994722222222222;0.5828935185185186;1.0;0.9860000000000008;12.0;1.0;0.5828935185185186;0.9840000000000008;6.994722222222222;0.5828935185185186;Now
23:35:45 18/07/2020;Saturday;0.988;0.9880000000000008;1.0;1.2280065146406998;0.676894473074959;0.5240277777777778;0.9880000000000008;6.288333333333333;0.5240277777777778;1.0;0.9900000000000008;12.0;1.0;0.5240277777777778;0.9880000000000008;6.288333333333333;0.5240277777777778;Now
05:53:03 19/07/2020;Sunday;0.9908;0.9910000000000008;1.0;1.2267844146385294;0.64821108915421;1.0;0.9910000000000008;12.0;1.0;1.0;0.9910000000000008;12.0;1.0;1.0;0.9910000000000008;12.0;1.0;Now
11:04:43 19/07/2020;Sunday;0.9909;0.9910000000000008;1.0;1.2267844146385294;0.64821108915421;1.0;0.9910000000000008;12.0;1.0;1.0;0.9910000000000008;12.0;1.0;1.0;0.9910000000000008;12.0;1.0;Now
01:03:23 20/07/2020;Monday;0.991;0.9910000000000008;1.0;1.2267844146385294;0.64821108915421;0.4200462962962963;0.9910000000000008;5.040555555555556;0.4200462962962963;1.0;0.9926666666666675;12.0;1.0;0.4200462962962963;0.9910000000000008;5.040555555555556;0.4200462962962963;Now
06:05:49 20/07/2020;Monday;0.9921;0.9930000000000008;1.0;1.2259690045021527;0.6290729482876486;0.4319212962962963;0.9930000000000008;5.183055555555556;0.4319212962962963;1.0;0.9935000000000007;12.0;1.0;1.0;0.9935000000000007;12.0;1.0;Now
11:16:48 20/07/2020;Monday;0.9934;0.9940000000000008;1.0;1.2255610959882821;0.6194991028681949;1.0;0.9940000000000008;12.0;1.0;1.0;0.9940000000000008;12.0;1.0;1.0;0.9940000000000008;12.0;1.0;Now
18:17:17 20/07/2020;Monday;0.993;0.9940000000000008;1.0;1.2255610959882821;0.6194991028681949;1.0;0.9940000000000008;12.0;1.0;1.0;0.9935000000000007;12.0;1.0;1.0;0.9940000000000008;12.0;1.0;Now
05:14:32 21/07/2020;Tuesday;0.9886;0.9930000000000008;1.0;1.2259690045021527;0.6290729482876486;1.0;0.9930000000000008;12.0;1.0;1.0;0.9903333333333341;12.0;1.0;1.0;0.9930000000000008;12.0;1.0;Now
11:07:38 21/07/2020;Tuesday;0.9862;0.9890000000000008;1.0;1.2275992831539122;0.6673365178672013;1.0;0.9890000000000008;12.0;1.0;1.0;0.9880000000000009;12.0;1.0;1.0;0.9880000000000008;12.0;1.0;Now
14:46:34 21/07/2020;Tuesday;0.9862;0.9890000000000008;1.0;1.2275992831539122;0.6673365178672013;1.0;0.9890000000000008;12.0;1.0;1.0;0.9876666666666675;12.0;1.0;1.0;0.9880000000000008;12.0;1.0;Now
17:17:33 21/07/2020;Tuesday;0.9831;0.9870000000000008;1.0;1.2284136111261545;0.6864492597244554;1.0;0.9870000000000008;12.0;1.0;1.0;0.9870000000000008;12.0;1.0;1.0;0.9870000000000008;12.0;1.0;Now
22:35:46 21/07/2020;Tuesday;0.9844;0.9870000000000008;1.0;1.2284136111261545;0.6864492597244554;1.0;0.9870000000000008;12.0;1.0;1.0;0.9860000000000008;12.0;1.0;1.0;0.9870000000000008;12.0;1.0;Now
10:31:03 22/07/2020;Wednesday;0.9826;0.9850000000000008;1.0;1.2292273996295393;0.7055493399400043;1.0;0.9850000000000008;12.0;1.0;1.0;0.9836666666666675;12.0;1.0;1.0;0.9850000000000008;12.0;1.0;Now
16:50:01 22/07/2020;Wednesday;0.9807;0.9830000000000008;1.0;1.230040649734796;0.7246367836444801;1.0;0.9830000000000008;12.0;1.0;1.0;0.9826666666666674;12.0;1.0;1.0;0.9830000000000008;12.0;1.0;Now
22:00:22 22/07/2020;Wednesday;0.9815;0.9830000000000008;1.0;1.230040649734796;0.7246367836444801;1.0;0.9830000000000008;12.0;1.0;1.0;0.9825000000000008;12.0;1.0;1.0;0.9825000000000008;12.0;1.0;Now
03:37:22 23/07/2020;Thursday;0.9808;0.9820000000000008;1.0;1.2304470732217616;0.7341757746356766;1.0;0.9820000000000008;12.0;1.0;1.0;0.9813333333333341;12.0;1.0;1.0;0.9820000000000008;12.0;1.0;Now
10:44:58 23/07/2020;Thursday;0.9808;0.9810000000000008;1.0;1.2308533625091167;0.7437116158854902;1.0;0.9810000000000008;12.0;1.0;1.0;0.9810000000000008;12.0;1.0;1.0;0.9810000000000008;12.0;1.0;Now
11:02:31 23/07/2020;Thursday;0.9772;0.9810000000000008;1.0;1.2308533625091167;0.7437116158854902;1.0;0.9810000000000008;12.0;1.0;1.0;0.9810000000000008;12.0;1.0;1.0;0.9810000000000008;12.0;1.0;Now
18:28:31 23/07/2020;Thursday;0.9762;0.9810000000000008;1.0;1.2308533625091167;0.7437116158854902;1.0;0.9810000000000008;12.0;1.0;1.0;0.978333333333334;12.0;1.0;1.0;0.9790000000000008;12.0;1.0;Now
23:05:58 23/07/2020;Thursday;0.9756;0.9770000000000008;1.0;1.2324771803161303;0.7818235457547335;1.0;0.9770000000000008;12.0;1.0;1.0;0.9770000000000008;12.0;1.0;1.0;0.9770000000000008;12.0;1.0;Now
05:24:20 24/07/2020;Friday;0.975;0.9770000000000008;1.0;1.2324771803161303;0.7818235457547335;1.0;0.9770000000000008;12.0;1.0;1.0;0.9760000000000008;12.0;1.0;1.0;0.9770000000000008;12.0;1.0;Now
12:41:25 24/07/2020;Friday;0.9749;0.9750000000000008;1.0;1.2332882874656677;0.8008606930665136;1.0;0.9750000000000008;12.0;1.0;1.0;0.9750000000000009;12.0;1.0;1.0;0.9750000000000008;12.0;1.0;Now
17:35:57 24/07/2020;Friday;0.9725;0.9750000000000008;1.0;1.2332882874656677;0.8008606930665136;1.0;0.9750000000000008;12.0;1.0;1.0;0.974333333333334;12.0;1.0;1.0;0.9750000000000008;12.0;1.0;Now
22:30:02 24/07/2020;Friday;0.9709;0.9750000000000008;1.0;1.2332882874656677;0.8008606930665136;1.0;0.9750000000000008;12.0;1.0;1.0;0.973333333333334;12.0;1.0;1.0;0.9750000000000008;12.0;1.0;Now
04:14:53 25/07/2020;Saturday;0.9707;0.9730000000000008;1.0;1.23409886151799;0.8198853282826725;1.0;0.9730000000000008;12.0;1.0;1.0;0.9726666666666675;12.0;1.0;1.0;0.9730000000000008;12.0;1.0;Now
09:17:19 25/07/2020;Saturday;0.9714;0.9720000000000008;1.0;1.234503948960877;0.8293929615574984;0.4219212962962963;0.9720000000000008;5.063055555555556;0.4219212962962963;1.0;0.9726666666666675;12.0;1.0;1.0;0.9725000000000008;12.0;1.0;Now
14:21:06 25/07/2020;Saturday;0.9723;0.9730000000000008;1.0;1.23409886151799;0.8198853282826725;1.0;0.9730000000000008;12.0;1.0;1.0;0.9730000000000008;12.0;1.0;1.0;0.9730000000000008;12.0;1.0;Now
20:38:51 25/07/2020;Saturday;0.9722;0.9730000000000008;1.0;1.23409886151799;0.8198853282826725;1.0;0.9730000000000008;12.0;1.0;1.0;0.9730000000000008;12.0;1.0;1.0;0.9730000000000008;12.0;1.0;Now
01:16:14 26/07/2020;Sunday;0.971;0.9730000000000008;1.0;1.23409886151799;0.8198853282826725;1.0;0.9730000000000008;12.0;1.0;1.0;0.9723333333333342;12.0;1.0;1.0;0.9730000000000008;12.0;1.0;Now
06:28:01 26/07/2020;Sunday;0.9703;0.9730000000000008;1.0;1.23409886151799;0.8198853282826725;1.0;0.9730000000000008;12.0;1.0;1.0;0.9716666666666675;12.0;1.0;1.0;0.9730000000000008;12.0;1.0;Now
12:12:14 26/07/2020;Sunday;0.969;0.9710000000000008;1.0;1.2349089035228467;0.838897476041427;1.0;0.9710000000000008;12.0;1.0;1.0;0.9710000000000008;12.0;1.0;1.0;0.9710000000000008;12.0;1.0;Now
18:05:17 26/07/2020;Sunday;0.9684;0.9710000000000008;1.0;1.2349089035228467;0.838897476041427;1.0;0.9710000000000008;12.0;1.0;1.0;0.9700000000000008;12.0;1.0;1.0;0.9710000000000008;12.0;1.0;Now
00:24:15 27/07/2020;Monday;0.9688;0.9690000000000007;1.0;1.2357184145265454;0.8578971609002155;0.5023611111111111;0.9690000000000007;6.028333333333333;0.5023611111111111;1.0;0.9695000000000007;12.0;1.0;0.5023611111111111;0.9690000000000007;6.028333333333333;0.5023611111111111;Now
06:25:57 27/07/2020;Monday;0.9691;0.9700000000000008;1.0;1.2353137253345805;0.8483988748016212;0.5258101851851852;0.9700000000000008;6.309722222222222;0.5258101851851852;1.0;0.9710000000000008;12.0;1.0;0.5258101851851852;0.9700000000000008;6.309722222222222;0.5258101851851852;Now
12:44:32 27/07/2020;Monday;0.9711;0.9720000000000008;1.0;1.234503948960877;0.8293929615574984;0.8533564814814815;0.9720000000000008;10.240277777777777;0.8533564814814815;1.0;0.9725000000000008;12.0;1.0;0.8533564814814815;0.9720000000000008;10.240277777777777;0.8533564814814815;Now
22:58:57 27/07/2020;Monday;0.9729;0.9730000000000008;1.0;1.23409886151799;0.8198853282826725;0.6195833333333334;0.9730000000000008;7.435;0.6195833333333334;1.0;0.9735000000000007;12.0;1.0;0.6195833333333334;0.9730000000000008;7.435;0.6195833333333334;Now
06:25:03 28/07/2020;Tuesday;0.9739;0.9740000000000008;1.0;1.2336936410632906;0.8103745731447618;0.4671064814814815;0.9740000000000008;5.605277777777777;0.4671064814814815;1.0;0.9763333333333342;12.0;1.0;0.4671064814814815;0.9740000000000008;5.605277777777777;0.4671064814814815;Now
12:01:22 28/07/2020;Tuesday;0.9748;0.9750000000000008;1.0;1.2332882874656677;0.8008606930665136;0.4326851851851852;0.9750000000000008;5.192222222222222;0.4326851851851852;1.0;0.9775000000000007;12.0;1.0;1.0;0.9775000000000007;12.0;1.0;Now
17:12:54 28/07/2020;Tuesday;0.9799;0.9800000000000008;1.0;1.2312595177297105;0.7532443105119692;0.588287037037037;0.9800000000000008;7.059444444444445;0.588287037037037;1.0;0.9850000000000008;12.0;1.0;0.588287037037037;0.9800000000000008;7.059444444444445;0.588287037037037;Now
00:16:28 29/07/2020;Wednesday;0.9895;0.9900000000000008;1.0;1.2271919165313954;0.65777539094682;0.4917592592592593;0.9900000000000008;5.901111111111111;0.4917592592592593;1.0;0.9950000000000007;12.0;1.0;0.4917592592592593;0.9900000000000008;5.901111111111111;0.4917592592592593;Now
06:10:32 29/07/2020;Wednesday;0.9945;0.9950000000000008;1.0;1.2251530516633418;0.6099220698854921;0.4790509259259259;0.9950000000000008;5.748611111111111;0.4790509259259259;1.0;0.9990000000000006;12.0;1.0;0.4790509259259259;0.9950000000000008;5.748611111111111;0.4790509259259259;Now
11:55:27 29/07/2020;Wednesday;0.9994;1.0000000000000007;1.0;1.2231107881136523;0.5619889798281624;0.4667824074074074;1.0000000000000007;5.601388888888889;0.4667824074074074;1.0;1.0013333333333339;12.0;1.0;0.4667824074074074;1.0000000000000007;5.601388888888889;0.4667824074074074;Now
17:31:32 29/07/2020;Wednesday;1.0016;1.0020000000000004;1.0;1.2222929272478016;0.5427933189433829;1.0;1.0020000000000004;12.0;1.0;1.0;1.0020000000000004;12.0;1.0;1.0;1.0020000000000004;12.0;1.0;Now
23:08:48 29/07/2020;Wednesday;1.002;1.0020000000000004;1.0;1.2222929272478016;0.5427933189433829;0.5368287037037037;1.0020000000000004;6.441944444444444;0.5368287037037037;1.0;1.0040000000000002;12.0;1.0;0.5368287037037037;1.0020000000000004;6.441944444444444;0.5368287037037037;Now
05:35:19 30/07/2020;Thursday;1.0053;1.006;1.0;1.2206555615733703;0.5043634129005375;0.5612037037037036;1.006;6.734444444444445;0.5612037037037036;1.0;1.007;12.0;1.0;0.5612037037037036;1.006;6.734444444444445;0.5612037037037036;Now
12:19:23 30/07/2020;Thursday;1.0079;1.0079999999999998;1.0;1.2198360545581526;0.4851291159514409;1.0;1.0079999999999998;12.0;1.0;1.0;1.0079999999999998;12.0;1.0;1.0;1.0079999999999998;12.0;1.0;Now
19:46:38 30/07/2020;Thursday;1.0072;1.0079999999999998;1.0;1.2198360545581526;0.4851291159514409;0.3832407407407407;1.0079999999999998;4.598888888888889;0.3832407407407407;1.0;1.009333333333333;12.0;1.0;0.9911342592592592;1.0084999999999997;11.893611111111111;0.9911342592592592;Now
00:22:34 31/07/2020;Friday;1.0082;1.0089999999999997;1.0;1.2194260945215172;0.4755071201228719;0.6078935185185185;1.0089999999999997;7.294722222222222;0.6078935185185185;1.0;1.0099999999999996;12.0;1.0;0.6078935185185185;1.0089999999999997;7.294722222222222;0.6078935185185185;Now
07:40:15 31/07/2020;Friday;1.0102;1.0109999999999995;1.0;1.2186057606953942;0.45625341745036113;1.0;1.0109999999999995;12.0;1.0;1.0;1.0109999999999995;12.0;1.0;1.0;1.0109999999999995;12.0;1.0;Now
20:17:21 31/07/2020;Friday;1.0074;1.0079999999999998;1.0;1.2198360545581526;0.4851291159514409;0.44384259259259257;1.0079999999999998;5.3261111111111115;0.44384259259259257;1.0;1.008333333333333;12.0;1.0;1.0;1.008333333333333;12.0;1.0;Now
20:17:21 31/07/2020;Friday;1.0074;1.0079999999999998;1.0;1.2198360545581526;0.4851291159514409;0.44384259259259257;1.0079999999999998;5.3261111111111115;0.44384259259259257;1.0;1.0084999999999997;12.0;1.0;1.0;1.0084999999999997;12.0;1.0;Now
01:36:55 01/08/2020;Saturday;1.0086;1.0089999999999997;1.0;1.2194260945215172;0.4755071201228719;0.6074305555555556;1.0089999999999997;7.289166666666667;0.6074305555555556;1.0;1.0099999999999996;12.0;1.0;0.6074305555555556;1.0089999999999997;7.289166666666667;0.6074305555555556;Now
08:54:16 01/08/2020;Saturday;1.0107;1.0109999999999995;1.0;1.2186057606953942;0.45625341745036113;0.46738425925925925;1.0109999999999995;5.608611111111111;0.46738425925925925;1.0;1.0139999999999991;12.0;1.0;0.9695833333333334;1.0129999999999992;11.635;0.9695833333333334;Now
14:30:47 01/08/2020;Saturday;1.0141;1.014999999999999;1.0;1.2169634341261042;0.417707076376365;0.502199074074074;1.014999999999999;6.026388888888889;0.502199074074074;1.0;1.0156666666666656;12.0;1.0;0.502199074074074;1.014999999999999;6.026388888888889;0.502199074074074;Now
20:32:22 01/08/2020;Saturday;1.0152;1.015999999999999;1.0;1.2165525060596445;0.40806236033582655;0.8651620370370371;1.015999999999999;10.381944444444445;0.8651620370370371;1.0;1.0169999999999988;12.0;1.0;0.8651620370370371;1.015999999999999;10.381944444444445;0.8651620370370371;Now
01:35:20 02/08/2020;Sunday;1.0151;1.015999999999999;1.0;1.2165525060596445;0.40806236033582655;0.444375;1.015999999999999;5.3325;0.444375;1.0;1.0189999999999986;12.0;1.0;0.444375;1.015999999999999;5.3325;0.444375;Now
06:55:17 02/08/2020;Sunday;1.0185;1.0189999999999986;1.0;1.215318888193548;0.37910864558097684;0.3860648148148148;1.0189999999999986;4.632777777777778;0.3860648148148148;1.0;1.0226666666666648;12.0;1.0;0.8526851851851852;1.0204999999999984;10.232222222222223;0.8526851851851852;Now
11:33:15 02/08/2020;Sunday;1.0217;1.0219999999999982;1.0;1.2140840168620959;0.3501255112794783;0.46662037037037035;1.0219999999999982;5.599444444444444;0.46662037037037035;1.0;1.0266666666666644;12.0;1.0;0.46662037037037035;1.0219999999999982;5.599444444444444;0.46662037037037035;Now
17:09:13 02/08/2020;Sunday;1.0267;1.0269999999999977;1.0;1.212023102090056;0.30175466639822585;0.44331018518518517;1.0269999999999977;5.3197222222222225;0.44331018518518517;1.0;1.0299999999999974;12.0;1.0;0.9808333333333333;1.0289999999999975;11.77;0.9808333333333333;Now
22:28:24 02/08/2020;Sunday;1.0303;1.0309999999999973;1.0;1.2103718436910216;0.2629986901869898;0.5375231481481482;1.0309999999999973;6.450277777777778;0.5375231481481482;1.0;1.0314999999999972;12.0;1.0;0.5375231481481482;1.0309999999999973;6.450277777777778;0.5375231481481482;Now
04:55:25 03/08/2020;Monday;1.0318;1.0319999999999971;1.0;1.209958676980335;0.25330143188991955;0.5374305555555555;1.0319999999999971;6.449166666666667;0.5374305555555555;1.0;1.033999999999997;12.0;1.0;0.5374305555555555;1.0319999999999971;6.449166666666667;0.5374305555555555;Now
11:22:22 03/08/2020;Monday;1.0355;1.0359999999999967;1.0;1.2083045973594586;0.2144792399933274;0.514375;1.0359999999999967;6.1725;0.514375;1.0;1.0374999999999965;12.0;1.0;0.514375;1.0359999999999967;6.1725;0.514375;Now
17:32:43 03/08/2020;Monday;1.0386;1.0389999999999964;1.0;1.2070625501605141;0.185327683989935;0.5148611111111111;1.0389999999999964;6.178333333333334;0.5148611111111111;1.0;1.0404999999999962;12.0;1.0;0.5148611111111111;1.0389999999999964;6.178333333333334;0.5148611111111111;Now
23:43:25 03/08/2020;Monday;1.0414;1.041999999999996;1.0;1.2058192235986305;0.15614610060883838;0.6068518518518519;1.041999999999996;7.282222222222222;0.6068518518518519;1.0;1.0434999999999959;12.0;1.0;0.6068518518518519;1.041999999999996;7.282222222222222;0.6068518518518519;Now
07:00:21 04/08/2020;Tuesday;1.0448;1.0449999999999957;1.0;1.204574613712245;0.12693439686990363;0.502800925925926;1.0449999999999957;6.033611111111111;0.502800925925926;1.0;1.0469999999999955;12.0;1.0;0.502800925925926;1.0449999999999957;6.033611111111111;0.502800925925926;Now
13:02:22 04/08/2020;Tuesday;1.0487;1.0489999999999953;1.0;1.2029131306956478;0.08793844305415337;1.0;1.0489999999999953;12.0;1.0;1.0;1.0489999999999953;12.0;1.0;1.0;1.0489999999999953;12.0;1.0;Now
20:28:50 04/08/2020;Tuesday;1.0474;1.0489999999999953;1.0;1.2029131306956478;0.08793844305415337;0.5015277777777778;1.0489999999999953;6.0183333333333335;0.5015277777777778;1.0;1.0499999999999952;12.0;1.0;0.5015277777777778;1.0489999999999953;6.0183333333333335;0.5015277777777778;Now
02:29:56 05/08/2020;Wednesday;1.0501;1.050999999999995;1.0;1.2020815280171329;0.06842025399024362;1.0;1.050999999999995;12.0;1.0;1.0;1.050999999999995;12.0;1.0;1.0;1.050999999999995;12.0;1.0;Now
09:05:32 05/08/2020;Wednesday;1.0489;1.050999999999995;1.0;1.2020815280171329;0.06842025399024362;0.630462962962963;1.050999999999995;7.565555555555555;0.630462962962963;1.0;1.051499999999995;12.0;1.0;0.630462962962963;1.050999999999995;7.565555555555555;0.630462962962963;Now
16:39:28 05/08/2020;Wednesday;1.0519;1.051999999999995;1.0;1.2016655108639862;0.05865609418324704;1.0;1.051999999999995;12.0;1.0;1.0;1.051999999999995;12.0;1.0;1.0;1.051999999999995;12.0;1.0;Now
22:24:40 05/08/2020;Wednesday;1.0499;1.051999999999995;1.0;1.2016655108639862;0.05865609418324704;1.0;1.051999999999995;12.0;1.0;1.0;1.0516666666666616;12.0;1.0;1.0;1.051999999999995;12.0;1.0;Now
05:00:02 06/08/2020;Thursday;1.0502;1.050999999999995;1.0;1.2020815280171329;0.06842025399024362;0.42824074074074076;1.050999999999995;5.0441666666666665;0.4203472222222222;1.0;1.0516666666666616;12.0;1.0;1.0;1.051499999999995;12.0;1.0;Now
10:02:41 06/08/2020;Thursday;1.0511;1.051999999999995;1.0;1.2016655108639862;0.05865609418324704;1.0;1.051999999999995;12.0;1.0;1.0;1.051999999999995;12.0;1.0;1.0;1.051999999999995;12.0;1.0;Now
16:54:21 06/08/2020;Thursday;1.0487;1.051999999999995;1.0;1.2016655108639862;0.05865609418324704;1.0;1.051999999999995;12.0;1.0;1.0;1.051999999999995;12.0;1.0;1.0;1.051999999999995;12.0;1.0;Now
21:57:22 06/08/2020;Thursday;1.0502;1.051999999999995;1.0;1.2016655108639862;0.05865609418324704;0.6072222222222222;1.051999999999995;7.286666666666667;0.6072222222222222;1.0;1.0529999999999948;12.0;1.0;0.6072222222222222;1.051999999999995;7.286666666666667;0.6072222222222222;Now
05:14:34 07/08/2020;Friday;1.0533;1.0539999999999947;1.0;1.2008330441822481;0.03911762647101434;1.0;1.0539999999999947;12.0;1.0;1.0;1.0539999999999947;12.0;1.0;1.0;1.0539999999999947;12.0;1.0;Now
11:58:17 07/08/2020;Friday;1.0534;1.0539999999999947;1.0;1.2008330441822481;0.03911762647101434;0.6072685185185185;1.0539999999999947;7.287222222222222;0.6072685185185185;1.0;1.0544999999999947;12.0;1.0;0.6072685185185185;1.0539999999999947;7.287222222222222;0.6072685185185185;Now
19:15:31 07/08/2020;Friday;1.0541;1.0549999999999946;1.0;1.2004165943538123;0.029343311528259853;1.0;1.0549999999999946;12.0;1.0;1.0;1.0549999999999946;12.0;1.0;1.0;1.0549999999999946;12.0;1.0;Now
02:16:04 08/08/2020;Saturday;1.0533;1.0549999999999946;1.0;1.2004165943538123;0.029343311528259853;1.0;1.0549999999999946;12.0;1.0;1.0;1.0546666666666613;12.0;1.0;1.0;1.0549999999999946;12.0;1.0;Now
06:51:23 08/08/2020;Saturday;1.0529;1.0549999999999946;1.0;1.2004165943538123;0.029343311528259853;1.0;1.0549999999999946;12.0;1.0;1.0;1.0544999999999947;12.0;1.0;1.0;1.0549999999999946;12.0;1.0;Now
13:12:02 08/08/2020;Saturday;1.0512;1.0539999999999947;1.0;1.2008330441822481;0.03911762647101434;1.0;1.0539999999999947;12.0;1.0;1.0;1.0529999999999948;12.0;1.0;1.0;1.0539999999999947;12.0;1.0;Now
20:21:05 08/08/2020;Saturday;1.0513;1.051999999999995;1.0;1.2016655108639862;0.05865609418324704;1.0;1.051999999999995;12.0;1.0;1.0;1.051999999999995;12.0;1.0;1.0;1.051999999999995;12.0;1.0;Now
02:48:28 09/08/2020;Sunday;1.0517;1.051999999999995;1.0;1.2016655108639862;0.05865609418324704;1.0;1.051999999999995;12.0;1.0;1.0;1.051999999999995;12.0;1.0;1.0;1.051999999999995;12.0;1.0;Now
07:34:13 09/08/2020;Sunday;1.0513;1.051999999999995;1.0;1.2016655108639862;0.05865609418324704;1.0;1.051999999999995;12.0;1.0;1.0;1.051999999999995;12.0;1.0;1.0;1.051999999999995;12.0;1.0;Now
14:34:00 09/08/2020;Sunday;1.0494;1.051999999999995;1.0;1.2016655108639862;0.05865609418324704;1.0;1.051999999999995;12.0;1.0;1.0;1.050999999999995;12.0;1.0;1.0;1.051999999999995;12.0;1.0;Now
20:53:07 09/08/2020;Sunday;1.0481;1.0499999999999952;1.0;1.202497401244595;0.07818103577935566;1.0;1.0499999999999952;12.0;1.0;1.0;1.0494999999999952;12.0;1.0;1.0;1.0499999999999952;12.0;1.0;Now
03:28:14 10/08/2020;Monday;1.0469;1.0489999999999953;1.0;1.2029131306956478;0.08793844305415337;1.0;1.0489999999999953;12.0;1.0;1.0;1.0484999999999953;12.0;1.0;1.0;1.0489999999999953;12.0;1.0;Now
10:54:01 10/08/2020;Monday;1.0471;1.0479999999999954;1.0;1.2033287165193078;0.097692479312146;1.0;1.0479999999999954;12.0;1.0;1.0;1.0479999999999954;12.0;1.0;1.0;1.0479999999999954;12.0;1.0;Now
18:18:01 10/08/2020;Monday;1.0435;1.0479999999999954;1.0;1.2033287165193078;0.097692479312146;1.0;1.0479999999999954;12.0;1.0;1.0;1.045333333333329;12.0;1.0;1.0;1.0459999999999956;12.0;1.0;Now
23:07:06 10/08/2020;Monday;1.0419;1.0439999999999958;1.0;1.204989626511367;0.13667498391523653;1.0;1.0439999999999958;12.0;1.0;1.0;1.0436666666666625;12.0;1.0;1.0;1.0439999999999958;12.0;1.0;Now
04:43:03 11/08/2020;Tuesday;1.0424;1.0439999999999958;1.0;1.204989626511367;0.13667498391523653;1.0;1.0439999999999958;12.0;1.0;1.0;1.0434999999999959;12.0;1.0;1.0;1.0434999999999959;12.0;1.0;Now
10:19:39 11/08/2020;Tuesday;1.0387;1.042999999999996;1.0;1.2054044964243347;0.14641221734104715;1.0;1.042999999999996;12.0;1.0;1.0;1.0403333333333296;12.0;1.0;1.0;1.042999999999996;12.0;1.0;Now
17:03:32 11/08/2020;Tuesday;1.0351;1.0389999999999964;1.0;1.2070625501605141;0.185327683989935;1.0;1.0389999999999964;12.0;1.0;1.0;1.0379999999999965;12.0;1.0;1.0;1.0389999999999964;12.0;1.0;Now
21:53:20 11/08/2020;Tuesday;1.0354;1.0389999999999964;1.0;1.2070625501605141;0.185327683989935;1.0;1.0389999999999964;12.0;1.0;1.0;1.0369999999999966;12.0;1.0;1.0;1.0389999999999964;12.0;1.0;Now
04:25:37 12/08/2020;Wednesday;1.034;1.0359999999999967;1.0;1.2083045973594586;0.2144792399933274;1.0;1.0359999999999967;12.0;1.0;1.0;1.0356666666666634;12.0;1.0;1.0;1.0359999999999967;12.0;1.0;Now
09:37:24 12/08/2020;Wednesday;1.033;1.0359999999999967;1.0;1.2083045973594586;0.2144792399933274;1.0;1.0359999999999967;12.0;1.0;1.0;1.0354999999999968;12.0;1.0;1.0;1.0354999999999968;12.0;1.0;Now
14:39:33 12/08/2020;Wednesday;1.0308;1.0349999999999968;1.0;1.2087183294713468;0.224189768579005;1.0;1.0349999999999968;12.0;1.0;1.0;1.033499999999997;12.0;1.0;1.0;1.0349999999999968;12.0;1.0;Now
21:51:52 12/08/2020;Wednesday;1.0319;1.0319999999999971;1.0;1.209958676980335;0.25330143188991955;1.0;1.0319999999999971;12.0;1.0;1.0;1.0319999999999971;12.0;1.0;1.0;1.0319999999999971;12.0;1.0;Now
03:58:14 13/08/2020;Thursday;1.0298;1.0319999999999971;1.0;1.209958676980335;0.25330143188991955;1.0;1.0319999999999971;12.0;1.0;1.0;1.0313333333333305;12.0;1.0;1.0;1.0319999999999971;12.0;1.0;Now
10:24:51 13/08/2020;Thursday;1.0302;1.0309999999999973;1.0;1.2103718436910216;0.2629986901869898;1.0;1.0309999999999973;12.0;1.0;1.0;1.0309999999999973;12.0;1.0;1.0;1.0309999999999973;12.0;1.0;Now
15:53:00 13/08/2020;Thursday;1.0308;1.0309999999999973;1.0;1.2103718436910216;0.2629986901869898;1.0;1.0309999999999973;12.0;1.0;1.0;1.0309999999999973;12.0;1.0;1.0;1.0309999999999973;12.0;1.0;Now
20:55:44 13/08/2020;Thursday;1.03;1.0309999999999973;1.0;1.2103718436910216;0.2629986901869898;0.6080787037037036;1.0309999999999973;7.296944444444445;0.6080787037037036;1.0;1.0314999999999972;12.0;1.0;0.6080787037037036;1.0309999999999973;7.296944444444445;0.6080787037037036;Now
04:13:33 14/08/2020;Friday;1.0319;1.0319999999999971;1.0;1.209958676980335;0.25330143188991955;0.5718981481481481;1.0319999999999971;6.862777777777778;0.5718981481481481;1.0;1.032499999999997;12.0;1.0;0.5718981481481481;1.0319999999999971;6.862777777777778;0.5718981481481481;Now
11:05:19 14/08/2020;Friday;1.0328;1.032999999999997;1.0;1.2095453691366864;0.24360086112175416;0.5613425925925926;1.032999999999997;6.736111111111111;0.5613425925925926;1.0;1.033999999999997;12.0;1.0;0.5613425925925926;1.032999999999997;6.736111111111111;0.5613425925925926;Now
17:49:29 14/08/2020;Friday;1.0344;1.0349999999999968;1.0;1.2087183294713468;0.224189768579005;1.0;1.0349999999999968;12.0;1.0;1.0;1.0349999999999968;12.0;1.0;1.0;1.0349999999999968;12.0;1.0;Now
06:34:39 15/08/2020;Saturday;1.0367;1.0369999999999966;1.0;1.2078907235342125;0.2047653853143308;0.5960416666666667;1.0369999999999966;7.1525;0.5960416666666667;1.0;1.0383333333333298;12.0;1.0;0.5960416666666667;1.0369999999999966;7.1525;0.5960416666666667;Now
13:43:48 15/08/2020;Saturday;1.0382;1.0389999999999964;1.0;1.2070625501605141;0.185327683989935;1.0;1.0389999999999964;12.0;1.0;1.0;1.0389999999999964;12.0;1.0;1.0;1.0389999999999964;12.0;1.0;Now
18:21:46 15/08/2020;Saturday;1.0386;1.0389999999999964;1.0;1.2070625501605141;0.185327683989935;1.0;1.0389999999999964;12.0;1.0;1.0;1.0389999999999964;12.0;1.0;1.0;1.0389999999999964;12.0;1.0;Now
00:23:50 16/08/2020;Sunday;1.037;1.0389999999999964;1.0;1.2070625501605141;0.185327683989935;1.0;1.0389999999999964;12.0;1.0;1.0;1.0389999999999964;12.0;1.0;1.0;1.0389999999999964;12.0;1.0;Now
05:17:37 16/08/2020;Sunday;1.0371;1.0389999999999964;1.0;1.2070625501605141;0.185327683989935;1.0;1.0389999999999964;12.0;1.0;1.0;1.0389999999999964;12.0;1.0;1.0;1.0389999999999964;12.0;1.0;Now
12:09:46 16/08/2020;Sunday;1.038;1.0389999999999964;1.0;1.2070625501605141;0.185327683989935;1.0;1.0389999999999964;12.0;1.0;1.0;1.0389999999999964;12.0;1.0;1.0;1.0389999999999964;12.0;1.0;Now
17:55:27 16/08/2020;Sunday;1.0387;1.0389999999999964;1.0;1.2070625501605141;0.185327683989935;1.0;1.0389999999999964;12.0;1.0;1.0;1.0389999999999964;12.0;1.0;1.0;1.0389999999999964;12.0;1.0;Now
22:32:01 16/08/2020;Sunday;1.0381;1.0389999999999964;1.0;1.2070625501605141;0.185327683989935;1.0;1.0389999999999964;12.0;1.0;1.0;1.0389999999999964;12.0;1.0;1.0;1.0389999999999964;12.0;1.0;Now
04:34:12 17/08/2020;Monday;1.0374;1.0389999999999964;1.0;1.2070625501605141;0.185327683989935;1.0;1.0389999999999964;12.0;1.0;1.0;1.0384999999999964;12.0;1.0;1.0;1.0389999999999964;12.0;1.0;Now
11:34:42 17/08/2020;Monday;1.035;1.0379999999999965;1.0;1.2074767078498878;0.19504820112187082;1.0;1.0379999999999965;12.0;1.0;1.0;1.0366666666666633;12.0;1.0;1.0;1.0379999999999965;12.0;1.0;Now
17:28:08 17/08/2020;Monday;1.0338;1.0359999999999967;1.0;1.2083045973594586;0.2144792399933274;1.0;1.0359999999999967;12.0;1.0;1.0;1.0359999999999967;12.0;1.0;1.0;1.0359999999999967;12.0;1.0;Now
22:23:27 17/08/2020;Monday;1.0347;1.0359999999999967;1.0;1.2083045973594586;0.2144792399933274;1.0;1.0359999999999967;12.0;1.0;1.0;1.0359999999999967;12.0;1.0;1.0;1.0359999999999967;12.0;1.0;Now
03:42:56 18/08/2020;Tuesday;1.035;1.0359999999999967;1.0;1.2083045973594586;0.2144792399933274;1.0;1.0359999999999967;12.0;1.0;1.0;1.0359999999999967;12.0;1.0;1.0;1.0359999999999967;12.0;1.0;Now
11:00:06 18/08/2020;Tuesday;1.0348;1.0359999999999967;1.0;1.2083045973594586;0.2144792399933274;1.0;1.0359999999999967;12.0;1.0;1.0;1.0359999999999967;12.0;1.0;1.0;1.0359999999999967;12.0;1.0;Now
18:06:18 18/08/2020;Tuesday;1.0357;1.0359999999999967;1.0;1.2083045973594586;0.2144792399933274;0.4832175925925926;1.0359999999999967;5.798611111111111;0.4832175925925926;1.0;1.0383333333333298;12.0;1.0;0.4832175925925926;1.0359999999999967;5.798611111111111;0.4832175925925926;Now
23:54:13 18/08/2020;Tuesday;1.0371;1.0379999999999965;1.0;1.2074767078498878;0.19504820112187082;0.4909722222222222;1.0379999999999965;5.891666666666667;0.4909722222222222;1.0;1.0394999999999963;12.0;1.0;1.0;1.0394999999999963;12.0;1.0;Now
05:47:43 19/08/2020;Wednesday;1.0402;1.0409999999999962;1.0;1.2062338081814834;0.16587663717415638;0.5255324074074074;1.0409999999999962;6.306388888888889;0.5255324074074074;1.0;1.0426666666666626;12.0;1.0;0.5255324074074074;1.0409999999999962;6.306388888888889;0.5255324074074074;Now
12:06:06 19/08/2020;Wednesday;1.0424;1.042999999999996;1.0;1.2054044964243347;0.14641221734104715;0.43203703703703705;1.042999999999996;5.184444444444445;0.43203703703703705;1.0;1.0449999999999957;12.0;1.0;0.9823148148148149;1.0434999999999959;11.787777777777778;0.9823148148148149;Now
17:17:10 19/08/2020;Wednesday;1.0439;1.0439999999999958;1.0;1.204989626511367;0.13667498391523653;0.5502777777777778;1.0439999999999958;6.6033333333333335;0.5502777777777778;1.0;1.047666666666662;12.0;1.0;0.5502777777777778;1.0439999999999958;6.6033333333333335;0.5502777777777778;Now
23:53:22 19/08/2020;Wednesday;1.0472;1.0479999999999954;1.0;1.2033287165193078;0.097692479312146;0.4209259259259259;1.0479999999999954;5.051111111111111;0.4209259259259259;1.0;1.050499999999995;12.0;1.0;0.4209259259259259;1.0479999999999954;5.051111111111111;0.4209259259259259;Now
04:56:26 20/08/2020;Thursday;1.05;1.050999999999995;1.0;1.2020815280171329;0.06842025399024362;0.5717824074074074;1.050999999999995;6.8613888888888885;0.5717824074074074;1.0;1.0513333333333283;12.0;1.0;1.0;1.051499999999995;12.0;1.0;Now
09:55:39 20/08/2020;Thursday;1.05;1.050999999999995;1.0;1.2020815280171329;0.06842025399024362;0.46166666666666667;1.050999999999995;1.8744444444444444;0.1562037037037037;1.0;1.0516666666666616;12.0;1.0;1.0;1.051499999999995;12.0;1.0;Now
11:48:07 20/08/2020;Thursday;1.0516;1.051999999999995;1.0;1.2016655108639862;0.05865609418324704;1.0;1.051999999999995;12.0;1.0;1.0;1.051999999999995;12.0;1.0;1.0;1.051999999999995;12.0;1.0;Now
18:15:43 20/08/2020;Thursday;1.05;1.051999999999995;1.0;1.2016655108639862;0.05865609418324704;1.0;1.051999999999995;12.0;1.0;1.0;1.051499999999995;12.0;1.0;1.0;1.051999999999995;12.0;1.0;Now
00:34:18 21/08/2020;Friday;1.0471;1.050999999999995;1.0;1.2020815280171329;0.06842025399024362;1.0;1.050999999999995;12.0;1.0;1.0;1.0489999999999953;12.0;1.0;1.0;1.050999999999995;12.0;1.0;Now
07:52:02 21/08/2020;Friday;1.0462;1.0479999999999954;1.0;1.2033287165193078;0.097692479312146;0.9932638888888888;1.0479999999999954;11.919166666666667;0.9932638888888888;1.0;1.0483333333333287;12.0;1.0;0.9932638888888888;1.0479999999999954;11.919166666666667;0.9932638888888888;Now
12:29:08 21/08/2020;Friday;1.0468;1.0479999999999954;1.0;1.2033287165193078;0.097692479312146;0.6084027777777777;1.0479999999999954;7.300833333333333;0.6084027777777777;1.0;1.0484999999999953;12.0;1.0;0.6084027777777777;1.0479999999999954;7.300833333333333;0.6084027777777777;Now
19:47:11 21/08/2020;Friday;1.0483;1.0489999999999953;1.0;1.2029131306956478;0.08793844305415337;0.5599768518518519;1.0489999999999953;6.719722222222222;0.5599768518518519;1.0;1.050499999999995;12.0;1.0;0.5599768518518519;1.0489999999999953;6.719722222222222;0.5599768518518519;Now
02:30:22 22/08/2020;Saturday;1.0514;1.051999999999995;1.0;1.2016655108639862;0.05865609418324704;0.4909722222222222;1.051999999999995;5.891666666666667;0.4909722222222222;1.0;1.0536666666666614;12.0;1.0;0.4909722222222222;1.051999999999995;5.891666666666667;0.4909722222222222;Now
08:23:52 22/08/2020;Saturday;1.053;1.0539999999999947;1.0;1.2008330441822481;0.03911762647101434;0.39694444444444443;1.0539999999999947;4.763333333333334;0.39694444444444443;1.0;1.055333333333328;12.0;1.0;0.9117592592592593;1.0544999999999947;10.94111111111111;0.9117592592592593;Now
13:09:40 22/08/2020;Saturday;1.0544;1.0549999999999946;1.0;1.2004165943538123;0.029343311528259853;0.5148148148148148;1.0549999999999946;6.177777777777778;0.5148148148148148;1.0;1.056666666666661;12.0;1.0;0.5148148148148148;1.0549999999999946;6.177777777777778;0.5148148148148148;Now
19:20:20 22/08/2020;Saturday;1.0568;1.0569999999999944;1.0;1.1995832609702444;0.009784501829866819;0.3853240740740741;1.0569999999999944;4.623888888888889;0.3853240740740741;1.0;1.057666666666661;12.0;1.0;1.0;1.0574999999999943;12.0;1.0;Now
23:57:46 22/08/2020;Saturday;1.0577;1.0579999999999943;1.0;1.1991663771137038;0.0;1.0;1.0579999999999943;12.0;1.0;1.0;1.0579999999999943;12.0;1.0;1.0;1.0579999999999943;12.0;1.0;Now
05:26:10 23/08/2020;Sunday;1.0579;1.0579999999999943;1.0;1.1991663771137038;0.0;1.0;1.0579999999999943;12.0;1.0;1.0;1.0579999999999943;12.0;1.0;1.0;1.0579999999999943;12.0;1.0;Now
12:27:18 23/08/2020;Sunday;1.0571;1.0579999999999943;1.0;1.1991663771137038;0.0;1.0;1.0579999999999943;12.0;1.0;1.0;1.0579999999999943;12.0;1.0;1.0;1.0579999999999943;12.0;1.0;Now
19:02:39 23/08/2020;Sunday;1.0574;1.0579999999999943;1.0;1.1991663771137038;0.0;1.0;1.0579999999999943;12.0;1.0;1.0;1.0579999999999943;12.0;1.0;1.0;1.0579999999999943;12.0;1.0;Now
00:30:51 24/08/2020;Monday;1.0558;1.0579999999999943;1.0;1.1991663771137038;0.0;1.0;1.0579999999999943;12.0;1.0;1.0;1.0569999999999944;12.0;1.0;1.0;1.0579999999999943;12.0;1.0;Now
07:23:16 24/08/2020;Monday;1.0539;1.0559999999999945;1.0;1.2000000000000024;0.019565604492563206;1.0;1.0559999999999945;12.0;1.0;1.0;1.0549999999999946;12.0;1.0;1.0;1.0549999999999946;12.0;1.0;Now
13:09:06 24/08/2020;Monday;1.0537;1.0539999999999947;1.0;1.2008330441822481;0.03911762647101434;0.5253703703703704;1.0539999999999947;6.304444444444444;0.5253703703703704;1.0;1.0559999999999945;12.0;1.0;0.5253703703703704;1.0539999999999947;6.304444444444444;0.5253703703703704;Now
19:27:22 24/08/2020;Monday;1.0562;1.0569999999999944;1.0;1.1995832609702444;0.009784501829866819;1.0;1.0569999999999944;12.0;1.0;1.0;1.0569999999999944;12.0;1.0;1.0;1.0569999999999944;12.0;1.0;Now
22:58:14 24/08/2020;Monday;1.0562;1.0569999999999944;1.0;1.1995832609702444;0.009784501829866819;1.0;1.0569999999999944;12.0;1.0;1.0;1.0569999999999944;12.0;1.0;1.0;1.0569999999999944;12.0;1.0;Now
02:45:02 25/08/2020;Tuesday;1.0551;1.0569999999999944;1.0;1.1995832609702444;0.009784501829866819;1.0;1.0569999999999944;12.0;1.0;1.0;1.0569999999999944;12.0;1.0;1.0;1.0569999999999944;12.0;1.0;Now
09:45:08 25/08/2020;Tuesday;1.0532;1.0569999999999944;1.0;1.1995832609702444;0.009784501829866819;1.0;1.0569999999999944;12.0;1.0;1.0;1.0554999999999946;12.0;1.0;1.0;1.0554999999999946;12.0;1.0;Now
14:48:08 25/08/2020;Tuesday;1.0518;1.0539999999999947;1.0;1.2008330441822481;0.03911762647101434;1.0;1.0539999999999947;12.0;1.0;1.0;1.0529999999999948;12.0;1.0;1.0;1.0539999999999947;12.0;1.0;Now
21:59:09 25/08/2020;Tuesday;1.0468;1.051999999999995;1.0;1.2016655108639862;0.05865609418324704;1.0;1.051999999999995;12.0;1.0;1.0;1.048666666666662;12.0;1.0;1.0;1.051999999999995;12.0;1.0;Now
04:17:43 26/08/2020;Wednesday;1.0454;1.0469999999999955;1.0;1.2037441588643347;0.10744314804480268;1.0;1.0469999999999955;12.0;1.0;1.0;1.0466666666666622;12.0;1.0;1.0;1.0469999999999955;12.0;1.0;Now
09:04:19 26/08/2020;Wednesday;1.0421;1.0469999999999955;1.0;1.2037441588643347;0.10744314804480268;1.0;1.0469999999999955;12.0;1.0;1.0;1.045333333333329;12.0;1.0;1.0;1.0469999999999955;12.0;1.0;Now
14:32:15 26/08/2020;Wednesday;1.0379;1.0459999999999956;1.0;1.2041594578792314;0.11719045273757317;1.0;1.0459999999999956;12.0;1.0;1.0;1.0423333333333293;12.0;1.0;1.0;1.0444999999999958;12.0;1.0;Now
19:43:43 26/08/2020;Wednesday;1.0362;1.042999999999996;1.0;1.2054044964243347;0.14641221734104715;1.0;1.042999999999996;12.0;1.0;1.0;1.0404999999999962;12.0;1.0;1.0;1.042999999999996;12.0;1.0;Now
02:02:18 27/08/2020;Thursday;1.0337;1.0379999999999965;1.0;1.2074767078498878;0.19504820112187082;1.0;1.0379999999999965;12.0;1.0;1.0;1.0369999999999966;12.0;1.0;1.0;1.0379999999999965;12.0;1.0;Now
07:56:01 27/08/2020;Thursday;1.0349;1.0349999999999968;1.0;1.2087183294713468;0.224189768579005;0.44340277777777776;1.0349999999999968;5.320833333333334;0.44340277777777776;1.0;1.0364999999999966;12.0;1.0;1.0;1.0364999999999966;12.0;1.0;Now
13:15:16 27/08/2020;Thursday;1.0376;1.0379999999999965;1.0;1.2074767078498878;0.19504820112187082;0.6083796296296297;1.0379999999999965;7.3005555555555555;0.6083796296296297;1.0;1.0384999999999964;12.0;1.0;0.6083796296296297;1.0379999999999965;7.3005555555555555;0.6083796296296297;Now
20:33:18 27/08/2020;Thursday;1.0384;1.0389999999999964;1.0;1.2070625501605141;0.185327683989935;1.0;1.0389999999999964;12.0;1.0;1.0;1.0389999999999964;12.0;1.0;1.0;1.0389999999999964;12.0;1.0;Now
03:07:10 28/08/2020;Friday;1.0381;1.0389999999999964;1.0;1.2070625501605141;0.185327683989935;1.0;1.0389999999999964;12.0;1.0;1.0;1.0389999999999964;12.0;1.0;1.0;1.0389999999999964;12.0;1.0;Now
09:10:02 28/08/2020;Friday;1.0376;1.0389999999999964;1.0;1.2070625501605141;0.185327683989935;1.0;1.0389999999999964;12.0;1.0;1.0;1.038666666666663;12.0;1.0;1.0;1.0389999999999964;12.0;1.0;Now
14:47:02 28/08/2020;Friday;1.0374;1.0389999999999964;1.0;1.2070625501605141;0.185327683989935;1.0;1.0389999999999964;12.0;1.0;1.0;1.0383333333333298;12.0;1.0;1.0;1.0384999999999964;12.0;1.0;Now
19:33:23 28/08/2020;Friday;1.0378;1.0379999999999965;1.0;1.2074767078498878;0.19504820112187082;1.0;1.0379999999999965;12.0;1.0;1.0;1.0379999999999965;12.0;1.0;1.0;1.0379999999999965;12.0;1.0;Now
01:28:37 29/08/2020;Saturday;1.0359;1.0379999999999965;1.0;1.2074767078498878;0.19504820112187082;1.0;1.0379999999999965;12.0;1.0;1.0;1.0369999999999966;12.0;1.0;1.0;1.0379999999999965;12.0;1.0;Now
08:03:51 29/08/2020;Saturday;1.0329;1.0359999999999967;1.0;1.2083045973594586;0.2144792399933274;1.0;1.0359999999999967;12.0;1.0;1.0;1.033999999999997;12.0;1.0;1.0;1.0344999999999969;12.0;1.0;Now
13:29:28 29/08/2020;Saturday;1.0312;1.032999999999997;1.0;1.2095453691366864;0.24360086112175416;1.0;1.032999999999997;12.0;1.0;1.0;1.032999999999997;12.0;1.0;1.0;1.032999999999997;12.0;1.0;Now
19:34:51 29/08/2020;Saturday;1.0307;1.032999999999997;1.0;1.2095453691366864;0.24360086112175416;1.0;1.032999999999997;12.0;1.0;1.0;1.0316666666666638;12.0;1.0;1.0;1.032999999999997;12.0;1.0;Now
01:54:24 30/08/2020;Sunday;1.0305;1.0309999999999973;1.0;1.2103718436910216;0.2629986901869898;1.0;1.0309999999999973;12.0;1.0;1.0;1.0309999999999973;12.0;1.0;1.0;1.0309999999999973;12.0;1.0;Now
06:40:51 30/08/2020;Sunday;1.0297;1.0309999999999973;1.0;1.2103718436910216;0.2629986901869898;1.0;1.0309999999999973;12.0;1.0;1.0;1.030666666666664;12.0;1.0;1.0;1.0309999999999973;12.0;1.0;Now
12:27:02 30/08/2020;Sunday;1.0272;1.0309999999999973;1.0;1.2103718436910216;0.2629986901869898;1.0;1.0309999999999973;12.0;1.0;1.0;1.029666666666664;12.0;1.0;1.0;1.0309999999999973;12.0;1.0;Now
17:05:03 30/08/2020;Sunday;1.0265;1.0299999999999974;1.0;1.210784869413226;0.27269263940398747;1.0;1.0299999999999974;12.0;1.0;1.0;1.0283333333333309;12.0;1.0;1.0;1.0299999999999974;12.0;1.0;Now
21:43:17 30/08/2020;Sunday;1.0255;1.0279999999999976;1.0;1.2116104984688778;0.29207062413300333;1.0;1.0279999999999976;12.0;1.0;1.0;1.0269999999999977;12.0;1.0;1.0;1.0274999999999976;12.0;1.0;Now
02:21:25 31/08/2020;Monday;1.0246;1.0269999999999977;1.0;1.212023102090056;0.30175466639822585;1.0;1.0269999999999977;12.0;1.0;1.0;1.0264999999999977;12.0;1.0;1.0;1.0264999999999977;12.0;1.0;Now
07:41:53 31/08/2020;Monday;1.0247;1.0259999999999978;1.0;1.212435565298215;0.3114354130898207;1.0;1.0259999999999978;12.0;1.0;1.0;1.0259999999999978;12.0;1.0;1.0;1.0259999999999978;12.0;1.0;Now
15:00:03 31/08/2020;Monday;1.0252;1.0259999999999978;1.0;1.212435565298215;0.3114354130898207;1.0;1.0259999999999978;12.0;1.0;1.0;1.0259999999999978;12.0;1.0;1.0;1.0259999999999978;12.0;1.0;Now
21:53:28 31/08/2020;Monday;1.0238;1.0259999999999978;1.0;1.212435565298215;0.3114354130898207;1.0;1.0259999999999978;12.0;1.0;1.0;1.0259999999999978;12.0;1.0;1.0;1.0259999999999978;12.0;1.0;Now
21:53:28 31/08/2020;Monday;1.0238;1.0259999999999978;1.0;1.212435565298215;0.3114354130898207;1.0;1.0259999999999978;12.0;1.0;1.0;1.0259999999999978;12.0;1.0;1.0;1.0259999999999978;12.0;1.0;Now
02:48:26 01/09/2020;Tuesday;1.0235;1.0259999999999978;1.0;1.212435565298215;0.3114354130898207;0.6203009259259259;1.0259999999999978;7.443611111111111;0.6203009259259259;1.0;1.0264999999999977;12.0;1.0;0.6203009259259259;1.0259999999999978;7.443611111111111;0.6203009259259259;Now
10:15:03 01/09/2020;Tuesday;1.0269;1.0269999999999977;1.0;1.212023102090056;0.30175466639822585;1.0;1.0269999999999977;12.0;1.0;1.0;1.0269999999999977;12.0;1.0;1.0;1.0269999999999977;12.0;1.0;Now
23:03:15 01/09/2020;Tuesday;1.0271;1.0279999999999976;1.0;1.2116104984688778;0.29207062413300333;1.0;1.0279999999999976;12.0;1.0;1.0;1.0279999999999976;12.0;1.0;1.0;1.0279999999999976;12.0;1.0;Now
06:13:38 02/09/2020;Wednesday;1.0273;1.0279999999999976;1.0;1.2116104984688778;0.29207062413300333;1.0;1.0279999999999976;12.0;1.0;1.0;1.0279999999999976;12.0;1.0;1.0;1.0279999999999976;12.0;1.0;Now
11:50:16 02/09/2020;Wednesday;1.0257;1.0279999999999976;1.0;1.2116104984688778;0.29207062413300333;1.0;1.0279999999999976;12.0;1.0;1.0;1.0274999999999976;12.0;1.0;1.0;1.0279999999999976;12.0;1.0;Now
18:35:17 02/09/2020;Wednesday;1.026;1.0269999999999977;1.0;1.212023102090056;0.30175466639822585;0.5744907407407407;1.0269999999999977;6.893888888888889;0.5744907407407407;1.0;1.0293333333333308;12.0;1.0;0.5744907407407407;1.0269999999999977;6.893888888888889;0.5744907407407407;Now
01:28:55 03/09/2020;Thursday;1.0292;1.0299999999999974;1.0;1.210784869413226;0.27269263940398747;0.38587962962962963;1.0299999999999974;4.6305555555555555;0.38587962962962963;1.0;1.030666666666664;12.0;1.0;1.0;1.0304999999999973;12.0;1.0;Now
06:06:45 03/09/2020;Thursday;1.0305;1.0309999999999973;1.0;1.2103718436910216;0.2629986901869898;1.0;1.0309999999999973;12.0;1.0;1.0;1.0309999999999973;12.0;1.0;1.0;1.0309999999999973;12.0;1.0;Now
11:26:43 03/09/2020;Thursday;1.0301;1.0309999999999973;1.0;1.2103718436910216;0.2629986901869898;1.0;1.0309999999999973;12.0;1.0;1.0;1.0309999999999973;12.0;1.0;1.0;1.0309999999999973;12.0;1.0;Now
17:54:17 03/09/2020;Thursday;1.0294;1.0309999999999973;1.0;1.2103718436910216;0.2629986901869898;0.5150462962962963;1.0309999999999973;6.180555555555555;0.5150462962962963;1.0;1.0319999999999971;12.0;1.0;0.5150462962962963;1.0309999999999973;6.180555555555555;0.5150462962962963;Now
00:05:07 04/09/2020;Friday;1.0327;1.032999999999997;1.0;1.2095453691366864;0.24360086112175416;0.4923148148148148;1.032999999999997;5.907777777777778;0.4923148148148148;1.0;1.0369999999999966;12.0;1.0;0.4923148148148148;1.032999999999997;5.907777777777778;0.4923148148148148;Now
05:59:35 04/09/2020;Friday;1.037;1.0379999999999965;1.0;1.2074767078498878;0.19504820112187082;0.39875;1.0379999999999965;4.785;0.39875;1.0;1.039666666666663;12.0;1.0;0.8318055555555556;1.0389999999999964;9.981666666666667;0.8318055555555556;Now
10:46:41 04/09/2020;Friday;1.0399;1.0399999999999963;1.0;1.20664825031987;0.175603830486627;0.4330555555555556;1.0399999999999963;5.196666666666666;0.4330555555555556;1.0;1.041999999999996;12.0;1.0;0.4330555555555556;1.0399999999999963;5.196666666666666;0.4330555555555556;Now
15:58:29 04/09/2020;Friday;1.0409;1.0409999999999962;1.0;1.2062338081814834;0.16587663717415638;0.38557870370370373;1.0409999999999962;4.626944444444445;0.38557870370370373;1.0;1.0436666666666625;12.0;1.0;0.38557870370370373;1.0409999999999962;4.626944444444445;0.38557870370370373;Now
20:36:06 04/09/2020;Friday;1.0442;1.0449999999999957;1.0;1.204574613712245;0.12693439686990363;1.0;1.0449999999999957;12.0;1.0;1.0;1.0449999999999957;12.0;1.0;1.0;1.0449999999999957;12.0;1.0;Now
01:31:39 05/09/2020;Saturday;1.0441;1.0449999999999957;1.0;1.204574613712245;0.12693439686990363;0.9363425925925926;1.0449999999999957;11.23611111111111;0.9363425925925926;1.0;1.045333333333329;12.0;1.0;0.9363425925925926;1.0449999999999957;11.23611111111111;0.9363425925925926;Now
06:27:03 05/09/2020;Saturday;1.0447;1.0449999999999957;1.0;1.204574613712245;0.12693439686990363;0.5260648148148148;1.0449999999999957;6.312777777777778;0.5260648148148148;1.0;1.0454999999999957;12.0;1.0;0.5260648148148148;1.0449999999999957;6.312777777777778;0.5260648148148148;Now
12:45:49 05/09/2020;Saturday;1.0452;1.0459999999999956;1.0;1.2041594578792314;0.11719045273757317;0.5508101851851852;1.0459999999999956;6.6097222222222225;0.5508101851851852;1.0;1.0464999999999955;12.0;1.0;0.5508101851851852;1.0459999999999956;6.6097222222222225;0.5508101851851852;Now
19:22:24 05/09/2020;Saturday;1.0467;1.0469999999999955;1.0;1.2037441588643347;0.10744314804480268;1.0;1.0469999999999955;12.0;1.0;1.0;1.0469999999999955;12.0;1.0;1.0;1.0469999999999955;12.0;1.0;Now
08:51:39 06/09/2020;Sunday;1.0487;1.0489999999999953;1.0;1.2029131306956478;0.08793844305415337;0.4450462962962963;1.0489999999999953;5.3405555555555555;0.4450462962962963;1.0;1.0496666666666619;12.0;1.0;1.0;1.0494999999999952;12.0;1.0;Now
14:12:05 06/09/2020;Sunday;1.0499;1.0499999999999952;1.0;1.202497401244595;0.07818103577935566;1.0;1.0499999999999952;12.0;1.0;1.0;1.0499999999999952;12.0;1.0;1.0;1.0499999999999952;12.0;1.0;Now
20:39:50 06/09/2020;Sunday;1.0498;1.0499999999999952;1.0;1.202497401244595;0.07818103577935566;1.0;1.0499999999999952;12.0;1.0;1.0;1.0499999999999952;12.0;1.0;1.0;1.0499999999999952;12.0;1.0;Now
03:41:13 07/09/2020;Monday;1.048;1.0499999999999952;1.0;1.202497401244595;0.07818103577935566;1.0;1.0499999999999952;12.0;1.0;1.0;1.0494999999999952;12.0;1.0;1.0;1.0499999999999952;12.0;1.0;Now
10:26:04 07/09/2020;Monday;1.0464;1.0489999999999953;1.0;1.2029131306956478;0.08793844305415337;1.0;1.0489999999999953;12.0;1.0;1.0;1.047666666666662;12.0;1.0;1.0;1.0479999999999954;12.0;1.0;Now
16:02:56 07/09/2020;Monday;1.0468;1.0469999999999955;1.0;1.2037441588643347;0.10744314804480268;1.0;1.0469999999999955;12.0;1.0;1.0;1.0469999999999955;12.0;1.0;1.0;1.0469999999999955;12.0;1.0;Now
22:22:32 07/09/2020;Monday;1.0434;1.0469999999999955;1.0;1.2037441588643347;0.10744314804480268;1.0;1.0469999999999955;12.0;1.0;1.0;1.0454999999999957;12.0;1.0;1.0;1.0469999999999955;12.0;1.0;Now
05:15:37 08/09/2020;Tuesday;1.0429;1.0439999999999958;1.0;1.204989626511367;0.13667498391523653;1.0;1.0439999999999958;12.0;1.0;1.0;1.0434999999999959;12.0;1.0;1.0;1.0439999999999958;12.0;1.0;Now
11:51:38 08/09/2020;Tuesday;1.0412;1.042999999999996;1.0;1.2054044964243347;0.14641221734104715;1.0;1.042999999999996;12.0;1.0;1.0;1.042999999999996;12.0;1.0;1.0;1.042999999999996;12.0;1.0;Now
18:07:11 08/09/2020;Tuesday;1.0429;1.042999999999996;1.0;1.2054044964243347;0.14641221734104715;1.0;1.042999999999996;12.0;1.0;1.0;1.042999999999996;12.0;1.0;1.0;1.042999999999996;12.0;1.0;Now
00:52:48 09/09/2020;Wednesday;1.0417;1.042999999999996;1.0;1.2054044964243347;0.14641221734104715;1.0;1.042999999999996;12.0;1.0;1.0;1.042499999999996;12.0;1.0;1.0;1.042999999999996;12.0;1.0;Now
08:19:06 09/09/2020;Wednesday;1.0418;1.041999999999996;1.0;1.2058192235986305;0.15614610060883838;0.3872453703703704;1.041999999999996;4.646944444444444;0.3872453703703704;1.0;1.0426666666666626;12.0;1.0;1.0;1.042499999999996;12.0;1.0;Now
12:57:55 09/09/2020;Wednesday;1.0422;1.042999999999996;1.0;1.2054044964243347;0.14641221734104715;0.995462962962963;1.042999999999996;11.945555555555556;0.995462962962963;1.0;1.0439999999999958;12.0;1.0;0.995462962962963;1.042999999999996;11.945555555555556;0.995462962962963;Now
19:59:21 09/09/2020;Wednesday;1.0426;1.042999999999996;1.0;1.2054044964243347;0.14641221734104715;0.4101388888888889;1.042999999999996;4.921666666666667;0.4101388888888889;1.0;1.0456666666666623;12.0;1.0;0.9363888888888889;1.0444999999999958;11.236666666666666;0.9363888888888889;Now
00:54:39 10/09/2020;Thursday;1.0455;1.0459999999999956;1.0;1.2041594578792314;0.11719045273757317;0.52625;1.0459999999999956;6.315;0.52625;1.0;1.047666666666662;12.0;1.0;0.52625;1.0459999999999956;6.315;0.52625;Now
07:13:33 10/09/2020;Thursday;1.0472;1.0479999999999954;1.0;1.2033287165193078;0.097692479312146;0.4449537037037037;1.0479999999999954;5.339444444444444;0.4449537037037037;1.0;1.0489999999999953;12.0;1.0;0.4449537037037037;1.0479999999999954;5.339444444444444;0.4449537037037037;Now
12:33:55 10/09/2020;Thursday;1.0481;1.0489999999999953;1.0;1.2029131306956478;0.08793844305415337;0.40875;1.0489999999999953;4.905;0.40875;1.0;1.0496666666666619;12.0;1.0;1.0;1.0494999999999952;12.0;1.0;Now
17:28:13 10/09/2020;Thursday;1.0494;1.0499999999999952;1.0;1.202497401244595;0.07818103577935566;1.0;1.0499999999999952;12.0;1.0;1.0;1.0499999999999952;12.0;1.0;1.0;1.0499999999999952;12.0;1.0;Now
00:12:18 11/09/2020;Friday;1.0499;1.0499999999999952;1.0;1.202497401244595;0.07818103577935566;1.0;1.0499999999999952;12.0;1.0;1.0;1.0499999999999952;12.0;1.0;1.0;1.0499999999999952;12.0;1.0;Now
06:05:21 11/09/2020;Friday;1.0441;1.0499999999999952;1.0;1.202497401244595;0.07818103577935566;1.0;1.0499999999999952;12.0;1.0;1.0;1.0474999999999954;12.0;1.0;1.0;1.0499999999999952;12.0;1.0;Now
13:15:26 11/09/2020;Friday;1.0382;1.0449999999999957;1.0;1.204574613712245;0.12693439686990363;1.0;1.0449999999999957;12.0;1.0;1.0;1.0409999999999962;12.0;1.0;1.0;1.0449999999999957;12.0;1.0;Now
18:10:26 11/09/2020;Friday;1.0365;1.0389999999999964;1.0;1.2070625501605141;0.185327683989935;1.0;1.0389999999999964;12.0;1.0;1.0;1.0383333333333298;12.0;1.0;1.0;1.0389999999999964;12.0;1.0;Now
22:48:44 11/09/2020;Friday;1.0354;1.0389999999999964;1.0;1.2070625501605141;0.185327683989935;1.0;1.0389999999999964;12.0;1.0;1.0;1.0373333333333299;12.0;1.0;1.0;1.0389999999999964;12.0;1.0;Now
05:15:51 12/09/2020;Saturday;1.0328;1.0369999999999966;1.0;1.2078907235342125;0.2047653853143308;1.0;1.0369999999999966;12.0;1.0;1.0;1.03533333333333;12.0;1.0;1.0;1.0369999999999966;12.0;1.0;Now
10:36:15 12/09/2020;Saturday;1.0307;1.0359999999999967;1.0;1.2083045973594586;0.2144792399933274;1.0;1.0359999999999967;12.0;1.0;1.0;1.0333333333333303;12.0;1.0;1.0;1.0359999999999967;12.0;1.0;Now
15:55:46 12/09/2020;Saturday;1.0277;1.032999999999997;1.0;1.2095453691366864;0.24360086112175416;1.0;1.032999999999997;12.0;1.0;1.0;1.0319999999999971;12.0;1.0;1.0;1.0319999999999971;12.0;1.0;Now
21:50:09 12/09/2020;Saturday;1.0244;1.0309999999999973;1.0;1.2103718436910216;0.2629986901869898;1.0;1.0309999999999973;12.0;1.0;1.0;1.0279999999999976;12.0;1.0;1.0;1.0309999999999973;12.0;1.0;Now
03:57:47 13/09/2020;Sunday;1.0226;1.024999999999998;1.0;1.212847888236609;0.3211128675700427;1.0;1.024999999999998;12.0;1.0;1.0;1.023999999999998;12.0;1.0;1.0;1.023999999999998;12.0;1.0;Now
09:52:15 13/09/2020;Sunday;1.0228;1.0229999999999981;1.0;1.2136721138759026;0.34045791331687014;0.56125;1.0229999999999981;6.735;0.56125;1.0;1.023499999999998;12.0;1.0;0.56125;1.0229999999999981;6.735;0.56125;Now
16:36:21 13/09/2020;Sunday;1.0233;1.023999999999998;1.0;1.2132600710482488;0.3307870331954453;0.4681712962962963;1.023999999999998;5.618055555555555;0.4681712962962963;1.0;1.0256666666666645;12.0;1.0;0.4681712962962963;1.023999999999998;5.618055555555555;0.4681712962962963;Now
22:13:26 13/09/2020;Sunday;1.024;1.024999999999998;1.0;1.212847888236609;0.3211128675700427;0.4576851851851852;1.024999999999998;5.492222222222222;0.4576851851851852;1.0;1.0283333333333309;12.0;1.0;0.4576851851851852;1.024999999999998;5.492222222222222;0.4576851851851852;Now
03:42:58 14/09/2020;Monday;1.0278;1.0279999999999976;1.0;1.2116104984688778;0.29207062413300333;0.4441898148148148;1.0279999999999976;5.330277777777778;0.4441898148148148;1.0;1.0323333333333304;12.0;1.0;0.4441898148148148;1.0279999999999976;5.330277777777778;0.4441898148148148;Now
09:02:47 14/09/2020;Monday;1.0318;1.0319999999999971;1.0;1.209958676980335;0.25330143188991955;0.4690740740740741;1.0319999999999971;5.628888888888889;0.4690740740740741;1.0;1.03533333333333;12.0;1.0;0.4690740740740741;1.0319999999999971;5.628888888888889;0.4690740740740741;Now
14:40:31 14/09/2020;Monday;1.036;1.0369999999999966;1.0;1.2078907235342125;0.2047653853143308;0.8776851851851852;1.0369999999999966;10.532222222222222;0.8776851851851852;1.0;1.0379999999999965;12.0;1.0;0.8776851851851852;1.0369999999999966;10.532222222222222;0.8776851851851852;Now
20:33:55 14/09/2020;Monday;1.0362;1.0369999999999966;1.0;1.2078907235342125;0.2047653853143308;0.38685185185185184;1.0369999999999966;4.642222222222222;0.38685185185185184;1.0;1.0389999999999964;12.0;1.0;1.0;1.0384999999999964;12.0;1.0;Now
01:12:27 15/09/2020;Tuesday;1.0396;1.0399999999999963;1.0;1.20664825031987;0.175603830486627;1.0;1.0399999999999963;12.0;1.0;1.0;1.0399999999999963;12.0;1.0;1.0;1.0399999999999963;12.0;1.0;Now
07:06:46 15/09/2020;Tuesday;1.0375;1.0399999999999963;1.0;1.20664825031987;0.175603830486627;1.0;1.0399999999999963;12.0;1.0;1.0;1.0393333333333297;12.0;1.0;1.0;1.0399999999999963;12.0;1.0;Now
12:09:50 15/09/2020;Tuesday;1.0366;1.0399999999999963;1.0;1.20664825031987;0.175603830486627;1.0;1.0399999999999963;12.0;1.0;1.0;1.038666666666663;12.0;1.0;1.0;1.0389999999999964;12.0;1.0;Now
16:47:39 15/09/2020;Tuesday;1.0374;1.0379999999999965;1.0;1.2074767078498878;0.19504820112187082;1.0;1.0379999999999965;12.0;1.0;1.0;1.0379999999999965;12.0;1.0;1.0;1.0379999999999965;12.0;1.0;Now
21:53:27 15/09/2020;Tuesday;1.0375;1.0379999999999965;1.0;1.2074767078498878;0.19504820112187082;0.6177777777777778;1.0379999999999965;7.413333333333333;0.6177777777777778;1.0;1.0389999999999964;12.0;1.0;0.6177777777777778;1.0379999999999965;7.413333333333333;0.6177777777777778;Now
05:18:15 16/09/2020;Wednesday;1.0394;1.0399999999999963;1.0;1.20664825031987;0.175603830486627;1.0;1.0399999999999963;12.0;1.0;1.0;1.0399999999999963;12.0;1.0;1.0;1.0399999999999963;12.0;1.0;Now
12:45:14 16/09/2020;Wednesday;1.0375;1.0399999999999963;1.0;1.20664825031987;0.175603830486627;1.0;1.0399999999999963;12.0;1.0;1.0;1.0393333333333297;12.0;1.0;1.0;1.0394999999999963;12.0;1.0;Now
17:57:57 16/09/2020;Wednesday;1.0384;1.0389999999999964;1.0;1.2070625501605141;0.185327683989935;1.0;1.0389999999999964;12.0;1.0;1.0;1.0389999999999964;12.0;1.0;1.0;1.0389999999999964;12.0;1.0;Now
00:09:36 17/09/2020;Thursday;1.0327;1.0389999999999964;1.0;1.2070625501605141;0.185327683989935;1.0;1.0389999999999964;12.0;1.0;1.0;1.0349999999999968;12.0;1.0;1.0;1.0389999999999964;12.0;1.0;Now
06:37:25 17/09/2020;Thursday;1.0285;1.032999999999997;1.0;1.2095453691366864;0.24360086112175416;1.0;1.032999999999997;12.0;1.0;1.0;1.032999999999997;12.0;1.0;1.0;1.032999999999997;12.0;1.0;Now
11:57:56 17/09/2020;Thursday;1.0243;1.032999999999997;1.0;1.2095453691366864;0.24360086112175416;1.0;1.032999999999997;12.0;1.0;1.0;1.0289999999999975;12.0;1.0;1.0;1.032999999999997;12.0;1.0;Now
23:21:52 17/09/2020;Thursday;1.0238;1.024999999999998;1.0;1.212847888236609;0.3211128675700427;1.0;1.024999999999998;12.0;1.0;1.0;1.0243333333333313;12.0;1.0;1.0;1.024499999999998;12.0;1.0;Now
04:00:14 18/09/2020;Friday;1.0239;1.023999999999998;1.0;1.2132600710482488;0.3307870331954453;1.0;1.023999999999998;12.0;1.0;1.0;1.023999999999998;12.0;1.0;1.0;1.023999999999998;12.0;1.0;Now
10:03:31 18/09/2020;Friday;1.0235;1.023999999999998;1.0;1.2132600710482488;0.3307870331954453;1.0;1.023999999999998;12.0;1.0;1.0;1.023999999999998;12.0;1.0;1.0;1.023999999999998;12.0;1.0;Now
16:14:15 18/09/2020;Friday;1.0218;1.023999999999998;1.0;1.2132600710482488;0.3307870331954453;1.0;1.023999999999998;12.0;1.0;1.0;1.0229999999999981;12.0;1.0;1.0;1.023999999999998;12.0;1.0;Now
23:08:39 18/09/2020;Friday;1.0211;1.0219999999999982;1.0;1.2140840168620959;0.3501255112794783;1.0;1.0219999999999982;12.0;1.0;1.0;1.0219999999999982;12.0;1.0;1.0;1.0219999999999982;12.0;1.0;Now
05:27:50 19/09/2020;Saturday;1.0212;1.0219999999999982;1.0;1.2140840168620959;0.3501255112794783;1.0;1.0219999999999982;12.0;1.0;1.0;1.0219999999999982;12.0;1.0;1.0;1.0219999999999982;12.0;1.0;Now
11:31:04 19/09/2020;Saturday;1.0215;1.0219999999999982;1.0;1.2140840168620959;0.3501255112794783;1.0;1.0219999999999982;12.0;1.0;1.0;1.0219999999999982;12.0;1.0;1.0;1.0219999999999982;12.0;1.0;Now
16:43:16 19/09/2020;Saturday;1.0209;1.0219999999999982;1.0;1.2140840168620959;0.3501255112794783;1.0;1.0219999999999982;12.0;1.0;1.0;1.0219999999999982;12.0;1.0;1.0;1.0219999999999982;12.0;1.0;Now
22:21:07 19/09/2020;Saturday;1.0207;1.0219999999999982;1.0;1.2140840168620959;0.3501255112794783;1.0;1.0219999999999982;12.0;1.0;1.0;1.0214999999999983;12.0;1.0;1.0;1.0219999999999982;12.0;1.0;Now
05:39:52 20/09/2020;Sunday;1.0202;1.0209999999999984;1.0;1.2144957801491125;0.3597898304227502;1.0;1.0209999999999984;12.0;1.0;1.0;1.0209999999999984;12.0;1.0;1.0;1.0209999999999984;12.0;1.0;Now
11:19:57 20/09/2020;Sunday;1.0198;1.0209999999999984;1.0;1.2144957801491125;0.3597898304227502;1.0;1.0209999999999984;12.0;1.0;1.0;1.0209999999999984;12.0;1.0;1.0;1.0209999999999984;12.0;1.0;Now
17:22:56 20/09/2020;Sunday;1.0151;1.0209999999999984;1.0;1.2144957801491125;0.3597898304227502;1.0;1.0209999999999984;12.0;1.0;1.0;1.0184999999999986;12.0;1.0;1.0;1.0209999999999984;12.0;1.0;Now
00:50:11 21/09/2020;Monday;1.0082;1.015999999999999;1.0;1.2165525060596445;0.40806236033582655;1.0;1.015999999999999;12.0;1.0;1.0;1.0124999999999993;12.0;1.0;1.0;1.0124999999999993;12.0;1.0;Now
06:44:41 21/09/2020;Monday;1.0011;1.0089999999999997;1.0;1.2194260945215172;0.4755071201228719;1.0;1.0089999999999997;12.0;1.0;1.0;1.0055;12.0;1.0;1.0;1.0089999999999997;12.0;1.0;Now
13:12:40 21/09/2020;Monday;0.9934;1.0020000000000004;1.0;1.2222929272478016;0.5427933189433829;1.0;1.0020000000000004;12.0;1.0;1.0;0.9980000000000007;12.0;1.0;1.0;1.0020000000000004;12.0;1.0;Now
19:15:44 21/09/2020;Monday;0.9891;0.9940000000000008;1.0;1.2255610959882821;0.6194991028681949;1.0;0.9940000000000008;12.0;1.0;1.0;0.9920000000000008;12.0;1.0;1.0;0.9940000000000008;12.0;1.0;Now
02:44:08 22/09/2020;Tuesday;0.9885;0.9900000000000008;1.0;1.2271919165313954;0.65777539094682;1.0;0.9900000000000008;12.0;1.0;1.0;0.9895000000000007;12.0;1.0;1.0;0.9895000000000007;12.0;1.0;Now
08:04:12 22/09/2020;Tuesday;0.9887;0.9890000000000008;1.0;1.2275992831539122;0.6673365178672013;1.0;0.9890000000000008;12.0;1.0;1.0;0.9890000000000008;12.0;1.0;1.0;0.9890000000000008;12.0;1.0;Now
15:23:24 22/09/2020;Tuesday;0.9872;0.9890000000000008;1.0;1.2275992831539122;0.6673365178672013;1.0;0.9890000000000008;12.0;1.0;1.0;0.9886666666666675;12.0;1.0;1.0;0.9890000000000008;12.0;1.0;Now
22:46:57 22/09/2020;Tuesday;0.9872;0.9880000000000008;1.0;1.2280065146406998;0.676894473074959;0.5312731481481482;0.9880000000000008;0.06388888888888888;0.005324074074074074;1.0;0.9886666666666675;12.0;1.0;1.0;0.9886666666666675;12.0;1.0;Now
22:50:47 22/09/2020;Tuesday;0.9884;0.9890000000000008;1.0;1.2275992831539122;0.6673365178672013;1.0;0.9890000000000008;12.0;1.0;1.0;0.9890000000000008;12.0;1.0;1.0;0.9890000000000008;12.0;1.0;Now
04:28:16 23/09/2020;Wednesday;0.9861;0.9890000000000008;1.0;1.2275992831539122;0.6673365178672013;1.0;0.9890000000000008;12.0;1.0;1.0;0.9883333333333342;12.0;1.0;1.0;0.9890000000000008;12.0;1.0;Now
10:48:43 23/09/2020;Wednesday;0.9847;0.9890000000000008;1.0;1.2275992831539122;0.6673365178672013;1.0;0.9890000000000008;12.0;1.0;1.0;0.9880000000000008;12.0;1.0;1.0;0.9880000000000008;12.0;1.0;Now
16:08:46 23/09/2020;Wednesday;0.9808;0.9870000000000008;1.0;1.2284136111261545;0.6864492597244554;1.0;0.9870000000000008;12.0;1.0;1.0;0.9840000000000008;12.0;1.0;1.0;0.9870000000000008;12.0;1.0;Now
23:36:58 23/09/2020;Wednesday;0.9797;0.9810000000000008;1.0;1.2308533625091167;0.7437116158854902;1.0;0.9810000000000008;12.0;1.0;1.0;0.9805000000000008;12.0;1.0;1.0;0.9810000000000008;12.0;1.0;Now
06:29:38 24/09/2020;Thursday;0.9743;0.9800000000000008;1.0;1.2312595177297105;0.7532443105119692;1.0;0.9800000000000008;12.0;1.0;1.0;0.9766666666666675;12.0;1.0;1.0;0.9800000000000008;12.0;1.0;Now
12:50:26 24/09/2020;Thursday;0.9704;0.9750000000000008;1.0;1.2332882874656677;0.8008606930665136;1.0;0.9750000000000008;12.0;1.0;1.0;0.9736666666666673;12.0;1.0;1.0;0.9750000000000008;12.0;1.0;Now
17:53:08 24/09/2020;Thursday;0.9675;0.9750000000000008;1.0;1.2332882874656677;0.8008606930665136;1.0;0.9750000000000008;12.0;1.0;1.0;0.9713333333333342;12.0;1.0;1.0;0.9750000000000008;12.0;1.0;Now
23:06:23 24/09/2020;Thursday;0.965;0.9710000000000008;1.0;1.2349089035228467;0.838897476041427;1.0;0.9710000000000008;12.0;1.0;1.0;0.9680000000000007;12.0;1.0;1.0;0.9710000000000008;12.0;1.0;Now
04:18:15 25/09/2020;Friday;0.9628;0.9680000000000007;1.0;1.2361229712289952;0.8673923373943409;1.0;0.9680000000000007;12.0;1.0;1.0;0.9653333333333342;12.0;1.0;1.0;0.9680000000000007;12.0;1.0;Now
09:39:04 25/09/2020;Friday;0.9622;0.9650000000000007;1.0;1.2373358476985945;0.8958592397461749;1.0;0.9650000000000007;12.0;1.0;1.0;0.9636666666666674;12.0;1.0;1.0;0.9650000000000007;12.0;1.0;Now
15:33:09 25/09/2020;Friday;0.9599;0.9630000000000007;1.0;1.238143771942499;0.9148216824477856;0.9499074074074074;0.9630000000000007;11.398888888888889;0.9499074074074074;1.0;0.9633333333333342;12.0;1.0;0.9499074074074074;0.9630000000000007;11.398888888888889;0.9499074074074074;Now
20:28:46 25/09/2020;Friday;0.9621;0.9630000000000007;1.0;1.238143771942499;0.9148216824477856;0.5393287037037037;0.9630000000000007;6.4719444444444445;0.5393287037037037;1.0;0.9635000000000007;12.0;1.0;0.5393287037037037;0.9630000000000007;6.4719444444444445;0.5393287037037037;Now
02:57:05 26/09/2020;Saturday;0.9634;0.9640000000000007;1.0;1.2377398757412639;0.9053420082938003;1.0;0.9640000000000007;12.0;1.0;1.0;0.9640000000000007;12.0;1.0;1.0;0.9640000000000007;12.0;1.0;Now
09:00:03 26/09/2020;Saturday;0.9635;0.9640000000000007;1.0;1.2377398757412639;0.9053420082938003;1.0;0.9640000000000007;12.0;1.0;1.0;0.9640000000000007;12.0;1.0;1.0;0.9640000000000007;12.0;1.0;Now
15:19:50 26/09/2020;Saturday;0.9632;0.9640000000000007;1.0;1.2377398757412639;0.9053420082938003;1.0;0.9640000000000007;12.0;1.0;1.0;0.9640000000000007;12.0;1.0;1.0;0.9640000000000007;12.0;1.0;Now
22:04:44 26/09/2020;Saturday;0.9622;0.9640000000000007;1.0;1.2377398757412639;0.9053420082938003;1.0;0.9640000000000007;12.0;1.0;1.0;0.9635000000000007;12.0;1.0;1.0;0.9640000000000007;12.0;1.0;Now
05:23:09 27/09/2020;Sunday;0.9598;0.9630000000000007;1.0;1.238143771942499;0.9148216824477856;1.0;0.9630000000000007;12.0;1.0;1.0;0.9615000000000007;12.0;1.0;1.0;0.9615000000000007;12.0;1.0;Now
10:52:51 27/09/2020;Sunday;0.9586;0.9600000000000007;1.0;1.239354670786373;0.9432421687961563;1.0;0.9600000000000007;12.0;1.0;1.0;0.9595000000000007;12.0;1.0;1.0;0.9600000000000007;12.0;1.0;Now
17:37:50 27/09/2020;Sunday;0.9589;0.9590000000000007;1.0;1.2397580409095958;0.9527094955992119;0.46835648148148146;0.9590000000000007;5.620277777777778;0.46835648148148146;1.0;0.9595000000000007;12.0;1.0;1.0;0.9595000000000007;12.0;1.0;Now
23:15:03 27/09/2020;Sunday;0.9595;0.9600000000000007;1.0;1.239354670786373;0.9432421687961563;1.0;0.9600000000000007;12.0;1.0;1.0;0.9600000000000007;12.0;1.0;1.0;0.9600000000000007;12.0;1.0;Now
05:43:49 28/09/2020;Monday;0.9594;0.9600000000000007;1.0;1.239354670786373;0.9432421687961563;1.0;0.9600000000000007;12.0;1.0;1.0;0.9600000000000007;12.0;1.0;1.0;0.9600000000000007;12.0;1.0;Now
10:38:21 28/09/2020;Monday;0.9585;0.9600000000000007;1.0;1.239354670786373;0.9432421687961563;1.0;0.9600000000000007;12.0;1.0;1.0;0.9600000000000007;12.0;1.0;1.0;0.9600000000000007;12.0;1.0;Now
16:16:25 28/09/2020;Monday;0.9571;0.9600000000000007;1.0;1.239354670786373;0.9432421687961563;0.9729398148148148;0.9600000000000007;11.675277777777778;0.9729398148148148;1.0;0.960333333333334;12.0;1.0;0.9729398148148148;0.9600000000000007;11.675277777777778;0.9729398148148148;Now
20:55:02 28/09/2020;Monday;0.9596;0.9600000000000007;1.0;1.239354670786373;0.9432421687961563;0.5859722222222222;0.9600000000000007;7.031666666666666;0.5859722222222222;1.0;0.9606666666666674;12.0;1.0;0.5859722222222222;0.9600000000000007;7.031666666666666;0.5859722222222222;Now
03:56:56 29/09/2020;Tuesday;0.9607;0.9610000000000007;1.0;1.2389511693363864;0.9337717596790714;1.0;0.9610000000000007;12.0;1.0;1.0;0.9610000000000007;12.0;1.0;1.0;0.9610000000000007;12.0;1.0;Now
08:51:57 29/09/2020;Tuesday;0.9608;0.9610000000000007;1.0;1.2389511693363864;0.9337717596790714;0.5977314814814815;0.9610000000000007;7.172777777777778;0.5977314814814815;1.0;0.9616666666666673;12.0;1.0;0.5977314814814815;0.9610000000000007;7.172777777777778;0.5977314814814815;Now
16:02:19 29/09/2020;Tuesday;0.962;0.9620000000000007;1.0;1.2385475364312826;0.9242982652354262;0.5755092592592592;0.9620000000000007;6.9061111111111115;0.5755092592592592;1.0;0.962333333333334;12.0;1.0;0.5755092592592592;0.9620000000000007;6.9061111111111115;0.5755092592592592;Now
17:05:29 29/09/2020;Tuesday;0.962;0.9620000000000007;1.0;1.2385475364312826;0.9242982652354262;0.48777777777777775;0.9620000000000007;5.8533333333333335;0.48777777777777775;1.0;0.9625000000000008;12.0;1.0;1.0;0.9625000000000008;12.0;1.0;Now
22:56:41 29/09/2020;Tuesday;0.9621;0.9630000000000007;1.0;1.238143771942499;0.9148216824477856;1.0;0.9630000000000007;12.0;1.0;1.0;0.9630000000000007;12.0;1.0;1.0;0.9630000000000007;12.0;1.0;Now
05:33:01 30/09/2020;Wednesday;0.9608;0.9630000000000007;1.0;1.238143771942499;0.9148216824477856;1.0;0.9630000000000007;12.0;1.0;1.0;0.9625000000000008;12.0;1.0;1.0;0.9630000000000007;12.0;1.0;Now
12:43:56 30/09/2020;Wednesday;0.962;0.9620000000000007;1.0;1.2385475364312826;0.9242982652354262;;;;;;;;;;;;;Now
19:53:51 30/09/2020;Wednesday;0.9601;0.9620000000000007;1.0;1.2385475364312826;0.9242982652354262;;;;;;;;;;;;;Now
