19:53:24 31/03/2020;0.9427;;;;;;;
03:08:53 01/04/2020;0.9491;;;;;;;
08:10:52 01/04/2020;0.9496;0.9500000000000007;1.0;1.243382483389564;0.9500000000000007;5.595277777777778;0.9525000000000008;11.880555555555556
13:46:35 01/04/2020;0.9545;0.9550000000000007;1.0;1.2413702106946176;0.9550000000000007;6.285277777777778;0.9550000000000007;6.285277777777778
20:03:42 01/04/2020;0.961;0.9610000000000007;1.0;1.2389511693363864;0.9610000000000007;12.0;0.9610000000000007;12.0
02:55:12 02/04/2020;0.9598;0.9610000000000007;1.0;1.2389511693363864;0.9610000000000007;7.264166666666667;0.9610000000000007;7.264166666666667
10:11:03 02/04/2020;0.963;0.9630000000000007;1.0;1.238143771942499;0.9630000000000007;12.0;0.9630000000000007;12.0
17:01:23 02/04/2020;0.9609;0.9630000000000007;1.0;1.238143771942499;0.9630000000000007;5.874722222222222;0.9645000000000008;12.0
22:53:52 02/04/2020;0.9656;0.9660000000000007;1.0;1.2369316876852978;0.9660000000000007;7.2636111111111115;0.9660000000000007;7.2636111111111115
06:09:41 03/04/2020;0.9688;0.9690000000000007;1.0;1.2357184145265454;0.9690000000000007;6.147222222222222;0.9690000000000007;6.147222222222222
12:18:31 03/04/2020;0.9727;0.9730000000000008;1.0;1.23409886151799;0.9730000000000008;6.293888888888889;0.9730000000000008;6.293888888888889
18:36:09 03/04/2020;0.9759;0.9760000000000008;1.0;1.2328828005937948;0.9760000000000008;12.0;0.9760000000000008;12.0
01:43:16 04/04/2020;0.9731;0.9760000000000008;1.0;1.2328828005937948;0.9760000000000008;12.0;0.9760000000000008;12.0
08:09:17 04/04/2020;0.9728;0.9740000000000008;1.0;1.2336936410632906;0.9740000000000008;12.0;0.9740000000000008;12.0
13:02:29 04/04/2020;0.9713;0.9740000000000008;1.0;1.2336936410632906;0.9740000000000008;12.0;0.9740000000000008;12.0
19:11:13 04/04/2020;0.971;0.9730000000000008;1.0;1.23409886151799;0.9730000000000008;12.0;0.9730000000000008;12.0
00:30:21 05/04/2020;0.9691;0.9720000000000008;1.0;1.234503948960877;0.9720000000000008;12.0;0.9720000000000008;12.0
05:31:22 05/04/2020;0.9694;0.9710000000000008;1.0;1.2349089035228467;0.9710000000000008;12.0;0.9705000000000008;12.0
10:16:56 05/04/2020;0.9684;0.9700000000000008;1.0;1.2353137253345805;0.9700000000000008;12.0;0.9700000000000008;12.0
15:35:36 05/04/2020;0.9676;0.9700000000000008;1.0;1.2353137253345805;0.9700000000000008;12.0;0.9700000000000008;12.0
21:35:53 05/04/2020;0.9643;0.9690000000000007;1.0;1.2357184145265454;0.9690000000000007;12.0;0.9690000000000007;12.0
04:26:33 06/04/2020;0.9641;0.9650000000000007;1.0;1.2373358476985945;0.9650000000000007;6.9875;0.9650000000000007;6.9875
11:25:48 06/04/2020;0.9659;0.9660000000000007;1.0;1.2369316876852978;0.9660000000000007;6.008055555555556;0.9660000000000007;6.008055555555556
17:26:17 06/04/2020;0.9675;0.9680000000000007;1.0;1.2361229712289952;0.9680000000000007;6.1525;0.9680000000000007;6.1525
23:35:26 06/04/2020;0.971;0.9710000000000008;1.0;1.2349089035228467;0.9710000000000008;12.0;0.9710000000000008;12.0
06:01:14 07/04/2020;0.9704;0.9710000000000008;1.0;1.2349089035228467;0.9710000000000008;6.425;0.9710000000000008;6.425
12:26:44 07/04/2020;0.9717;0.9720000000000008;1.0;1.234503948960877;0.9720000000000008;7.586666666666667;0.9720000000000008;7.586666666666667
20:01:56 07/04/2020;0.9739;0.9740000000000008;1.0;1.2336936410632906;0.9740000000000008;6.711944444444445;0.9740000000000008;6.711944444444445
02:44:39 08/04/2020;0.9775;0.9780000000000008;1.0;1.232071426500915;0.9780000000000008;6.579166666666667;0.9780000000000008;6.579166666666667
09:19:24 08/04/2020;0.9806;0.9810000000000008;1.0;1.2308533625091167;0.9810000000000008;4.747222222222222;0.9820000000000008;10.067777777777778
14:04:14 08/04/2020;0.9824;0.9830000000000008;1.0;1.230040649734796;0.9830000000000008;5.320555555555556;0.9830000000000008;5.320555555555556
19:23:28 08/04/2020;0.9847;0.9850000000000008;1.0;1.2292273996295393;0.9850000000000008;5.860833333333333;0.9860000000000008;12.0
21:04:56 08/04/2020;0.9847;0.9850000000000008;1.0;1.2292273996295393;0.9850000000000008;4.169722222222222;0.9865000000000008;12.0
01:15:07 09/04/2020;0.9874;0.9880000000000008;1.0;1.2280065146406998;0.9880000000000008;12.0;0.9880000000000008;12.0
06:58:51 09/04/2020;0.9853;0.9880000000000008;1.0;1.2280065146406998;0.9880000000000008;12.0;0.9880000000000008;12.0
13:16:39 09/04/2020;0.9851;0.9860000000000008;1.0;1.2288205727444506;0.9860000000000008;12.0;0.9860000000000008;12.0
18:52:15 09/04/2020;0.9841;0.9860000000000008;1.0;1.2288205727444506;0.9860000000000008;11.047222222222222;0.9860000000000008;11.047222222222222
00:44:14 10/04/2020;0.9859;0.9860000000000008;1.0;1.2288205727444506;0.9860000000000008;5.180833333333333;0.9880000000000008;12.0
05:55:05 10/04/2020;0.9893;0.9900000000000008;1.0;1.2271919165313954;0.9900000000000008;12.0;0.9900000000000008;12.0
12:29:12 10/04/2020;0.9861;0.9900000000000008;1.0;1.2271919165313954;0.9900000000000008;12.0;0.9900000000000008;12.0
20:02:46 10/04/2020;0.9844;0.9870000000000008;1.0;1.2284136111261545;0.9870000000000008;12.0;0.9870000000000008;12.0
03:18:35 11/04/2020;0.9845;0.9850000000000008;1.0;1.2292273996295393;0.9850000000000008;9.6425;0.9850000000000008;9.6425
08:12:35 11/04/2020;0.9843;0.9850000000000008;1.0;1.2292273996295393;0.9850000000000008;4.7425;0.9870000000000008;12.0
12:57:08 11/04/2020;0.9883;0.9890000000000008;1.0;1.2275992831539122;0.9890000000000008;12.0;0.9890000000000008;12.0
07:07:45 12/04/2020;0.9884;0.9890000000000008;1.0;1.2275992831539122;0.9890000000000008;6.021388888888889;0.9890000000000008;6.021388888888889
13:09:02 12/04/2020;0.9913;0.9920000000000008;1.0;1.226376777340471;0.9920000000000008;6.7075;0.9920000000000008;6.7075
19:51:29 12/04/2020;0.9928;0.9930000000000008;1.0;1.2259690045021527;0.9930000000000008;12.0;0.9930000000000008;12.0
01:07:46 13/04/2020;0.9928;0.9930000000000008;1.0;1.2259690045021527;0.9930000000000008;6.894722222222223;0.9930000000000008;6.894722222222223
01:19:15 13/04/2020;0.9915;0.9930000000000008;1.0;1.2259690045021527;0.9930000000000008;6.703333333333333;0.9930000000000008;6.703333333333333
08:01:27 13/04/2020;0.9943;0.9950000000000008;1.0;1.2251530516633418;0.9950000000000008;7.267777777777778;0.9950000000000008;7.267777777777778
15:17:31 13/04/2020;0.9957;0.9960000000000008;1.0;1.2247448713915887;0.9960000000000008;12.0;0.9960000000000008;12.0
21:09:50 13/04/2020;0.9948;0.9960000000000008;1.0;1.2247448713915887;0.9960000000000008;12.0;0.9960000000000008;12.0
04:17:32 14/04/2020;0.9931;0.9950000000000008;1.0;1.2251530516633418;0.9950000000000008;12.0;0.9950000000000008;12.0
09:02:53 14/04/2020;0.9938;0.9950000000000008;1.0;1.2251530516633418;0.9950000000000008;12.0;0.9950000000000008;12.0
14:38:24 14/04/2020;0.9932;0.9940000000000008;1.0;1.2255610959882821;0.9940000000000008;7.55;0.9940000000000008;7.55
19:09:46 14/04/2020;0.9932;0.9940000000000008;1.0;1.2255610959882821;0.9940000000000008;3.027222222222222;0.9950000000000008;9.597777777777777
22:11:24 14/04/2020;0.9959;0.9960000000000008;1.0;1.2247448713915887;0.9960000000000008;6.570555555555556;0.9960000000000008;6.570555555555556
04:45:38 15/04/2020;0.9989;0.9990000000000008;1.0;1.2235195135346224;0.9990000000000008;12.0;0.9990000000000008;12.0
12:10:08 15/04/2020;0.9978;0.9990000000000008;1.0;1.2235195135346224;0.9990000000000008;5.173333333333333;0.9995000000000007;12.0
17:20:32 15/04/2020;0.9993;1.0000000000000007;1.0;1.2231107881136523;1.0000000000000007;12.0;1.0000000000000007;12.0
00:53:13 16/04/2020;0.9998;1.0000000000000007;1.0;1.2231107881136523;1.0000000000000007;6.718333333333334;1.0000000000000007;6.718333333333334
07:36:19 16/04/2020;1.007;1.0079999999999998;1.0;1.2198360545581526;1.0079999999999998;5.876944444444445;1.0089999999999997;11.906944444444445
13:28:56 16/04/2020;1.0096;1.0099999999999996;1.0;1.2190159966136624;1.0099999999999996;6.03;1.0099999999999996;6.03
19:30:44 16/04/2020;1.0113;1.0119999999999993;1.0;1.2181953866272852;1.0119999999999993;11.490833333333333;1.0119999999999993;11.490833333333333
01:45:06 17/04/2020;1.0111;1.0119999999999993;1.0;1.2181953866272852;1.0119999999999993;5.251388888888889;1.0124999999999993;11.962222222222222
07:00:11 17/04/2020;1.0129;1.0129999999999992;1.0;1.217784874269672;1.0129999999999992;6.710833333333333;1.0129999999999992;6.710833333333333
13:42:50 17/04/2020;1.017;1.0179999999999987;1.0;1.2157302332343312;1.0179999999999987;12.0;1.0179999999999987;12.0
19:51:41 17/04/2020;1.0175;1.0179999999999987;1.0;1.2157302332343312;1.0179999999999987;6.306666666666667;1.0179999999999987;6.306666666666667
02:10:05 18/04/2020;1.0191;1.0199999999999985;1.0;1.2149074038789958;1.0199999999999985;11.1875;1.0199999999999985;11.1875
07:37:16 18/04/2020;1.0198;1.0199999999999985;1.0;1.2149074038789958;1.0199999999999985;5.734444444444445;1.0204999999999984;12.0
13:21:20 18/04/2020;1.0202;1.0209999999999984;1.0;1.2144957801491125;1.0209999999999984;12.0;1.0209999999999984;12.0
19:21:47 18/04/2020;1.0157;1.0209999999999984;1.0;1.2144957801491125;1.0209999999999984;12.0;1.0209999999999984;12.0
00:40:08 19/04/2020;1.0127;1.0209999999999984;1.0;1.2144957801491125;1.0209999999999984;12.0;1.0184999999999986;12.0
06:32:36 19/04/2020;1.0158;1.015999999999999;1.0;1.2165525060596445;1.015999999999999;12.0;1.015999999999999;12.0
14:05:30 19/04/2020;1.0102;1.015999999999999;1.0;1.2165525060596445;1.015999999999999;12.0;1.015999999999999;12.0
19:16:27 19/04/2020;1.0129;1.0129999999999992;1.0;1.217784874269672;1.0129999999999992;12.0;1.0129999999999992;12.0
00:09:23 20/04/2020;1.0093;1.0129999999999992;1.0;1.217784874269672;1.0129999999999992;12.0;1.0129999999999992;12.0
05:03:06 20/04/2020;1.0119;1.0129999999999992;1.0;1.217784874269672;1.0129999999999992;12.0;1.0129999999999992;12.0
11:20:25 20/04/2020;1.0099;1.0119999999999993;1.0;1.2181953866272852;1.0119999999999993;12.0;1.0119999999999993;12.0
17:21:09 20/04/2020;1.0106;1.0109999999999995;1.0;1.2186057606953942;1.0109999999999995;6.410277777777778;1.0109999999999995;6.410277777777778
23:45:46 20/04/2020;1.0191;1.0199999999999985;1.0;1.2149074038789958;1.0199999999999985;12.0;1.0199999999999985;12.0
06:28:32 21/04/2020;1.0192;1.0199999999999985;1.0;1.2149074038789958;1.0199999999999985;6.441944444444444;1.0199999999999985;6.441944444444444
12:55:03 21/04/2020;1.0204;1.0209999999999984;1.0;1.2144957801491125;1.0209999999999984;12.0;1.0209999999999984;12.0
17:31:29 21/04/2020;1.0209;1.0209999999999984;1.0;1.2144957801491125;1.0209999999999984;12.0;1.0209999999999984;12.0
22:16:27 21/04/2020;1.0158;1.0209999999999984;1.0;1.2144957801491125;1.0209999999999984;7.550833333333333;1.0209999999999984;7.550833333333333
05:49:30 22/04/2020;1.0229;1.0229999999999981;1.0;1.2136721138759026;1.0229999999999981;6.7;1.0229999999999981;6.7
12:31:30 22/04/2020;1.0256;1.0259999999999978;1.0;1.212435565298215;1.0259999999999978;5.586388888888889;1.0259999999999978;5.586388888888889
18:06:41 22/04/2020;1.029;1.0299999999999974;1.0;1.210784869413226;1.0299999999999974;5.873055555555555;1.0309999999999973;12.0
23:59:04 22/04/2020;1.031;1.0319999999999971;1.0;1.209958676980335;1.0319999999999971;6.563055555555556;1.0319999999999971;6.563055555555556
06:32:51 23/04/2020;1.0332;1.033999999999997;1.0;1.2091319200153485;1.033999999999997;6.993611111111111;1.033999999999997;6.993611111111111
13:32:28 23/04/2020;1.0341;1.0349999999999968;1.0;1.2087183294713468;1.0349999999999968;11.603333333333333;1.0349999999999968;11.603333333333333
19:49:53 23/04/2020;1.0347;1.0349999999999968;1.0;1.2087183294713468;1.0349999999999968;5.313055555555556;1.0349999999999968;5.313055555555556
01:08:40 24/04/2020;1.035;1.0359999999999967;1.0;1.2083045973594586;1.0359999999999967;5.867222222222222;1.0374999999999965;12.0
07:00:42 24/04/2020;1.0382;1.0389999999999964;1.0;1.2070625501605141;1.0389999999999964;6.840833333333333;1.0389999999999964;6.840833333333333
13:51:09 24/04/2020;1.0396;1.0399999999999963;1.0;1.20664825031987;1.0399999999999963;7.550833333333333;1.0399999999999963;7.550833333333333
21:24:12 24/04/2020;1.0449;1.0449999999999957;1.0;1.204574613712245;1.0449999999999957;6.838888888888889;1.0449999999999957;6.838888888888889
04:14:32 25/04/2020;1.049;1.0499999999999952;1.0;1.202497401244595;1.0499999999999952;12.0;1.0499999999999952;12.0
11:39:00 25/04/2020;1.0461;1.0499999999999952;1.0;1.202497401244595;1.0499999999999952;12.0;1.0499999999999952;12.0
18:55:04 25/04/2020;1.0466;1.0469999999999955;1.0;1.2037441588643347;1.0469999999999955;12.0;1.0469999999999955;12.0
01:37:53 26/04/2020;1.0448;1.0469999999999955;1.0;1.2037441588643347;1.0469999999999955;12.0;1.0469999999999955;12.0
07:04:31 26/04/2020;1.0398;1.0449999999999957;1.0;1.204574613712245;1.0449999999999957;12.0;1.0449999999999957;12.0
12:57:00 26/04/2020;1.0442;1.0449999999999957;1.0;1.204574613712245;1.0449999999999957;12.0;1.0449999999999957;12.0
19:56:21 26/04/2020;1.0432;1.0449999999999957;1.0;1.204574613712245;1.0449999999999957;12.0;1.0449999999999957;12.0
03:12:38 27/04/2020;1.0438;1.0439999999999958;1.0;1.204989626511367;1.0439999999999958;12.0;1.0439999999999958;12.0
10:03:05 27/04/2020;1.0428;1.0439999999999958;1.0;1.204989626511367;1.0439999999999958;6.716388888888889;1.0439999999999958;6.716388888888889
16:46:04 27/04/2020;1.0441;1.0449999999999957;1.0;1.204574613712245;1.0449999999999957;5.725555555555555;1.045333333333329;12.0
17:13:52 27/04/2020;1.0441;1.0449999999999957;1.0;1.204574613712245;1.0449999999999957;5.262222222222222;1.0454999999999957;11.979166666666666
22:29:36 27/04/2020;1.0453;1.0459999999999956;1.0;1.2041594578792314;1.0459999999999956;6.716944444444445;1.0459999999999956;6.716944444444445
05:12:37 28/04/2020;1.0499;1.0499999999999952;1.0;1.202497401244595;1.0499999999999952;6.564722222222223;1.0499999999999952;6.564722222222223
11:46:30 28/04/2020;1.0535;1.0539999999999947;1.0;1.2008330441822481;1.0539999999999947;12.0;1.0539999999999947;12.0
17:55:43 28/04/2020;1.0495;1.0539999999999947;1.0;1.2008330441822481;1.0539999999999947;12.0;1.0539999999999947;12.0
23:56:00 28/04/2020;1.0532;1.0539999999999947;1.0;1.2008330441822481;1.0539999999999947;12.0;1.0539999999999947;12.0
06:39:32 29/04/2020;1.0493;1.0539999999999947;1.0;1.2008330441822481;1.0539999999999947;12.0;1.0539999999999947;12.0
14:03:30 29/04/2020;1.0467;1.0499999999999952;1.0;1.202497401244595;1.0499999999999952;12.0;1.0499999999999952;12.0
20:21:05 29/04/2020;1.0422;1.0469999999999955;1.0;1.2037441588643347;1.0469999999999955;12.0;1.0469999999999955;12.0
02:31:04 30/04/2020;1.0421;1.042999999999996;1.0;1.2054044964243347;1.042999999999996;12.0;1.042999999999996;12.0
09:38:00 30/04/2020;1.041;1.042999999999996;1.0;1.2054044964243347;1.042999999999996;12.0;1.042999999999996;12.0
14:15:21 30/04/2020;1.04;1.042999999999996;1.0;1.2054044964243347;1.042999999999996;12.0;1.042999999999996;12.0
19:15:15 30/04/2020;1.036;1.041999999999996;1.0;1.2058192235986305;1.041999999999996;12.0;1.041499999999996;12.0
22:39:42 30/04/2020;1.036;1.0409999999999962;1.0;1.2062338081814834;1.0409999999999962;12.0;1.0409999999999962;12.0
22:55:43 30/04/2020;1.036;1.0409999999999962;1.0;1.2062338081814834;1.0409999999999962;12.0;1.0409999999999962;12.0
22:55:43 30/04/2020;1.036;1.0409999999999962;1.0;1.2062338081814834;1.0409999999999962;12.0;1.0409999999999962;12.0
01:07:06 01/05/2020;1.0285;1.0409999999999962;1.0;1.2062338081814834;1.0409999999999962;12.0;1.0409999999999962;12.0
07:41:42 01/05/2020;1.0235;1.0369999999999966;1.0;1.2078907235342125;1.0369999999999966;12.0;1.0369999999999966;12.0
14:07:19 01/05/2020;1.0209;1.023999999999998;1.0;1.2132600710482488;1.023999999999998;12.0;1.023999999999998;12.0
15:27:27 01/05/2020;1.0209;1.023999999999998;1.0;1.2132600710482488;1.023999999999998;12.0;1.023999999999998;12.0
20:31:15 01/05/2020;1.0159;1.0209999999999984;1.0;1.2144957801491125;1.0209999999999984;12.0;1.0209999999999984;12.0
01:51:15 02/05/2020;1.0129;1.0209999999999984;1.0;1.2144957801491125;1.0209999999999984;12.0;1.0209999999999984;12.0
07:15:49 02/05/2020;1.0073;1.015999999999999;1.0;1.2165525060596445;1.015999999999999;12.0;1.015999999999999;12.0
12:51:12 02/05/2020;1.0023;1.0129999999999992;1.0;1.217784874269672;1.0129999999999992;12.0;1.0129999999999992;12.0
18:18:24 02/05/2020;0.9974;1.0079999999999998;1.0;1.2198360545581526;1.0079999999999998;12.0;1.0055;12.0
22:55:11 02/05/2020;0.9946;1.0030000000000003;1.0;1.2218837915284742;1.0030000000000003;12.0;1.0030000000000003;12.0
06:19:41 03/05/2020;0.9883;0.9950000000000008;1.0;1.2251530516633418;0.9950000000000008;12.0;0.9950000000000008;12.0
12:46:05 03/05/2020;0.9821;0.9890000000000008;1.0;1.2275992831539122;0.9890000000000008;12.0;0.9890000000000008;12.0
18:47:06 03/05/2020;0.9763;0.9830000000000008;1.0;1.230040649734796;0.9830000000000008;12.0;0.9800000000000008;12.0
00:47:03 04/05/2020;0.9724;0.9770000000000008;1.0;1.2324771803161303;0.9770000000000008;12.0;0.9770000000000008;12.0
06:48:06 04/05/2020;0.9695;0.9730000000000008;1.0;1.23409886151799;0.9730000000000008;12.0;0.9730000000000008;12.0
12:39:52 04/05/2020;0.965;0.9730000000000008;1.0;1.23409886151799;0.9730000000000008;11.765277777777778;0.9730000000000008;11.765277777777778
18:49:38 04/05/2020;0.9632;0.9650000000000007;1.0;1.2373358476985945;0.9650000000000007;5.6025;0.9710000000000008;12.0
00:25:47 05/05/2020;0.9761;0.9770000000000008;1.0;1.2324771803161303;0.9770000000000008;12.0;0.9770000000000008;12.0
06:51:23 05/05/2020;0.9615;0.9770000000000008;1.0;1.2324771803161303;0.9770000000000008;12.0;0.9770000000000008;12.0
11:45:03 05/05/2020;0.9594;0.9770000000000008;1.0;1.2324771803161303;0.9770000000000008;12.0;0.9770000000000008;12.0
17:37:19 05/05/2020;0.9684;0.9690000000000007;1.0;1.2357184145265454;0.9690000000000007;12.0;0.9690000000000007;12.0
22:14:19 05/05/2020;0.967;0.9690000000000007;1.0;1.2357184145265454;0.9690000000000007;12.0;0.9690000000000007;12.0
03:24:37 06/05/2020;0.9626;0.9690000000000007;1.0;1.2357184145265454;0.9690000000000007;12.0;0.9680000000000007;12.0
08:42:54 06/05/2020;0.9629;0.9670000000000007;1.0;1.23652739557197;0.9670000000000007;12.0;0.9670000000000007;12.0
15:58:53 06/05/2020;0.9503;0.9630000000000007;1.0;1.238143771942499;0.9630000000000007;12.0;0.9630000000000007;12.0
21:42:24 06/05/2020;0.9583;0.9590000000000007;1.0;1.2397580409095958;0.9590000000000007;12.0;0.9590000000000007;12.0
03:41:29 07/05/2020;0.9583;0.9590000000000007;1.0;1.2397580409095958;0.9590000000000007;12.0;0.9590000000000007;12.0
04:00:06 07/05/2020;0.9457;0.9590000000000007;1.0;1.2397580409095958;0.9590000000000007;12.0;0.9590000000000007;12.0
10:09:35 07/05/2020;0.9587;0.9590000000000007;1.0;1.2397580409095958;0.9590000000000007;12.0;0.9590000000000007;12.0
14:45:28 07/05/2020;0.951;0.9590000000000007;1.0;1.2397580409095958;0.9590000000000007;11.609444444444444;0.9590000000000007;11.609444444444444
20:54:30 07/05/2020;0.9533;0.9590000000000007;1.0;1.2397580409095958;0.9590000000000007;5.458888888888889;0.9590000000000007;5.458888888888889
02:22:02 08/05/2020;0.9633;0.9640000000000007;1.0;1.2377398757412639;0.9640000000000007;11.034722222222221;0.9640000000000007;11.034722222222221
07:49:06 08/05/2020;0.9525;0.9640000000000007;1.0;1.2377398757412639;0.9640000000000007;5.583611111111111;0.9640000000000007;5.583611111111111
13:24:07 08/05/2020;0.9657;0.9660000000000007;1.0;1.2369316876852978;0.9660000000000007;9.930555555555555;0.9660000000000007;9.930555555555555
18:17:43 08/05/2020;0.9556;0.9660000000000007;1.0;1.2369316876852978;0.9660000000000007;5.037222222222222;0.9690000000000007;12.0
23:19:57 08/05/2020;0.9714;0.9720000000000008;1.0;1.234503948960877;0.9720000000000008;12.0;0.9720000000000008;12.0
06:35:47 09/05/2020;0.9624;0.9720000000000008;1.0;1.234503948960877;0.9720000000000008;11.598055555555556;0.9720000000000008;11.598055555555556
12:19:02 09/05/2020;0.9668;0.9670000000000007;1.0;1.23652739557197;0.9670000000000007;5.877222222222223;0.9765000000000008;12.0
18:11:40 09/05/2020;0.9857;0.9860000000000008;1.0;1.2288205727444506;0.9860000000000008;12.0;0.9860000000000008;12.0
00:37:06 10/05/2020;0.9697;0.9860000000000008;1.0;1.2288205727444506;0.9860000000000008;5.5969444444444445;0.9880000000000008;12.0
06:12:55 10/05/2020;0.99;0.9900000000000008;1.0;1.2271919165313954;0.9900000000000008;12.0;0.9900000000000008;12.0
12:30:02 10/05/2020;0.9716;0.9900000000000008;1.0;1.2271919165313954;0.9900000000000008;12.0;0.9870000000000008;12.0
18:13:56 10/05/2020;0.9836;0.9840000000000008;1.0;1.2296340919151514;0.9840000000000008;12.0;0.9840000000000008;12.0
01:21:04 11/05/2020;0.9698;0.9840000000000008;1.0;1.2296340919151514;0.9840000000000008;12.0;0.9835000000000007;12.0
06:39:29 11/05/2020;0.9821;0.9830000000000008;1.0;1.230040649734796;0.9830000000000008;12.0;0.9830000000000008;12.0
13:47:32 11/05/2020;0.9804;0.9830000000000008;1.0;1.230040649734796;0.9830000000000008;12.0;0.9830000000000008;12.0
20:41:44 11/05/2020;0.9804;0.9810000000000008;1.0;1.2308533625091167;0.9810000000000008;10.298055555555555;0.9810000000000008;10.298055555555555
20:55:31 11/05/2020;0.9801;0.9810000000000008;1.0;1.2308533625091167;0.9810000000000008;10.068333333333333;0.9810000000000008;10.068333333333333
02:05:57 12/05/2020;0.9799;0.9810000000000008;1.0;1.2308533625091167;0.9810000000000008;4.894444444444445;0.9830000000000008;10.890277777777778
06:59:37 12/05/2020;0.985;0.9850000000000008;1.0;1.2292273996295393;0.9850000000000008;5.995833333333334;0.9850000000000008;5.995833333333334
12:59:22 12/05/2020;0.9913;0.9920000000000008;1.0;1.226376777340471;0.9920000000000008;5.222777777777778;0.9920000000000008;5.222777777777778
18:12:44 12/05/2020;0.9963;0.9970000000000008;1.0;1.2243365550370533;0.9970000000000008;5.7225;1.0015000000000005;12.0
23:56:05 12/05/2020;1.0059;1.006;1.0;1.2206555615733703;1.006;6.857777777777778;1.006;6.857777777777778
06:47:33 13/05/2020;1.0137;1.0139999999999991;1.0;1.2173742234826566;1.0139999999999991;6.151388888888889;1.0139999999999991;6.151388888888889
12:56:38 13/05/2020;1.0154;1.015999999999999;1.0;1.2165525060596445;1.015999999999999;7.121388888888889;1.015999999999999;7.121388888888889
20:03:55 13/05/2020;1.021;1.0219999999999982;1.0;1.2140840168620959;1.0219999999999982;4.745833333333334;1.023499999999998;11.32
00:48:40 14/05/2020;1.0247;1.024999999999998;1.0;1.212847888236609;1.024999999999998;6.574166666666667;1.024999999999998;6.574166666666667
07:23:07 14/05/2020;1.0287;1.0289999999999975;1.0;1.211197754291182;1.0289999999999975;6.7091666666666665;1.0289999999999975;6.7091666666666665
14:05:40 14/05/2020;1.0369;1.0369999999999966;1.0;1.2078907235342125;1.0369999999999966;6.85;1.0369999999999966;6.85
20:56:40 14/05/2020;1.041;1.041999999999996;1.0;1.2058192235986305;1.041999999999996;5.456666666666667;1.0449999999999957;12.0
02:24:04 15/05/2020;1.0472;1.0479999999999954;1.0;1.2033287165193078;1.0479999999999954;12.0;1.0479999999999954;12.0
08:33:02 15/05/2020;1.0444;1.0479999999999954;1.0;1.2033287165193078;1.0479999999999954;7.423333333333333;1.0479999999999954;7.423333333333333
15:58:26 15/05/2020;1.0495;1.0499999999999952;1.0;1.202497401244595;1.0499999999999952;5.308611111111111;1.0503333333333285;12.0
17:14:06 15/05/2020;1.0495;1.0499999999999952;1.0;1.202497401244595;1.0499999999999952;4.0475;1.050499999999995;11.309722222222222
21:16:57 15/05/2020;1.0506;1.050999999999995;1.0;1.2020815280171329;1.050999999999995;7.262222222222222;1.050999999999995;7.262222222222222
04:32:41 16/05/2020;1.0513;1.051999999999995;1.0;1.2016655108639862;1.051999999999995;6.869722222222222;1.051999999999995;6.869722222222222
11:24:52 16/05/2020;1.052;1.0529999999999948;1.0;1.2012493496356222;1.0529999999999948;12.0;1.0529999999999948;12.0
17:41:55 16/05/2020;1.0521;1.0529999999999948;1.0;1.2012493496356222;1.0529999999999948;12.0;1.0529999999999948;12.0
23:09:32 16/05/2020;1.0491;1.0529999999999948;1.0;1.2012493496356222;1.0529999999999948;12.0;1.0529999999999948;12.0
05:43:26 17/05/2020;1.0455;1.0499999999999952;1.0;1.202497401244595;1.0499999999999952;12.0;1.0499999999999952;12.0
10:53:47 17/05/2020;1.0481;1.0499999999999952;1.0;1.202497401244595;1.0499999999999952;12.0;1.0499999999999952;12.0
17:27:55 17/05/2020;1.0466;1.0489999999999953;1.0;1.2029131306956478;1.0489999999999953;12.0;1.0489999999999953;12.0
23:20:26 17/05/2020;1.0442;1.0469999999999955;1.0;1.2037441588643347;1.0469999999999955;5.588611111111111;1.0474999999999954;11.733055555555556
04:55:45 18/05/2020;1.0477;1.0479999999999954;1.0;1.2033287165193078;1.0479999999999954;6.144444444444445;1.0479999999999954;6.144444444444445
11:04:25 18/05/2020;1.0496;1.0499999999999952;1.0;1.202497401244595;1.0499999999999952;7.269166666666667;1.0499999999999952;7.269166666666667
18:20:34 18/05/2020;1.0514;1.051999999999995;1.0;1.2016655108639862;1.051999999999995;5.1691666666666665;1.051999999999995;5.1691666666666665
23:30:43 18/05/2020;1.0536;1.0539999999999947;1.0;1.2008330441822481;1.0539999999999947;5.456388888888889;1.0544999999999947;12.0
04:58:06 19/05/2020;1.0542;1.0549999999999946;1.0;1.2004165943538123;1.0549999999999946;6.565555555555555;1.0549999999999946;6.565555555555555
11:32:02 19/05/2020;1.0568;1.0569999999999944;1.0;1.1995832609702444;1.0569999999999944;5.593333333333334;1.0569999999999944;5.593333333333334
17:07:38 19/05/2020;1.0593;1.059999999999994;1.0;1.198332174315622;1.059999999999994;4.755;1.060999999999994;12.0
21:52:56 19/05/2020;1.0617;1.0619999999999938;1.0;1.1974973903938189;1.0619999999999938;7.2811111111111115;1.0619999999999938;7.2811111111111115
05:09:48 20/05/2020;1.0666;1.0669999999999933;1.0;1.1954078801814914;1.0669999999999933;6.556111111111111;1.0669999999999933;6.556111111111111
11:43:10 20/05/2020;1.069;1.069999999999993;1.0;1.1941524190822572;1.069999999999993;7.270277777777777;1.069999999999993;7.270277777777777
18:59:23 20/05/2020;1.073;1.0739999999999925;1.0;1.1924764148611107;1.0739999999999925;7.129722222222222;1.0739999999999925;7.129722222222222
02:07:10 21/05/2020;1.0758;1.0759999999999923;1.0;1.1916375287813017;1.0759999999999923;6.586388888888889;1.0759999999999923;6.586388888888889
08:42:21 21/05/2020;1.0786;1.078999999999992;1.0;1.1903780911962418;1.078999999999992;12.0;1.078999999999992;12.0
13:26:45 21/05/2020;1.0782;1.078999999999992;1.0;1.1903780911962418;1.078999999999992;12.0;1.078999999999992;12.0
19:36:33 21/05/2020;1.0778;1.078999999999992;1.0;1.1903780911962418;1.078999999999992;6.425833333333333;1.078999999999992;6.425833333333333
02:02:06 22/05/2020;1.081;1.0819999999999916;1.0;1.1891173196955833;1.0819999999999916;6.701388888888889;1.0819999999999916;6.701388888888889
08:44:11 22/05/2020;1.0825;1.0829999999999915;1.0;1.1886967653695406;1.0829999999999915;5.451666666666667;1.0839999999999914;12.0
14:11:17 22/05/2020;1.0844;1.0849999999999913;1.0;1.1878552100319335;1.0849999999999913;12.0;1.0849999999999913;12.0
20:45:16 22/05/2020;1.0823;1.0849999999999913;1.0;1.1878552100319335;1.0849999999999913;12.0;1.0849999999999913;12.0
02:55:00 23/05/2020;1.0804;1.0829999999999915;1.0;1.1886967653695406;1.0829999999999915;12.0;1.0829999999999915;12.0
08:13:07 23/05/2020;1.0791;1.0829999999999915;1.0;1.1886967653695406;1.0829999999999915;12.0;1.0829999999999915;12.0
15:29:02 23/05/2020;1.0778;1.0799999999999919;1.0;1.1899579824514848;1.0799999999999919;12.0;1.0799999999999919;12.0
21:29:51 23/05/2020;1.0754;1.077999999999992;1.0;1.190798051728339;1.077999999999992;12.0;1.077999999999992;12.0
02:14:55 24/05/2020;1.0748;1.077999999999992;1.0;1.190798051728339;1.077999999999992;12.0;1.0769999999999922;12.0
07:33:12 24/05/2020;1.0703;1.0759999999999923;1.0;1.1916375287813017;1.0759999999999923;12.0;1.0759999999999923;12.0
14:57:31 24/05/2020;1.0686;1.0709999999999928;1.0;1.193733638631335;1.0709999999999928;12.0;1.0709999999999928;12.0
20:57:55 24/05/2020;1.0659;1.068999999999993;1.0;1.194571052721439;1.068999999999993;12.0;1.068999999999993;12.0
03:48:56 25/05/2020;1.065;1.0659999999999934;1.0;1.1958260743101425;1.0659999999999934;12.0;1.0659999999999934;12.0
08:43:20 25/05/2020;1.0628;1.0659999999999934;1.0;1.1958260743101425;1.0659999999999934;12.0;1.0659999999999934;12.0
15:41:46 25/05/2020;1.0582;1.0659999999999934;1.0;1.1958260743101425;1.0659999999999934;12.0;1.0624999999999938;12.0
20:44:00 25/05/2020;1.0547;1.0589999999999942;1.0;1.198749348279283;1.0589999999999942;12.0;1.0589999999999942;12.0
04:16:29 26/05/2020;1.048;1.0549999999999946;1.0;1.2004165943538123;1.0549999999999946;12.0;1.0549999999999946;12.0
10:25:37 26/05/2020;1.0446;1.0489999999999953;1.0;1.2029131306956478;1.0489999999999953;12.0;1.0489999999999953;12.0
16:42:26 26/05/2020;1.0432;1.0449999999999957;1.0;1.204574613712245;1.0449999999999957;12.0;1.0449999999999957;12.0
22:01:24 26/05/2020;1.0429;1.0449999999999957;1.0;1.204574613712245;1.0449999999999957;12.0;1.0449999999999957;12.0
04:34:58 27/05/2020;1.0403;1.0439999999999958;1.0;1.204989626511367;1.0439999999999958;12.0;1.042499999999996;11.742222222222223
10:10:46 27/05/2020;1.0405;1.0409999999999962;1.0;1.2062338081814834;1.0409999999999962;6.145555555555555;1.0409999999999962;6.145555555555555
16:19:30 27/05/2020;1.0429;1.042999999999996;1.0;1.2054044964243347;1.042999999999996;12.0;1.042999999999996;12.0
23:35:15 27/05/2020;1.0417;1.042999999999996;1.0;1.2054044964243347;1.042999999999996;12.0;1.042999999999996;12.0
06:51:14 28/05/2020;1.0403;1.041999999999996;1.0;1.2058192235986305;1.041999999999996;4.759166666666666;1.041999999999996;4.759166666666666
11:36:47 28/05/2020;1.0422;1.042999999999996;1.0;1.2054044964243347;1.042999999999996;4.761388888888889;1.042999999999996;4.761388888888889
16:22:28 28/05/2020;1.0447;1.0449999999999957;1.0;1.204574613712245;1.0449999999999957;4.779444444444445;1.0469999999999955;12.0
21:09:14 28/05/2020;1.0484;1.0489999999999953;1.0;1.2029131306956478;1.0489999999999953;12.0;1.0489999999999953;12.0
04:19:49 29/05/2020;1.0387;1.0489999999999953;1.0;1.2029131306956478;1.0489999999999953;12.0;1.0439999999999958;12.0
09:52:44 29/05/2020;1.0357;1.0389999999999964;1.0;1.2070625501605141;1.0389999999999964;12.0;1.0389999999999964;12.0
16:10:13 29/05/2020;1.0315;1.0389999999999964;1.0;1.2070625501605141;1.0389999999999964;12.0;1.0389999999999964;12.0
23:26:18 29/05/2020;1.0298;1.0319999999999971;1.0;1.209958676980335;1.0319999999999971;12.0;1.0309999999999973;12.0
05:01:57 30/05/2020;1.0271;1.0299999999999974;1.0;1.210784869413226;1.0299999999999974;12.0;1.0299999999999974;12.0
12:01:42 30/05/2020;1.0288;1.0289999999999975;1.0;1.211197754291182;1.0289999999999975;12.0;1.0289999999999975;12.0
18:19:18 30/05/2020;1.0275;1.0289999999999975;1.0;1.211197754291182;1.0289999999999975;12.0;1.0289999999999975;12.0
01:09:45 31/05/2020;1.0263;1.0279999999999976;1.0;1.2116104984688778;1.0279999999999976;12.0;1.0279999999999976;12.0
08:00:43 31/05/2020;1.0258;1.0269999999999977;1.0;1.212023102090056;1.0269999999999977;12.0;1.0269999999999977;12.0
15:16:52 31/05/2020;1.0259;1.0259999999999978;1.0;1.212435565298215;1.0259999999999978;12.0;1.0259999999999978;12.0
22:08:13 31/05/2020;1.0221;1.0259999999999978;1.0;1.212435565298215;1.0259999999999978;12.0;1.0259999999999978;12.0
22:08:13 31/05/2020;1.0221;1.0259999999999978;1.0;1.212435565298215;1.0259999999999978;12.0;1.0259999999999978;12.0
03:01:31 01/06/2020;1.023;1.0259999999999978;1.0;1.212435565298215;1.0259999999999978;12.0;1.024999999999998;12.0
08:36:57 01/06/2020;1.0224;1.023999999999998;1.0;1.2132600710482488;1.023999999999998;7.551666666666667;1.023999999999998;7.551666666666667
16:10:03 01/06/2020;1.0285;1.0289999999999975;1.0;1.211197754291182;1.0289999999999975;12.0;1.0289999999999975;12.0
23:42:55 01/06/2020;1.0266;1.0289999999999975;1.0;1.211197754291182;1.0289999999999975;6.288611111111111;1.0289999999999975;6.288611111111111
06:00:14 02/06/2020;1.0293;1.0299999999999974;1.0;1.210784869413226;1.0299999999999974;7.408611111111111;1.0299999999999974;7.408611111111111
13:24:45 02/06/2020;1.0305;1.0309999999999973;1.0;1.2103718436910216;1.0309999999999973;5.066388888888889;1.0309999999999973;5.066388888888889
18:28:44 02/06/2020;1.0328;1.032999999999997;1.0;1.2095453691366864;1.032999999999997;5.98;1.032999999999997;5.98
00:27:32 03/06/2020;1.0433;1.0439999999999958;1.0;1.204989626511367;1.0439999999999958;12.0;1.0439999999999958;12.0
05:29:59 03/06/2020;1.0436;1.0439999999999958;1.0;1.204989626511367;1.0439999999999958;12.0;1.0439999999999958;12.0
11:13:43 03/06/2020;1.0413;1.0439999999999958;1.0;1.204989626511367;1.0439999999999958;12.0;1.0439999999999958;12.0
16:32:46 03/06/2020;1.0389;1.0439999999999958;1.0;1.204989626511367;1.0439999999999958;12.0;1.042999999999996;12.0
21:34:51 03/06/2020;1.0371;1.041999999999996;1.0;1.2058192235986305;1.041999999999996;12.0;1.041999999999996;12.0
04:00:20 04/06/2020;1.0363;1.0389999999999964;1.0;1.2070625501605141;1.0389999999999964;12.0;1.0389999999999964;12.0
09:27:53 04/06/2020;1.0354;1.0379999999999965;1.0;1.2074767078498878;1.0379999999999965;12.0;1.0379999999999965;12.0
14:56:10 04/06/2020;1.0369;1.0369999999999966;1.0;1.2078907235342125;1.0369999999999966;12.0;1.0369999999999966;12.0
20:30:56 04/06/2020;1.0331;1.0369999999999966;1.0;1.2078907235342125;1.0369999999999966;12.0;1.0369999999999966;12.0
03:05:31 05/06/2020;1.0304;1.033999999999997;1.0;1.2091319200153485;1.033999999999997;12.0;1.033999999999997;12.0
08:08:23 05/06/2020;1.0283;1.033999999999997;1.0;1.2091319200153485;1.033999999999997;12.0;1.033999999999997;12.0
15:07:25 05/06/2020;1.0262;1.0289999999999975;1.0;1.211197754291182;1.0289999999999975;12.0;1.0289999999999975;12.0
22:24:40 05/06/2020;1.0258;1.0269999999999977;1.0;1.212023102090056;1.0269999999999977;6.288611111111111;1.0269999999999977;6.288611111111111
04:41:59 06/06/2020;1.0292;1.0299999999999974;1.0;1.210784869413226;1.0299999999999974;12.0;1.0299999999999974;12.0
11:24:38 06/06/2020;1.0262;1.0299999999999974;1.0;1.210784869413226;1.0299999999999974;12.0;1.0299999999999974;12.0
17:25:30 06/06/2020;1.0249;1.0269999999999977;1.0;1.212023102090056;1.0269999999999977;12.0;1.0269999999999977;12.0
23:43:34 06/06/2020;1.0237;1.024999999999998;1.0;1.212847888236609;1.024999999999998;12.0;1.024999999999998;12.0
06:59:53 07/06/2020;1.0215;1.023999999999998;1.0;1.2132600710482488;1.023999999999998;12.0;1.023999999999998;12.0
13:09:38 07/06/2020;1.0206;1.0219999999999982;1.0;1.2140840168620959;1.0219999999999982;12.0;1.0219999999999982;12.0
19:28:01 07/06/2020;1.0208;1.0209999999999984;1.0;1.2144957801491125;1.0209999999999984;12.0;1.0209999999999984;12.0
02:10:06 08/06/2020;1.0196;1.0209999999999984;1.0;1.2144957801491125;1.0209999999999984;12.0;1.0209999999999984;12.0
07:21:28 08/06/2020;1.0195;1.0209999999999984;1.0;1.2144957801491125;1.0209999999999984;12.0;1.0209999999999984;12.0
14:37:04 08/06/2020;1.0187;1.0199999999999985;1.0;1.2149074038789958;1.0199999999999985;7.132777777777778;1.0199999999999985;7.132777777777778
21:45:02 08/06/2020;1.0219;1.0219999999999982;1.0;1.2140840168620959;1.0219999999999982;12.0;1.0219999999999982;12.0
04:20:01 09/06/2020;1.0215;1.0219999999999982;1.0;1.2140840168620959;1.0219999999999982;12.0;1.0219999999999982;12.0
08:56:38 09/06/2020;1.0162;1.0219999999999982;1.0;1.2140840168620959;1.0219999999999982;12.0;1.0219999999999982;12.0
15:48:43 09/06/2020;1.0114;1.0219999999999982;1.0;1.2140840168620959;1.0219999999999982;12.0;1.0194999999999985;12.0
20:25:02 09/06/2020;1.0108;1.0169999999999988;1.0;1.2161414391426686;1.0169999999999988;12.0;1.014499999999999;12.0
01:52:09 10/06/2020;1.006;1.0119999999999993;1.0;1.2181953866272852;1.0119999999999993;12.0;1.0119999999999993;12.0
08:10:02 10/06/2020;1.0034;1.0109999999999995;1.0;1.2186057606953942;1.0109999999999995;12.0;1.0089999999999997;11.625555555555556
12:47:34 10/06/2020;1.0043;1.007;1.0;1.2202458768625282;1.007;7.0;1.007;7.0
19:47:34 10/06/2020;1.0074;1.0079999999999998;1.0;1.2198360545581526;1.0079999999999998;4.958333333333333;1.0086666666666664;12.0
20:29:08 10/06/2020;1.0074;1.0079999999999998;1.0;1.2198360545581526;1.0079999999999998;4.265555555555555;1.0089999999999997;11.551944444444445
00:45:04 11/06/2020;1.0099;1.0099999999999996;1.0;1.2190159966136624;1.0099999999999996;7.286388888888889;1.0099999999999996;7.286388888888889
08:02:15 11/06/2020;1.0103;1.0109999999999995;1.0;1.2186057606953942;1.0109999999999995;9.651666666666667;1.0109999999999995;9.651666666666667
12:47:27 11/06/2020;1.0105;1.0109999999999995;1.0;1.2186057606953942;1.0109999999999995;4.898333333333333;1.0119999999999993;12.0
17:41:21 11/06/2020;1.0121;1.0129999999999992;1.0;1.217784874269672;1.0129999999999992;12.0;1.0129999999999992;12.0
00:50:03 12/06/2020;1.0125;1.0129999999999992;1.0;1.217784874269672;1.0129999999999992;12.0;1.0129999999999992;12.0
07:57:16 12/06/2020;1.0122;1.0129999999999992;1.0;1.217784874269672;1.0129999999999992;5.458333333333333;1.0129999999999992;5.458333333333333
13:24:46 12/06/2020;1.0135;1.0139999999999991;1.0;1.2173742234826566;1.0139999999999991;12.0;1.0139999999999991;12.0
18:44:00 12/06/2020;1.0121;1.0139999999999991;1.0;1.2173742234826566;1.0139999999999991;12.0;1.0139999999999991;12.0
01:35:38 13/06/2020;1.008;1.0129999999999992;1.0;1.217784874269672;1.0129999999999992;12.0;1.0129999999999992;12.0
08:19:11 13/06/2020;1.0045;1.0089999999999997;1.0;1.2194260945215172;1.0089999999999997;12.0;1.0089999999999997;12.0
13:13:13 13/06/2020;1.0016;1.0089999999999997;1.0;1.2194260945215172;1.0089999999999997;12.0;1.007;12.0
18:15:03 13/06/2020;1.0008;1.0050000000000001;1.0;1.2210651088291729;1.0050000000000001;12.0;1.0050000000000001;12.0
00:41:19 14/06/2020;1.0023;1.0030000000000003;1.0;1.2218837915284742;1.0030000000000003;12.0;1.0030000000000003;12.0
06:00:12 14/06/2020;1.0012;1.0030000000000003;1.0;1.2218837915284742;1.0030000000000003;12.0;1.0030000000000003;12.0
12:10:26 14/06/2020;0.999;1.0030000000000003;1.0;1.2218837915284742;1.0030000000000003;12.0;1.0030000000000003;12.0
17:45:48 14/06/2020;0.9974;1.0020000000000004;1.0;1.2222929272478016;1.0020000000000004;12.0;1.0020000000000004;12.0
23:04:45 14/06/2020;0.9965;0.9990000000000008;1.0;1.2235195135346224;0.9990000000000008;12.0;0.9990000000000008;12.0
03:59:11 15/06/2020;0.9967;0.9980000000000008;1.0;1.2239281024635391;0.9980000000000008;12.0;0.9975000000000007;12.0
08:44:20 15/06/2020;0.9959;0.9970000000000008;1.0;1.2243365550370533;0.9970000000000008;12.0;0.9970000000000008;12.0
15:44:14 15/06/2020;0.9935;0.9970000000000008;1.0;1.2243365550370533;0.9970000000000008;12.0;0.9970000000000008;12.0
21:45:04 15/06/2020;0.993;0.9940000000000008;1.0;1.2255610959882821;0.9940000000000008;12.0;0.9940000000000008;12.0
05:17:40 16/06/2020;0.9876;0.9930000000000008;1.0;1.2259690045021527;0.9930000000000008;12.0;0.9910000000000008;12.0
11:01:43 16/06/2020;0.9888;0.9890000000000008;1.0;1.2275992831539122;0.9890000000000008;6.516666666666667;0.9890000000000008;6.516666666666667
17:32:43 16/06/2020;0.9935;0.9940000000000008;1.0;1.2255610959882821;0.9940000000000008;5.049166666666666;0.9950000000000008;11.631666666666666
22:35:40 16/06/2020;0.9958;0.9960000000000008;1.0;1.2247448713915887;0.9960000000000008;6.5825;0.9960000000000008;6.5825
05:10:37 17/06/2020;0.9987;0.9990000000000008;1.0;1.2235195135346224;0.9990000000000008;12.0;0.9990000000000008;12.0
12:02:02 17/06/2020;0.9987;0.9990000000000008;1.0;1.2235195135346224;0.9990000000000008;12.0;0.9990000000000008;12.0
12:10:34 17/06/2020;0.9981;0.9990000000000008;1.0;1.2235195135346224;0.9990000000000008;12.0;0.9990000000000008;12.0
17:37:42 17/06/2020;0.9969;0.9990000000000008;1.0;1.2235195135346224;0.9990000000000008;12.0;0.9990000000000008;12.0
22:56:04 17/06/2020;0.9956;0.9990000000000008;1.0;1.2235195135346224;0.9990000000000008;12.0;0.9990000000000008;12.0
05:14:34 18/06/2020;0.9912;0.9970000000000008;1.0;1.2243365550370533;0.9970000000000008;12.0;0.9970000000000008;12.0
12:13:58 18/06/2020;0.9869;0.9920000000000008;1.0;1.226376777340471;0.9920000000000008;12.0;0.9895000000000007;12.0
17:16:49 18/06/2020;0.9834;0.9870000000000008;1.0;1.2284136111261545;0.9870000000000008;12.0;0.9870000000000008;12.0
23:34:02 18/06/2020;0.9821;0.9870000000000008;1.0;1.2284136111261545;0.9870000000000008;12.0;0.9855000000000007;12.0
05:26:59 19/06/2020;0.9835;0.9840000000000008;1.0;1.2296340919151514;0.9840000000000008;12.0;0.9840000000000008;12.0
11:28:05 19/06/2020;0.9817;0.9840000000000008;1.0;1.2296340919151514;0.9840000000000008;7.4158333333333335;0.9840000000000008;7.4158333333333335
18:53:02 19/06/2020;0.9859;0.9860000000000008;1.0;1.2288205727444506;0.9860000000000008;6.716944444444445;0.9860000000000008;6.716944444444445
01:36:03 20/06/2020;0.9872;0.9880000000000008;1.0;1.2280065146406998;0.9880000000000008;12.0;0.9880000000000008;12.0
07:11:21 20/06/2020;0.9861;0.9880000000000008;1.0;1.2280065146406998;0.9880000000000008;12.0;0.9880000000000008;12.0
14:28:18 20/06/2020;0.988;0.9880000000000008;1.0;1.2280065146406998;0.9880000000000008;5.887222222222222;0.9880000000000008;5.887222222222222
20:21:32 20/06/2020;0.9929;0.9930000000000008;1.0;1.2259690045021527;0.9930000000000008;4.7572222222222225;0.9945000000000008;12.0
01:06:58 21/06/2020;0.9959;0.9960000000000008;1.0;1.2247448713915887;0.9960000000000008;7.5525;0.9960000000000008;7.5525
08:40:07 21/06/2020;1.0033;1.0040000000000002;1.0;1.2214745187681975;1.0040000000000002;5.4475;1.0040000000000002;5.4475
14:06:58 21/06/2020;1.0051;1.006;1.0;1.2206555615733703;1.006;4.755277777777778;1.007;12.0
18:52:17 21/06/2020;1.0075;1.0079999999999998;1.0;1.2198360545581526;1.0079999999999998;7.418888888888889;1.0079999999999998;7.418888888888889
02:17:25 22/06/2020;1.0126;1.0129999999999992;1.0;1.217784874269672;1.0129999999999992;12.0;1.0129999999999992;12.0
08:18:21 22/06/2020;1.0092;1.0129999999999992;1.0;1.217784874269672;1.0129999999999992;12.0;1.0129999999999992;12.0
15:18:38 22/06/2020;1.0068;1.0099999999999996;1.0;1.2190159966136624;1.0099999999999996;11.470833333333333;1.0099999999999996;11.470833333333333
21:28:22 22/06/2020;1.0086;1.0089999999999997;1.0;1.2194260945215172;1.0089999999999997;5.308611111111111;1.0114999999999994;11.475
02:46:53 23/06/2020;1.0132;1.0139999999999991;1.0;1.2173742234826566;1.0139999999999991;6.166388888888889;1.0139999999999991;6.166388888888889
08:56:52 23/06/2020;1.0162;1.0169999999999988;1.0;1.2161414391426686;1.0169999999999988;12.0;1.0169999999999988;12.0
14:49:22 23/06/2020;1.0141;1.0169999999999988;1.0;1.2161414391426686;1.0169999999999988;12.0;1.0169999999999988;12.0
20:02:36 23/06/2020;1.0125;1.0169999999999988;1.0;1.2161414391426686;1.0169999999999988;12.0;1.0169999999999988;12.0
02:07:38 24/06/2020;1.0124;1.014999999999999;1.0;1.2169634341261042;1.014999999999999;12.0;1.014999999999999;12.0
08:09:13 24/06/2020;1.0093;1.0129999999999992;1.0;1.217784874269672;1.0129999999999992;12.0;1.0129999999999992;12.0
14:26:24 24/06/2020;1.0081;1.0099999999999996;1.0;1.2190159966136624;1.0099999999999996;12.0;1.0099999999999996;12.0
19:37:21 24/06/2020;1.0056;1.0099999999999996;1.0;1.2190159966136624;1.0099999999999996;12.0;1.0099999999999996;12.0
02:46:26 25/06/2020;1.007;1.0079999999999998;1.0;1.2198360545581526;1.0079999999999998;12.0;1.0079999999999998;12.0
09:12:31 25/06/2020;1.0077;1.0079999999999998;1.0;1.2198360545581526;1.0079999999999998;6.1575;1.0079999999999998;6.1575
15:21:58 25/06/2020;1.0082;1.0089999999999997;1.0;1.2194260945215172;1.0089999999999997;12.0;1.0089999999999997;12.0
22:30:11 25/06/2020;1.0056;1.0089999999999997;1.0;1.2194260945215172;1.0089999999999997;12.0;1.0089999999999997;12.0
05:55:36 26/06/2020;1.0015;1.006;1.0;1.2206555615733703;1.006;12.0;1.006;12.0
12:46:42 26/06/2020;0.9985;1.0020000000000004;1.0;1.2222929272478016;1.0020000000000004;12.0;1.0020000000000004;12.0
18:56:08 26/06/2020;0.9962;0.9990000000000008;1.0;1.2235195135346224;0.9990000000000008;7.275833333333333;0.9990000000000008;7.275833333333333
02:12:41 27/06/2020;1.0004;1.0010000000000006;1.0;1.2227019260637482;1.0010000000000006;12.0;1.0010000000000006;12.0
07:15:06 27/06/2020;0.9997;1.0010000000000006;1.0;1.2227019260637482;1.0010000000000006;12.0;1.0010000000000006;12.0
12:09:18 27/06/2020;0.9965;1.0010000000000006;1.0;1.2227019260637482;1.0010000000000006;12.0;1.0005000000000006;12.0
17:53:47 27/06/2020;0.9943;1.0000000000000007;1.0;1.2231107881136523;1.0000000000000007;12.0;1.0000000000000007;12.0
00:02:57 28/06/2020;0.9914;0.9970000000000008;1.0;1.2243365550370533;0.9970000000000008;12.0;0.9970000000000008;12.0
06:45:59 28/06/2020;0.9857;0.9920000000000008;1.0;1.226376777340471;0.9920000000000008;12.0;0.9920000000000008;12.0
12:48:05 28/06/2020;0.9838;0.9860000000000008;1.0;1.2288205727444506;0.9860000000000008;12.0;0.9860000000000008;12.0
19:55:43 28/06/2020;0.9832;0.9840000000000008;1.0;1.2296340919151514;0.9840000000000008;12.0;0.9840000000000008;12.0
01:47:57 29/06/2020;0.9823;0.9840000000000008;1.0;1.2296340919151514;0.9840000000000008;12.0;0.9840000000000008;12.0
06:41:58 29/06/2020;0.9832;0.9840000000000008;1.0;1.2296340919151514;0.9840000000000008;12.0;0.9840000000000008;12.0
10:19:00 29/06/2020;0.9832;0.9840000000000008;1.0;1.2296340919151514;0.9840000000000008;12.0;0.9840000000000008;12.0
13:26:03 29/06/2020;0.9819;0.9840000000000008;1.0;1.2296340919151514;0.9840000000000008;12.0;0.9840000000000008;12.0
20:17:59 29/06/2020;0.9829;0.9840000000000008;1.0;1.2296340919151514;0.9840000000000008;12.0;0.9835000000000007;12.0
02:14:17 30/06/2020;0.9803;0.9830000000000008;1.0;1.230040649734796;0.9830000000000008;12.0;0.9830000000000008;12.0
09:14:50 30/06/2020;0.9772;0.9810000000000008;1.0;1.2308533625091167;;;;
14:00:17 30/06/2020;0.9751;0.9810000000000008;1.0;1.2308533625091167;;;;
19:42:07 30/06/2020;0.9762;0.9780000000000008;1.0;1.232071426500915;;;;
