08:10:52 01/04/2020;Wednesday;0.9496;0.9500000000000007;1.0;1.243382483389564;1.0;0.46627314814814813;0.9500000000000007;5.595277777777778;0.46627314814814813;1.0;0.9553333333333341;12.0;1.0;0.9900462962962963;0.9525000000000008;11.880555555555556;0.9900462962962963;Now
13:46:35 01/04/2020;Wednesday;0.9545;0.9550000000000007;1.0;1.2413702106946176;0.9637606427748395;0.5237731481481481;0.9550000000000007;6.285277777777778;0.5237731481481481;1.0;0.9580000000000007;12.0;1.0;0.5237731481481481;0.9550000000000007;6.285277777777778;0.5237731481481481;Now
20:03:42 01/04/2020;Wednesday;0.961;0.9610000000000007;1.0;1.2389511693363864;0.9201957203150045;1.0;0.9610000000000007;12.0;1.0;1.0;0.9610000000000007;12.0;1.0;1.0;0.9610000000000007;12.0;1.0;Now
02:55:12 02/04/2020;Thursday;0.9598;0.9610000000000007;1.0;1.2389511693363864;0.9201957203150045;0.6053472222222223;0.9610000000000007;7.264166666666667;0.6053472222222223;1.0;0.9620000000000007;12.0;1.0;0.6053472222222223;0.9610000000000007;7.264166666666667;0.6053472222222223;Now
10:11:03 02/04/2020;Thursday;0.963;0.9630000000000007;1.0;1.238143771942499;0.9056551649254536;1.0;0.9630000000000007;12.0;1.0;1.0;0.9630000000000007;12.0;1.0;1.0;0.9630000000000007;12.0;1.0;Now
17:01:23 02/04/2020;Thursday;0.9609;0.9630000000000007;1.0;1.238143771942499;0.9056551649254536;0.4895601851851852;0.9630000000000007;5.874722222222222;0.4895601851851852;1.0;0.9645000000000008;12.0;1.0;1.0;0.9645000000000008;12.0;1.0;Now
22:53:52 02/04/2020;Thursday;0.9656;0.9660000000000007;1.0;1.2369316876852978;0.8838265357868568;0.6053009259259259;0.9660000000000007;7.2636111111111115;0.6053009259259259;1.0;0.9675000000000007;12.0;1.0;0.6053009259259259;0.9660000000000007;7.2636111111111115;0.6053009259259259;Now
06:09:41 03/04/2020;Friday;0.9688;0.9690000000000007;1.0;1.2357184145265454;0.8619764955203705;0.5122685185185185;0.9690000000000007;6.147222222222222;0.5122685185185185;1.0;0.9710000000000008;12.0;1.0;0.5122685185185185;0.9690000000000007;6.147222222222222;0.5122685185185185;Now
12:18:31 03/04/2020;Friday;0.9727;0.9730000000000008;1.0;1.23409886151799;0.8328096931433747;0.5244907407407408;0.9730000000000008;6.293888888888889;0.5244907407407408;1.0;0.9745000000000008;12.0;1.0;0.5244907407407408;0.9730000000000008;6.293888888888889;0.5244907407407408;Now
18:36:09 03/04/2020;Friday;0.9759;0.9760000000000008;1.0;1.2328828005937948;0.8109094475404088;1.0;0.9760000000000008;12.0;1.0;1.0;0.9760000000000008;12.0;1.0;1.0;0.9760000000000008;12.0;1.0;Now
01:43:16 04/04/2020;Saturday;0.9731;0.9760000000000008;1.0;1.2328828005937948;0.8109094475404088;1.0;0.9760000000000008;12.0;1.0;1.0;0.9746666666666673;12.0;1.0;1.0;0.9760000000000008;12.0;1.0;Now
08:09:17 04/04/2020;Saturday;0.9728;0.9740000000000008;1.0;1.2336936410632906;0.8255120098573704;1.0;0.9740000000000008;12.0;1.0;1.0;0.9736666666666673;12.0;1.0;1.0;0.9740000000000008;12.0;1.0;Now
13:02:29 04/04/2020;Saturday;0.9713;0.9740000000000008;1.0;1.2336936410632906;0.8255120098573704;1.0;0.9740000000000008;12.0;1.0;1.0;0.9730000000000008;12.0;1.0;1.0;0.9740000000000008;12.0;1.0;Now
19:11:13 04/04/2020;Saturday;0.971;0.9730000000000008;1.0;1.23409886151799;0.8328096931433747;1.0;0.9730000000000008;12.0;1.0;1.0;0.9720000000000008;12.0;1.0;1.0;0.9730000000000008;12.0;1.0;Now
00:30:21 05/04/2020;Sunday;0.9691;0.9720000000000008;1.0;1.234503948960877;0.8401049809972894;1.0;0.9720000000000008;12.0;1.0;1.0;0.9710000000000006;12.0;1.0;1.0;0.9720000000000008;12.0;1.0;Now
05:31:22 05/04/2020;Sunday;0.9694;0.9710000000000008;1.0;1.2349089035228467;0.8473978757764297;1.0;0.9710000000000008;12.0;1.0;1.0;0.970333333333334;12.0;1.0;1.0;0.9705000000000008;12.0;1.0;Now
10:16:56 05/04/2020;Sunday;0.9684;0.9700000000000008;1.0;1.2353137253345805;0.8546883798342562;1.0;0.9700000000000008;12.0;1.0;1.0;0.9696666666666675;12.0;1.0;1.0;0.9700000000000008;12.0;1.0;Now
15:35:36 05/04/2020;Sunday;0.9676;0.9700000000000008;1.0;1.2353137253345805;0.8546883798342562;1.0;0.9700000000000008;12.0;1.0;1.0;0.9695000000000007;12.0;1.0;1.0;0.9700000000000008;12.0;1.0;Now
21:35:53 05/04/2020;Sunday;0.9643;0.9690000000000007;1.0;1.2357184145265454;0.8619764955203705;1.0;0.9690000000000007;12.0;1.0;1.0;0.9670000000000007;12.0;1.0;1.0;0.9690000000000007;12.0;1.0;Now
04:26:33 06/04/2020;Monday;0.9641;0.9650000000000007;1.0;1.2373358476985945;0.8911051214053805;0.5822916666666667;0.9650000000000007;6.9875;0.5822916666666667;1.0;0.9655000000000007;12.0;1.0;0.5822916666666667;0.9650000000000007;6.9875;0.5822916666666667;Now
11:25:48 06/04/2020;Monday;0.9659;0.9660000000000007;1.0;1.2369316876852978;0.8838265357868568;0.5006712962962963;0.9660000000000007;6.008055555555556;0.5006712962962963;1.0;0.9670000000000007;12.0;1.0;0.5006712962962963;0.9660000000000007;6.008055555555556;0.5006712962962963;Now
17:26:17 06/04/2020;Monday;0.9675;0.9680000000000007;1.0;1.2361229712289952;0.8692622251805353;0.5127083333333333;0.9680000000000007;6.1525;0.5127083333333333;1.0;0.9695000000000007;12.0;1.0;0.5127083333333333;0.9680000000000007;6.1525;0.5127083333333333;Now
23:35:26 06/04/2020;Monday;0.971;0.9710000000000008;1.0;1.2349089035228467;0.8473978757764297;1.0;0.9710000000000008;12.0;1.0;1.0;0.9710000000000008;12.0;1.0;1.0;0.9710000000000008;12.0;1.0;Now
06:01:14 07/04/2020;Tuesday;0.9704;0.9710000000000008;1.0;1.2349089035228467;0.8473978757764297;0.5354166666666667;0.9710000000000008;6.425;0.5354166666666667;1.0;0.9715000000000007;12.0;1.0;0.5354166666666667;0.9710000000000008;6.425;0.5354166666666667;Now
12:26:44 07/04/2020;Tuesday;0.9717;0.9720000000000008;1.0;1.234503948960877;0.8401049809972894;0.6322222222222222;0.9720000000000008;7.586666666666667;0.6322222222222222;1.0;0.9730000000000008;12.0;1.0;0.6322222222222222;0.9720000000000008;7.586666666666667;0.6322222222222222;Now
20:01:56 07/04/2020;Tuesday;0.9739;0.9740000000000008;1.0;1.2336936410632906;0.8255120098573704;0.5593287037037037;0.9740000000000008;6.711944444444445;0.5593287037037037;1.0;0.9760000000000008;12.0;1.0;0.5593287037037037;0.9740000000000008;6.711944444444445;0.5593287037037037;Now
02:44:39 08/04/2020;Wednesday;0.9775;0.9780000000000008;1.0;1.232071426500915;0.7962972751102204;0.5482638888888889;0.9780000000000008;6.579166666666667;0.5482638888888889;1.0;0.9806666666666674;12.0;1.0;0.5482638888888889;0.9780000000000008;6.579166666666667;0.5482638888888889;Now
09:19:24 08/04/2020;Wednesday;0.9806;0.9810000000000008;1.0;1.2308533625091167;0.7743609559260756;0.39560185185185187;0.9810000000000008;4.747222222222222;0.39560185185185187;1.0;0.9835000000000008;12.0;1.0;0.8389814814814814;0.9820000000000008;10.067777777777778;0.8389814814814814;Now
14:04:14 08/04/2020;Wednesday;0.9824;0.9830000000000008;1.0;1.230040649734796;0.7597246749567881;0.4433796296296296;0.9830000000000008;5.320555555555556;0.4433796296296296;1.0;0.9852500000000007;12.0;1.0;0.4433796296296296;0.9830000000000008;5.320555555555556;0.4433796296296296;Now
19:23:28 08/04/2020;Wednesday;0.9847;0.9850000000000008;1.0;1.2292273996295393;0.7450787171043497;0.4884027777777778;0.9850000000000008;5.860833333333333;0.4884027777777778;1.0;0.9865000000000008;12.0;1.0;1.0;0.9860000000000008;12.0;1.0;Now
21:04:56 08/04/2020;Wednesday;0.9847;0.9850000000000008;1.0;1.2292273996295393;0.7450787171043497;0.34747685185185184;0.9850000000000008;4.169722222222222;0.34747685185185184;1.0;0.9870000000000009;12.0;1.0;1.0;0.9865000000000008;12.0;1.0;Now
01:15:07 09/04/2020;Thursday;0.9874;0.9880000000000008;1.0;1.2280065146406998;0.72309159411028;1.0;0.9880000000000008;12.0;1.0;1.0;0.9880000000000008;12.0;1.0;1.0;0.9880000000000008;12.0;1.0;Now
06:58:51 09/04/2020;Thursday;0.9853;0.9880000000000008;1.0;1.2280065146406998;0.72309159411028;1.0;0.9880000000000008;12.0;1.0;1.0;0.9866666666666674;12.0;1.0;1.0;0.9880000000000008;12.0;1.0;Now
13:16:39 09/04/2020;Thursday;0.9851;0.9860000000000008;1.0;1.2288205727444506;0.737752103343423;1.0;0.9860000000000008;12.0;1.0;1.0;0.9860000000000008;12.0;1.0;1.0;0.9860000000000008;12.0;1.0;Now
18:52:15 09/04/2020;Thursday;0.9841;0.9860000000000008;1.0;1.2288205727444506;0.737752103343423;0.9206018518518518;0.9860000000000008;11.047222222222222;0.9206018518518518;1.0;0.9873333333333342;12.0;1.0;0.9206018518518518;0.9860000000000008;11.047222222222222;0.9206018518518518;Now
00:44:14 10/04/2020;Friday;0.9859;0.9860000000000008;1.0;1.2288205727444506;0.737752103343423;0.4317361111111111;0.9860000000000008;5.180833333333333;0.4317361111111111;1.0;0.9886666666666675;12.0;1.0;1.0;0.9880000000000008;12.0;1.0;Now
05:55:05 10/04/2020;Friday;0.9893;0.9900000000000008;1.0;1.2271919165313954;0.7084213598263476;1.0;0.9900000000000008;12.0;1.0;1.0;0.9900000000000008;12.0;1.0;1.0;0.9900000000000008;12.0;1.0;Now
12:29:12 10/04/2020;Friday;0.9861;0.9900000000000008;1.0;1.2271919165313954;0.7084213598263476;1.0;0.9900000000000008;12.0;1.0;1.0;0.9885000000000008;12.0;1.0;1.0;0.9900000000000008;12.0;1.0;Now
20:02:46 10/04/2020;Friday;0.9844;0.9870000000000008;1.0;1.2284136111261545;0.7304230631495182;1.0;0.9870000000000008;12.0;1.0;1.0;0.9860000000000008;12.0;1.0;1.0;0.9870000000000008;12.0;1.0;Now
03:18:35 11/04/2020;Saturday;0.9845;0.9850000000000008;1.0;1.2292273996295393;0.7450787171043497;0.8035416666666667;0.9850000000000008;9.6425;0.8035416666666667;1.0;0.9863333333333341;12.0;1.0;0.8035416666666667;0.9850000000000008;9.6425;0.8035416666666667;Now
08:12:35 11/04/2020;Saturday;0.9843;0.9850000000000008;1.0;1.2292273996295393;0.7450787171043497;0.39520833333333333;0.9850000000000008;4.7425;0.39520833333333333;1.0;0.9870000000000008;12.0;1.0;1.0;0.9870000000000008;12.0;1.0;Now
12:57:08 11/04/2020;Saturday;0.9883;0.9890000000000008;1.0;1.2275992831539122;0.7157576938093462;1.0;0.9890000000000008;12.0;1.0;1.0;0.9890000000000008;12.0;1.0;1.0;0.9890000000000008;12.0;1.0;Now
07:07:45 12/04/2020;Sunday;0.9884;0.9890000000000008;1.0;1.2275992831539122;0.7157576938093462;0.5017824074074074;0.9890000000000008;6.021388888888889;0.5017824074074074;1.0;0.9905000000000008;12.0;1.0;0.5017824074074074;0.9890000000000008;6.021388888888889;0.5017824074074074;Now
13:09:02 12/04/2020;Sunday;0.9913;0.9920000000000008;1.0;1.226376777340471;0.6937413811125659;0.5589583333333333;0.9920000000000008;6.7075;0.5589583333333333;1.0;0.9926666666666675;12.0;1.0;0.5589583333333333;0.9920000000000008;6.7075;0.5589583333333333;Now
19:51:29 12/04/2020;Sunday;0.9928;0.9930000000000008;1.0;1.2259690045021527;0.6863977315209145;1.0;0.9930000000000008;12.0;1.0;1.0;0.9930000000000008;12.0;1.0;1.0;0.9930000000000008;12.0;1.0;Now
01:07:46 13/04/2020;Monday;0.9928;0.9930000000000008;1.0;1.2259690045021527;0.6863977315209145;0.5745601851851851;0.9930000000000008;6.894722222222223;0.5745601851851851;1.0;0.9936666666666675;12.0;1.0;0.5745601851851851;0.9930000000000008;6.894722222222223;0.5745601851851851;Now
01:19:15 13/04/2020;Monday;0.9915;0.9930000000000008;1.0;1.2259690045021527;0.6863977315209145;0.5586111111111111;0.9930000000000008;6.703333333333333;0.5586111111111111;1.0;0.9940000000000008;12.0;1.0;0.5586111111111111;0.9930000000000008;6.703333333333333;0.5586111111111111;Now
08:01:27 13/04/2020;Monday;0.9943;0.9950000000000008;1.0;1.2251530516633418;0.671703099685569;0.6056481481481482;0.9950000000000008;7.267777777777778;0.6056481481481482;1.0;0.9955000000000007;12.0;1.0;0.6056481481481482;0.9950000000000008;7.267777777777778;0.6056481481481482;Now
15:17:31 13/04/2020;Monday;0.9957;0.9960000000000008;1.0;1.2247448713915887;0.6643521125567015;1.0;0.9960000000000008;12.0;1.0;1.0;0.9960000000000008;12.0;1.0;1.0;0.9960000000000008;12.0;1.0;Now
21:09:50 13/04/2020;Monday;0.9948;0.9960000000000008;1.0;1.2247448713915887;0.6643521125567015;1.0;0.9960000000000008;12.0;1.0;1.0;0.9953333333333342;12.0;1.0;1.0;0.9960000000000008;12.0;1.0;Now
04:17:32 14/04/2020;Tuesday;0.9931;0.9950000000000008;1.0;1.2251530516633418;0.671703099685569;1.0;0.9950000000000008;12.0;1.0;1.0;0.9946666666666674;12.0;1.0;1.0;0.9950000000000008;12.0;1.0;Now
09:02:53 14/04/2020;Tuesday;0.9938;0.9950000000000008;1.0;1.2251530516633418;0.671703099685569;1.0;0.9950000000000008;12.0;1.0;1.0;0.9943333333333341;12.0;1.0;1.0;0.9950000000000008;12.0;1.0;Now
14:38:24 14/04/2020;Tuesday;0.9932;0.9940000000000008;1.0;1.2255610959882821;0.6790516385254339;0.6291666666666667;0.9940000000000008;7.55;0.6291666666666667;1.0;0.9946666666666674;12.0;1.0;0.6291666666666667;0.9940000000000008;7.55;0.6291666666666667;Now
19:09:46 14/04/2020;Tuesday;0.9932;0.9940000000000008;1.0;1.2255610959882821;0.6790516385254339;0.2522685185185185;0.9940000000000008;3.027222222222222;0.2522685185185185;1.0;0.9963333333333342;12.0;1.0;0.7998148148148149;0.9950000000000008;9.597777777777777;0.7998148148148149;Now
22:11:24 14/04/2020;Tuesday;0.9959;0.9960000000000008;1.0;1.2247448713915887;0.6643521125567015;0.5475462962962963;0.9960000000000008;6.570555555555556;0.5475462962962963;1.0;0.9975000000000007;12.0;1.0;0.5475462962962963;0.9960000000000008;6.570555555555556;0.5475462962962963;Now
04:45:38 15/04/2020;Wednesday;0.9989;0.9990000000000008;1.0;1.2235195135346224;0.6422844369286503;1.0;0.9990000000000008;12.0;1.0;1.0;0.9990000000000008;12.0;1.0;1.0;0.9990000000000008;12.0;1.0;Now
12:10:08 15/04/2020;Wednesday;0.9978;0.9990000000000008;1.0;1.2235195135346224;0.6422844369286503;0.4311111111111111;0.9990000000000008;5.173333333333333;0.4311111111111111;1.0;0.9995000000000007;12.0;1.0;1.0;0.9995000000000007;12.0;1.0;Now
17:20:32 15/04/2020;Wednesday;0.9993;1.0000000000000007;1.0;1.2231107881136523;0.6349236321158929;1.0;1.0000000000000007;12.0;1.0;1.0;1.0000000000000007;12.0;1.0;1.0;1.0000000000000007;12.0;1.0;Now
00:53:13 16/04/2020;Thursday;0.9998;1.0000000000000007;1.0;1.2231107881136523;0.6349236321158929;0.5598611111111111;1.0000000000000007;6.718333333333334;0.5598611111111111;1.0;1.0040000000000002;12.0;1.0;0.5598611111111111;1.0000000000000007;6.718333333333334;0.5598611111111111;Now
07:36:19 16/04/2020;Thursday;1.007;1.0079999999999998;1.0;1.2198360545581526;0.5759484050340886;0.48974537037037036;1.0079999999999998;5.876944444444445;0.48974537037037036;1.0;1.0099999999999996;12.0;1.0;0.9922453703703704;1.0089999999999997;11.906944444444445;0.9922453703703704;Now
13:28:56 16/04/2020;Thursday;1.0096;1.0099999999999996;1.0;1.2190159966136624;0.561179843660501;0.5025;1.0099999999999996;6.03;0.5025;1.0;1.0109999999999995;12.0;1.0;0.5025;1.0099999999999996;6.03;0.5025;Now
19:30:44 16/04/2020;Thursday;1.0113;1.0119999999999993;1.0;1.2181953866272852;0.5464013404717709;0.9575694444444445;1.0119999999999993;11.490833333333333;0.9575694444444445;1.0;1.0123333333333326;12.0;1.0;0.9575694444444445;1.0119999999999993;11.490833333333333;0.9575694444444445;Now
01:45:06 17/04/2020;Friday;1.0111;1.0119999999999993;1.0;1.2181953866272852;0.5464013404717709;0.4376157407407407;1.0119999999999993;5.251388888888889;0.4376157407407407;1.0;1.0143333333333324;12.0;1.0;0.9968518518518519;1.0124999999999993;11.962222222222222;0.9968518518518519;Now
07:00:11 17/04/2020;Friday;1.0129;1.0129999999999992;1.0;1.217784874269672;0.5390083544166249;0.5592361111111112;1.0129999999999992;6.710833333333333;0.5592361111111112;1.0;1.015499999999999;12.0;1.0;0.5592361111111112;1.0129999999999992;6.710833333333333;0.5592361111111112;Now
13:42:50 17/04/2020;Friday;1.017;1.0179999999999987;1.0;1.2157302332343312;0.5020059786272063;1.0;1.0179999999999987;12.0;1.0;1.0;1.0179999999999987;12.0;1.0;1.0;1.0179999999999987;12.0;1.0;Now
19:51:41 17/04/2020;Friday;1.0175;1.0179999999999987;1.0;1.2157302332343312;0.5020059786272063;0.5255555555555556;1.0179999999999987;6.306666666666667;0.5255555555555556;1.0;1.0193333333333319;12.0;1.0;0.5255555555555556;1.0179999999999987;6.306666666666667;0.5255555555555556;Now
02:10:05 18/04/2020;Saturday;1.0191;1.0199999999999985;1.0;1.2149074038789958;0.4871875064498339;0.9322916666666666;1.0199999999999985;11.1875;0.9322916666666666;1.0;1.0203333333333318;12.0;1.0;0.9322916666666666;1.0199999999999985;11.1875;0.9322916666666666;Now
07:37:16 18/04/2020;Saturday;1.0198;1.0199999999999985;1.0;1.2149074038789958;0.4871875064498339;0.499375;1.0199999999999985;5.734444444444445;0.4778703703703704;1.0;1.020666666666665;12.0;1.0;1.0;1.0204999999999984;12.0;1.0;Now
13:21:20 18/04/2020;Saturday;1.0202;1.0209999999999984;1.0;1.2144957801491125;0.4797745055046565;1.0;1.0209999999999984;12.0;1.0;1.0;1.0209999999999984;12.0;1.0;1.0;1.0209999999999984;12.0;1.0;Now
19:21:47 18/04/2020;Saturday;1.0157;1.0209999999999984;1.0;1.2144957801491125;0.4797745055046565;1.0;1.0209999999999984;12.0;1.0;1.0;1.0193333333333319;12.0;1.0;1.0;1.0209999999999984;12.0;1.0;Now
00:40:08 19/04/2020;Sunday;1.0127;1.0209999999999984;1.0;1.2144957801491125;0.4797745055046565;1.0;1.0209999999999984;12.0;1.0;1.0;1.0184999999999986;12.0;1.0;1.0;1.0184999999999986;12.0;1.0;Now
06:32:36 19/04/2020;Sunday;1.0158;1.015999999999999;1.0;1.2165525060596445;0.5168144281618589;1.0;1.015999999999999;12.0;1.0;1.0;1.015999999999999;12.0;1.0;1.0;1.015999999999999;12.0;1.0;Now
14:05:30 19/04/2020;Sunday;1.0102;1.015999999999999;1.0;1.2165525060596445;0.5168144281618589;1.0;1.015999999999999;12.0;1.0;1.0;1.0139999999999991;12.0;1.0;1.0;1.015999999999999;12.0;1.0;Now
19:16:27 19/04/2020;Sunday;1.0129;1.0129999999999992;1.0;1.217784874269672;0.5390083544166249;1.0;1.0129999999999992;12.0;1.0;1.0;1.0129999999999992;12.0;1.0;1.0;1.0129999999999992;12.0;1.0;Now
00:09:23 20/04/2020;Monday;1.0093;1.0129999999999992;1.0;1.217784874269672;0.5390083544166249;1.0;1.0129999999999992;12.0;1.0;1.0;1.012666666666666;12.0;1.0;1.0;1.0129999999999992;12.0;1.0;Now
05:03:06 20/04/2020;Monday;1.0119;1.0129999999999992;1.0;1.217784874269672;0.5390083544166249;1.0;1.0129999999999992;12.0;1.0;1.0;1.0124999999999993;12.0;1.0;1.0;1.0129999999999992;12.0;1.0;Now
11:20:25 20/04/2020;Monday;1.0099;1.0119999999999993;1.0;1.2181953866272852;0.5464013404717709;1.0;1.0119999999999993;12.0;1.0;1.0;1.0114999999999994;12.0;1.0;1.0;1.0119999999999993;12.0;1.0;Now
17:21:09 20/04/2020;Monday;1.0106;1.0109999999999995;1.0;1.2186057606953942;0.5537918360479878;0.5341898148148149;1.0109999999999995;6.410277777777778;0.5341898148148149;1.0;1.015499999999999;12.0;1.0;0.5341898148148149;1.0109999999999995;6.410277777777778;0.5341898148148149;Now
23:45:46 20/04/2020;Monday;1.0191;1.0199999999999985;1.0;1.2149074038789958;0.4871875064498339;1.0;1.0199999999999985;12.0;1.0;1.0;1.0199999999999985;12.0;1.0;1.0;1.0199999999999985;12.0;1.0;Now
06:28:32 21/04/2020;Tuesday;1.0192;1.0199999999999985;1.0;1.2149074038789958;0.4871875064498339;0.5368287037037037;1.0199999999999985;6.441944444444444;0.5368287037037037;1.0;1.020666666666665;12.0;1.0;0.5368287037037037;1.0199999999999985;6.441944444444444;0.5368287037037037;Now
12:55:03 21/04/2020;Tuesday;1.0204;1.0209999999999984;1.0;1.2144957801491125;0.4797745055046565;1.0;1.0209999999999984;12.0;1.0;1.0;1.0209999999999984;12.0;1.0;1.0;1.0209999999999984;12.0;1.0;Now
17:31:29 21/04/2020;Tuesday;1.0209;1.0209999999999984;1.0;1.2144957801491125;0.4797745055046565;1.0;1.0209999999999984;12.0;1.0;1.0;1.0209999999999984;12.0;1.0;1.0;1.0209999999999984;12.0;1.0;Now
22:16:27 21/04/2020;Tuesday;1.0158;1.0209999999999984;1.0;1.2144957801491125;0.4797745055046565;0.6292361111111111;1.0209999999999984;7.550833333333333;0.6292361111111111;1.0;1.0219999999999982;12.0;1.0;0.6292361111111111;1.0209999999999984;7.550833333333333;0.6292361111111111;Now
05:49:30 22/04/2020;Wednesday;1.0229;1.0229999999999981;1.0;1.2136721138759026;0.4649409611325958;0.5583333333333333;1.0229999999999981;6.7;0.5583333333333333;1.0;1.024499999999998;12.0;1.0;0.5583333333333333;1.0229999999999981;6.7;0.5583333333333333;Now
12:31:30 22/04/2020;Wednesday;1.0256;1.0259999999999978;1.0;1.212435565298215;0.4426717499339229;0.4655324074074074;1.0259999999999978;5.586388888888889;0.4655324074074074;1.0;1.0293333333333308;12.0;1.0;0.4655324074074074;1.0259999999999978;5.586388888888889;0.4655324074074074;Now
18:06:41 22/04/2020;Wednesday;1.029;1.0299999999999974;1.0;1.210784869413226;0.4129440902601334;0.48942129629629627;1.0299999999999974;5.873055555555555;0.48942129629629627;1.0;1.0309999999999973;12.0;1.0;1.0;1.0309999999999973;12.0;1.0;Now
23:59:04 22/04/2020;Wednesday;1.031;1.0319999999999971;1.0;1.209958676980335;0.3980650518537317;0.5469212962962963;1.0319999999999971;6.563055555555556;0.5469212962962963;1.0;1.032999999999997;12.0;1.0;0.5469212962962963;1.0319999999999971;6.563055555555556;0.5469212962962963;Now
06:32:51 23/04/2020;Thursday;1.0332;1.033999999999997;1.0;1.2091319200153485;0.38317584669392435;0.5828009259259259;1.033999999999997;6.993611111111111;0.5828009259259259;1.0;1.0344999999999969;12.0;1.0;0.5828009259259259;1.033999999999997;6.993611111111111;0.5828009259259259;Now
13:32:28 23/04/2020;Thursday;1.0341;1.0349999999999968;1.0;1.2087183294713468;0.3757274250626673;0.9669444444444445;1.0349999999999968;11.603333333333333;0.9669444444444445;1.0;1.03533333333333;12.0;1.0;0.9669444444444445;1.0349999999999968;11.603333333333333;0.9669444444444445;Now
19:49:53 23/04/2020;Thursday;1.0347;1.0349999999999968;1.0;1.2087183294713468;0.3757274250626673;0.44275462962962964;1.0349999999999968;5.313055555555556;0.44275462962962964;1.0;1.0366666666666633;12.0;1.0;0.44275462962962964;1.0349999999999968;5.313055555555556;0.44275462962962964;Now
01:08:40 24/04/2020;Friday;1.035;1.0359999999999967;1.0;1.2083045973594586;0.3682764539115444;0.4889351851851852;1.0359999999999967;5.867222222222222;0.4889351851851852;1.0;1.0374999999999965;12.0;1.0;1.0;1.0374999999999965;12.0;1.0;Now
07:00:42 24/04/2020;Friday;1.0382;1.0389999999999964;1.0;1.2070625501605141;0.34590821711833947;0.5700694444444444;1.0389999999999964;6.840833333333333;0.5700694444444444;1.0;1.0394999999999963;12.0;1.0;0.5700694444444444;1.0389999999999964;6.840833333333333;0.5700694444444444;Now
13:51:09 24/04/2020;Friday;1.0396;1.0399999999999963;1.0;1.20664825031987;0.33844702164461876;0.6292361111111111;1.0399999999999963;7.550833333333333;0.6292361111111111;1.0;1.042499999999996;12.0;1.0;0.6292361111111111;1.0399999999999963;7.550833333333333;0.6292361111111111;Now
21:24:12 24/04/2020;Friday;1.0449;1.0449999999999957;1.0;1.204574613712245;0.3011025514007886;0.5699074074074074;1.0449999999999957;6.838888888888889;0.5699074074074074;1.0;1.0474999999999954;12.0;1.0;0.5699074074074074;1.0449999999999957;6.838888888888889;0.5699074074074074;Now
04:14:32 25/04/2020;Saturday;1.049;1.0499999999999952;1.0;1.202497401244595;0.2636936828926687;1.0;1.0499999999999952;12.0;1.0;1.0;1.0499999999999952;12.0;1.0;1.0;1.0499999999999952;12.0;1.0;Now
11:39:00 25/04/2020;Saturday;1.0461;1.0499999999999952;1.0;1.202497401244595;0.2636936828926687;1.0;1.0499999999999952;12.0;1.0;1.0;1.0484999999999953;12.0;1.0;1.0;1.0499999999999952;12.0;1.0;Now
18:55:04 25/04/2020;Saturday;1.0466;1.0469999999999955;1.0;1.2037441588643347;0.2861467504457933;1.0;1.0469999999999955;12.0;1.0;1.0;1.0469999999999955;12.0;1.0;1.0;1.0469999999999955;12.0;1.0;Now
01:37:53 26/04/2020;Sunday;1.0448;1.0469999999999955;1.0;1.2037441588643347;0.2861467504457933;1.0;1.0469999999999955;12.0;1.0;1.0;1.0456666666666623;12.0;1.0;1.0;1.0469999999999955;12.0;1.0;Now
07:04:31 26/04/2020;Sunday;1.0398;1.0449999999999957;1.0;1.204574613712245;0.3011025514007886;1.0;1.0449999999999957;12.0;1.0;1.0;1.0449999999999957;12.0;1.0;1.0;1.0449999999999957;12.0;1.0;Now
12:57:00 26/04/2020;Sunday;1.0442;1.0449999999999957;1.0;1.204574613712245;0.3011025514007886;1.0;1.0449999999999957;12.0;1.0;1.0;1.0449999999999957;12.0;1.0;1.0;1.0449999999999957;12.0;1.0;Now
19:56:21 26/04/2020;Sunday;1.0432;1.0449999999999957;1.0;1.204574613712245;0.3011025514007886;1.0;1.0449999999999957;12.0;1.0;1.0;1.0444999999999958;12.0;1.0;1.0;1.0449999999999957;12.0;1.0;Now
03:12:38 27/04/2020;Monday;1.0438;1.0439999999999958;1.0;1.204989626511367;0.3085765866635881;1.0;1.0439999999999958;12.0;1.0;1.0;1.0439999999999958;12.0;1.0;1.0;1.0439999999999958;12.0;1.0;Now
10:03:05 27/04/2020;Monday;1.0428;1.0439999999999958;1.0;1.204989626511367;0.3085765866635881;0.559699074074074;1.0439999999999958;6.716388888888889;0.559699074074074;1.0;1.0446666666666624;12.0;1.0;0.559699074074074;1.0439999999999958;6.716388888888889;0.559699074074074;Now
16:46:04 27/04/2020;Monday;1.0441;1.0449999999999957;1.0;1.204574613712245;0.3011025514007886;0.4771296296296296;1.0449999999999957;5.725555555555555;0.4771296296296296;1.0;1.045333333333329;12.0;1.0;1.0;1.045333333333329;12.0;1.0;Now
17:13:52 27/04/2020;Monday;1.0441;1.0449999999999957;1.0;1.204574613712245;0.3011025514007886;0.43851851851851853;1.0449999999999957;5.262222222222222;0.43851851851851853;1.0;1.0469999999999955;12.0;1.0;0.9982638888888888;1.0454999999999957;11.979166666666666;0.9982638888888888;Now
22:29:36 27/04/2020;Monday;1.0453;1.0459999999999956;1.0;1.2041594578792314;0.293625940216591;0.5597453703703704;1.0459999999999956;6.716944444444445;0.5597453703703704;1.0;1.0479999999999954;12.0;1.0;0.5597453703703704;1.0459999999999956;6.716944444444445;0.5597453703703704;Now
05:12:37 28/04/2020;Tuesday;1.0499;1.0499999999999952;1.0;1.202497401244595;0.2636936828926687;0.5470601851851852;1.0499999999999952;6.564722222222223;0.5470601851851852;1.0;1.051999999999995;12.0;1.0;0.5470601851851852;1.0499999999999952;6.564722222222223;0.5470601851851852;Now
11:46:30 28/04/2020;Tuesday;1.0535;1.0539999999999947;1.0;1.2008330441822481;0.2337199967794067;1.0;1.0539999999999947;12.0;1.0;1.0;1.0539999999999947;12.0;1.0;1.0;1.0539999999999947;12.0;1.0;Now
17:55:43 28/04/2020;Tuesday;1.0495;1.0539999999999947;1.0;1.2008330441822481;0.2337199967794067;1.0;1.0539999999999947;12.0;1.0;1.0;1.0539999999999947;12.0;1.0;1.0;1.0539999999999947;12.0;1.0;Now
23:56:00 28/04/2020;Tuesday;1.0532;1.0539999999999947;1.0;1.2008330441822481;0.2337199967794067;1.0;1.0539999999999947;12.0;1.0;1.0;1.0539999999999947;12.0;1.0;1.0;1.0539999999999947;12.0;1.0;Now
06:39:32 29/04/2020;Wednesday;1.0493;1.0539999999999947;1.0;1.2008330441822481;0.2337199967794067;1.0;1.0539999999999947;12.0;1.0;1.0;1.051999999999995;12.0;1.0;1.0;1.0539999999999947;12.0;1.0;Now
14:03:30 29/04/2020;Wednesday;1.0467;1.0499999999999952;1.0;1.202497401244595;0.2636936828926687;1.0;1.0499999999999952;12.0;1.0;1.0;1.0484999999999953;12.0;1.0;1.0;1.0499999999999952;12.0;1.0;Now
20:21:05 29/04/2020;Wednesday;1.0422;1.0469999999999955;1.0;1.2037441588643347;0.2861467504457933;1.0;1.0469999999999955;12.0;1.0;1.0;1.0449999999999957;12.0;1.0;1.0;1.0469999999999955;12.0;1.0;Now
02:31:04 30/04/2020;Thursday;1.0421;1.042999999999996;1.0;1.2054044964243347;0.31604804866561287;1.0;1.042999999999996;12.0;1.0;1.0;1.042999999999996;12.0;1.0;1.0;1.042999999999996;12.0;1.0;Now
09:38:00 30/04/2020;Thursday;1.041;1.042999999999996;1.0;1.2054044964243347;0.31604804866561287;1.0;1.042999999999996;12.0;1.0;1.0;1.0426666666666626;12.0;1.0;1.0;1.042999999999996;12.0;1.0;Now
14:15:21 30/04/2020;Thursday;1.04;1.042999999999996;1.0;1.2054044964243347;0.31604804866561287;1.0;1.042999999999996;12.0;1.0;1.0;1.0414999999999959;12.0;1.0;1.0;1.042999999999996;12.0;1.0;Now
19:15:15 30/04/2020;Thursday;1.036;1.041999999999996;1.0;1.2058192235986305;0.3235169400629033;1.0;1.041999999999996;12.0;1.0;1.0;1.041199999999996;12.0;1.0;1.0;1.041499999999996;12.0;1.0;Now
22:39:42 30/04/2020;Thursday;1.036;1.0409999999999962;1.0;1.2062338081814834;0.3309832635069296;1.0;1.0409999999999962;12.0;1.0;1.0;1.0401999999999962;12.0;1.0;1.0;1.0409999999999962;12.0;1.0;Now
22:55:43 30/04/2020;Thursday;1.036;1.0409999999999962;1.0;1.2062338081814834;0.3309832635069296;1.0;1.0409999999999962;12.0;1.0;1.0;1.0399999999999963;12.0;1.0;1.0;1.0409999999999962;12.0;1.0;Now
22:55:43 30/04/2020;Thursday;1.036;1.0409999999999962;1.0;1.2062338081814834;0.3309832635069296;1.0;1.0409999999999962;12.0;1.0;1.0;1.039666666666663;12.0;1.0;1.0;1.0409999999999962;12.0;1.0;Now
01:07:06 01/05/2020;Friday;1.0285;1.0409999999999962;1.0;1.2062338081814834;0.3309832635069296;1.0;1.0409999999999962;12.0;1.0;1.0;1.0389999999999964;12.0;1.0;1.0;1.0409999999999962;12.0;1.0;Now
07:41:42 01/05/2020;Friday;1.0235;1.0369999999999966;1.0;1.2078907235342125;0.36082293062073645;1.0;1.0369999999999966;12.0;1.0;1.0;1.0283333333333309;12.0;1.0;1.0;1.0369999999999966;12.0;1.0;Now
14:07:19 01/05/2020;Friday;1.0209;1.023999999999998;1.0;1.2132600710482488;0.4575204125852196;1.0;1.023999999999998;12.0;1.0;1.0;1.0224999999999982;12.0;1.0;1.0;1.023999999999998;12.0;1.0;Now
15:27:27 01/05/2020;Friday;1.0209;1.023999999999998;1.0;1.2132600710482488;0.4575204125852196;1.0;1.023999999999998;12.0;1.0;1.0;1.0219999999999982;12.0;1.0;1.0;1.023999999999998;12.0;1.0;Now
20:31:15 01/05/2020;Friday;1.0159;1.0209999999999984;1.0;1.2144957801491125;0.4797745055046565;1.0;1.0209999999999984;12.0;1.0;1.0;1.0193333333333319;12.0;1.0;1.0;1.0209999999999984;12.0;1.0;Now
01:51:15 02/05/2020;Saturday;1.0129;1.0209999999999984;1.0;1.2144957801491125;0.4797745055046565;1.0;1.0209999999999984;12.0;1.0;1.0;1.0166666666666655;12.0;1.0;1.0;1.0209999999999984;12.0;1.0;Now
07:15:49 02/05/2020;Saturday;1.0073;1.015999999999999;1.0;1.2165525060596445;0.5168144281618589;1.0;1.015999999999999;12.0;1.0;1.0;1.0123333333333326;12.0;1.0;1.0;1.015999999999999;12.0;1.0;Now
12:51:12 02/05/2020;Saturday;1.0023;1.0129999999999992;1.0;1.217784874269672;0.5390083544166249;1.0;1.0129999999999992;12.0;1.0;1.0;1.0079999999999998;12.0;1.0;1.0;1.0129999999999992;12.0;1.0;Now
18:18:24 02/05/2020;Saturday;0.9974;1.0079999999999998;1.0;1.2198360545581526;0.5759484050340886;1.0;1.0079999999999998;12.0;1.0;1.0;1.0055;12.0;1.0;1.0;1.0055;12.0;1.0;Now
22:55:11 02/05/2020;Saturday;0.9946;1.0030000000000003;1.0;1.2218837915284742;0.6128264443560063;1.0;1.0030000000000003;12.0;1.0;1.0;0.9990000000000006;12.0;1.0;1.0;1.0030000000000003;12.0;1.0;Now
06:19:41 03/05/2020;Sunday;0.9883;0.9950000000000008;1.0;1.2251530516633418;0.671703099685569;1.0;0.9950000000000008;12.0;1.0;1.0;0.9920000000000008;12.0;1.0;1.0;0.9950000000000008;12.0;1.0;Now
12:46:05 03/05/2020;Sunday;0.9821;0.9890000000000008;1.0;1.2275992831539122;0.7157576938093462;1.0;0.9890000000000008;12.0;1.0;1.0;0.9860000000000008;12.0;1.0;1.0;0.9890000000000008;12.0;1.0;Now
18:47:06 03/05/2020;Sunday;0.9763;0.9830000000000008;1.0;1.230040649734796;0.7597246749567881;1.0;0.9830000000000008;12.0;1.0;1.0;0.9800000000000008;12.0;1.0;1.0;0.9800000000000008;12.0;1.0;Now
00:47:03 04/05/2020;Monday;0.9724;0.9770000000000008;1.0;1.2324771803161303;0.8036045637754146;1.0;0.9770000000000008;12.0;1.0;1.0;0.974333333333334;12.0;1.0;1.0;0.9770000000000008;12.0;1.0;Now
06:48:06 04/05/2020;Monday;0.9695;0.9730000000000008;1.0;1.23409886151799;0.8328096931433747;1.0;0.9730000000000008;12.0;1.0;1.0;0.9730000000000008;12.0;1.0;1.0;0.9730000000000008;12.0;1.0;Now
12:39:52 04/05/2020;Monday;0.965;0.9730000000000008;1.0;1.23409886151799;0.8328096931433747;0.9804398148148148;0.9730000000000008;11.765277777777778;0.9804398148148148;1.0;0.9716666666666675;12.0;1.0;0.9804398148148148;0.9730000000000008;11.765277777777778;0.9804398148148148;Now
18:49:38 04/05/2020;Monday;0.9632;0.9650000000000007;1.0;1.2373358476985945;0.8911051214053805;0.466875;0.9650000000000007;5.6025;0.466875;1.0;0.9710000000000008;12.0;1.0;1.0;0.9710000000000008;12.0;1.0;Now
00:25:47 05/05/2020;Tuesday;0.9761;0.9770000000000008;1.0;1.2324771803161303;0.8036045637754146;1.0;0.9770000000000008;12.0;1.0;1.0;0.9770000000000008;12.0;1.0;1.0;0.9770000000000008;12.0;1.0;Now
06:51:23 05/05/2020;Tuesday;0.9615;0.9770000000000008;1.0;1.2324771803161303;0.8036045637754146;1.0;0.9770000000000008;12.0;1.0;1.0;0.974333333333334;12.0;1.0;1.0;0.9770000000000008;12.0;1.0;Now
11:45:03 05/05/2020;Tuesday;0.9594;0.9770000000000008;1.0;1.2324771803161303;0.8036045637754146;1.0;0.9770000000000008;12.0;1.0;1.0;0.9716666666666675;12.0;1.0;1.0;0.9770000000000008;12.0;1.0;Now
17:37:19 05/05/2020;Tuesday;0.9684;0.9690000000000007;1.0;1.2357184145265454;0.8619764955203705;1.0;0.9690000000000007;12.0;1.0;1.0;0.9690000000000007;12.0;1.0;1.0;0.9690000000000007;12.0;1.0;Now
22:14:19 05/05/2020;Tuesday;0.967;0.9690000000000007;1.0;1.2357184145265454;0.8619764955203705;1.0;0.9690000000000007;12.0;1.0;1.0;0.968333333333334;12.0;1.0;1.0;0.9690000000000007;12.0;1.0;Now
03:24:37 06/05/2020;Wednesday;0.9626;0.9690000000000007;1.0;1.2357184145265454;0.8619764955203705;1.0;0.9690000000000007;12.0;1.0;1.0;0.9680000000000007;12.0;1.0;1.0;0.9680000000000007;12.0;1.0;Now
08:42:54 06/05/2020;Wednesday;0.9629;0.9670000000000007;1.0;1.23652739557197;0.8765455711566664;1.0;0.9670000000000007;12.0;1.0;1.0;0.9650000000000007;12.0;1.0;1.0;0.9670000000000007;12.0;1.0;Now
15:58:53 06/05/2020;Wednesday;0.9503;0.9630000000000007;1.0;1.238143771942499;0.9056551649254536;1.0;0.9630000000000007;12.0;1.0;1.0;0.960333333333334;12.0;1.0;1.0;0.9630000000000007;12.0;1.0;Now
21:42:24 06/05/2020;Wednesday;0.9583;0.9590000000000007;1.0;1.2397580409095958;0.9347268061115771;1.0;0.9590000000000007;12.0;1.0;1.0;0.9590000000000009;12.0;1.0;1.0;0.9590000000000007;12.0;1.0;Now
03:41:29 07/05/2020;Thursday;0.9583;0.9590000000000007;1.0;1.2397580409095958;0.9347268061115771;1.0;0.9590000000000007;12.0;1.0;1.0;0.9590000000000007;12.0;1.0;1.0;0.9590000000000007;12.0;1.0;Now
04:00:06 07/05/2020;Thursday;0.9457;0.9590000000000007;1.0;1.2397580409095958;0.9347268061115771;1.0;0.9590000000000007;12.0;1.0;1.0;0.9590000000000009;12.0;1.0;1.0;0.9590000000000007;12.0;1.0;Now
10:09:35 07/05/2020;Thursday;0.9587;0.9590000000000007;1.0;1.2397580409095958;0.9347268061115771;1.0;0.9590000000000007;12.0;1.0;1.0;0.9590000000000009;12.0;1.0;1.0;0.9590000000000007;12.0;1.0;Now
14:45:28 07/05/2020;Thursday;0.951;0.9590000000000007;1.0;1.2397580409095958;0.9347268061115771;0.9674537037037036;0.9590000000000007;11.609444444444444;0.9674537037037036;1.0;0.9606666666666674;12.0;1.0;0.9674537037037036;0.9590000000000007;11.609444444444444;0.9674537037037036;Now
20:54:30 07/05/2020;Thursday;0.9533;0.9590000000000007;1.0;1.2397580409095958;0.9347268061115771;0.5457407407407407;0.9590000000000007;5.458888888888889;0.4549074074074074;1.0;0.962333333333334;12.0;1.0;0.5457407407407407;0.9590000000000007;5.458888888888889;0.4549074074074074;Now
02:22:02 08/05/2020;Friday;0.9633;0.9640000000000007;1.0;1.2377398757412639;0.8983813303426927;0.9195601851851852;0.9640000000000007;11.034722222222221;0.9195601851851852;1.0;0.9646666666666674;12.0;1.0;0.9195601851851852;0.9640000000000007;11.034722222222221;0.9195601851851852;Now
07:49:06 08/05/2020;Friday;0.9525;0.9640000000000007;1.0;1.2377398757412639;0.8983813303426927;0.5922222222222222;0.9640000000000007;5.583611111111111;0.4653009259259259;1.0;0.965333333333334;12.0;1.0;0.5922222222222222;0.9640000000000007;5.583611111111111;0.4653009259259259;Now
13:24:07 08/05/2020;Friday;0.9657;0.9660000000000007;1.0;1.2369316876852978;0.8838265357868568;0.8275462962962963;0.9660000000000007;9.930555555555555;0.8275462962962963;1.0;0.9680000000000007;12.0;1.0;0.8275462962962963;0.9660000000000007;9.930555555555555;0.8275462962962963;Now
18:17:43 08/05/2020;Friday;0.9556;0.9660000000000007;1.0;1.2369316876852978;0.8838265357868568;0.41976851851851854;0.9660000000000007;5.037222222222222;0.41976851851851854;1.0;0.9690000000000007;12.0;1.0;1.0;0.9690000000000007;12.0;1.0;Now
23:19:57 08/05/2020;Friday;0.9714;0.9720000000000008;1.0;1.234503948960877;0.8401049809972894;1.0;0.9720000000000008;12.0;1.0;1.0;0.9720000000000008;12.0;1.0;1.0;0.9720000000000008;12.0;1.0;Now
06:35:47 09/05/2020;Saturday;0.9624;0.9720000000000008;1.0;1.234503948960877;0.8401049809972894;0.9665046296296296;0.9720000000000008;11.598055555555556;0.9665046296296296;1.0;0.9750000000000006;12.0;1.0;0.9665046296296296;0.9720000000000008;11.598055555555556;0.9665046296296296;Now
12:19:02 09/05/2020;Saturday;0.9668;0.9670000000000007;1.0;1.23652739557197;0.8765455711566664;0.4897685185185185;0.9670000000000007;5.877222222222223;0.4897685185185185;1.0;0.9765000000000008;12.0;1.0;1.0;0.9765000000000008;12.0;1.0;Now
18:11:40 09/05/2020;Saturday;0.9857;0.9860000000000008;1.0;1.2288205727444506;0.737752103343423;1.0;0.9860000000000008;12.0;1.0;1.0;0.9860000000000008;12.0;1.0;1.0;0.9860000000000008;12.0;1.0;Now
00:37:06 10/05/2020;Sunday;0.9697;0.9860000000000008;1.0;1.2288205727444506;0.737752103343423;0.4762268518518519;0.9860000000000008;5.5969444444444445;0.46641203703703704;1.0;0.9886666666666675;12.0;1.0;1.0;0.9880000000000008;12.0;1.0;Now
06:12:55 10/05/2020;Sunday;0.99;0.9900000000000008;1.0;1.2271919165313954;0.7084213598263476;1.0;0.9900000000000008;12.0;1.0;1.0;0.9900000000000008;12.0;1.0;1.0;0.9900000000000008;12.0;1.0;Now
12:30:02 10/05/2020;Sunday;0.9716;0.9900000000000008;1.0;1.2271919165313954;0.7084213598263476;1.0;0.9900000000000008;12.0;1.0;1.0;0.9870000000000008;12.0;1.0;1.0;0.9870000000000008;12.0;1.0;Now
18:13:56 10/05/2020;Sunday;0.9836;0.9840000000000008;1.0;1.2296340919151514;0.7524029068406748;1.0;0.9840000000000008;12.0;1.0;1.0;0.9840000000000008;12.0;1.0;1.0;0.9840000000000008;12.0;1.0;Now
01:21:04 11/05/2020;Monday;0.9698;0.9840000000000008;1.0;1.2296340919151514;0.7524029068406748;1.0;0.9840000000000008;12.0;1.0;1.0;0.9835000000000007;12.0;1.0;1.0;0.9835000000000007;12.0;1.0;Now
06:39:29 11/05/2020;Monday;0.9821;0.9830000000000008;1.0;1.230040649734796;0.7597246749567881;1.0;0.9830000000000008;12.0;1.0;1.0;0.9830000000000008;12.0;1.0;1.0;0.9830000000000008;12.0;1.0;Now
13:47:32 11/05/2020;Monday;0.9804;0.9830000000000008;1.0;1.230040649734796;0.7597246749567881;1.0;0.9830000000000008;12.0;1.0;1.0;0.9816666666666674;12.0;1.0;1.0;0.9830000000000008;12.0;1.0;Now
20:41:44 11/05/2020;Monday;0.9804;0.9810000000000008;1.0;1.2308533625091167;0.7743609559260756;0.8581712962962963;0.9810000000000008;10.298055555555555;0.8581712962962963;1.0;0.9820000000000008;12.0;1.0;0.8581712962962963;0.9810000000000008;10.298055555555555;0.8581712962962963;Now
20:55:31 11/05/2020;Monday;0.9801;0.9810000000000008;1.0;1.2308533625091167;0.7743609559260756;0.8390277777777778;0.9810000000000008;10.068333333333333;0.8390277777777778;1.0;0.9823333333333341;12.0;1.0;0.8390277777777778;0.9810000000000008;10.068333333333333;0.8390277777777778;Now
02:05:57 12/05/2020;Tuesday;0.9799;0.9810000000000008;1.0;1.2308533625091167;0.7743609559260756;0.4078703703703704;0.9810000000000008;4.894444444444445;0.4078703703703704;1.0;0.9860000000000008;12.0;1.0;0.9075231481481482;0.9830000000000008;10.890277777777778;0.9075231481481482;Now
06:59:37 12/05/2020;Tuesday;0.985;0.9850000000000008;1.0;1.2292273996295393;0.7450787171043497;0.4996527777777778;0.9850000000000008;5.995833333333334;0.4996527777777778;1.0;0.9913333333333342;12.0;1.0;0.4996527777777778;0.9850000000000008;5.995833333333334;0.4996527777777778;Now
12:59:22 12/05/2020;Tuesday;0.9913;0.9920000000000008;1.0;1.226376777340471;0.6937413811125659;0.4352314814814815;0.9920000000000008;5.222777777777778;0.4352314814814815;1.0;0.998333333333334;12.0;1.0;0.4352314814814815;0.9920000000000008;5.222777777777778;0.4352314814814815;Now
18:12:44 12/05/2020;Tuesday;0.9963;0.9970000000000008;1.0;1.2243365550370533;0.6569986746901308;0.476875;0.9970000000000008;5.7225;0.476875;1.0;1.0015000000000005;12.0;1.0;1.0;1.0015000000000005;12.0;1.0;Now
23:56:05 12/05/2020;Tuesday;1.0059;1.006;1.0;1.2206555615733703;0.5907070446297982;0.5714814814814815;1.006;6.857777777777778;0.5714814814814815;1.0;1.0099999999999996;12.0;1.0;0.5714814814814815;1.006;6.857777777777778;0.5714814814814815;Now
06:47:33 13/05/2020;Wednesday;1.0137;1.0139999999999991;1.0;1.2173742234826566;0.5316128753631053;0.5126157407407408;1.0139999999999991;6.151388888888889;0.5126157407407408;1.0;1.014999999999999;12.0;1.0;0.5126157407407408;1.0139999999999991;6.151388888888889;0.5126157407407408;Now
12:56:38 13/05/2020;Wednesday;1.0154;1.015999999999999;1.0;1.2165525060596445;0.5168144281618589;0.5934490740740741;1.015999999999999;7.121388888888889;0.5934490740740741;1.0;1.0209999999999984;12.0;1.0;0.5934490740740741;1.015999999999999;7.121388888888889;0.5934490740740741;Now
20:03:55 13/05/2020;Wednesday;1.021;1.0219999999999982;1.0;1.2140840168620959;0.47235899125160413;0.3954861111111111;1.0219999999999982;4.745833333333334;0.3954861111111111;1.0;1.0253333333333312;12.0;1.0;0.9433333333333334;1.023499999999998;11.32;0.9433333333333334;Now
00:48:40 14/05/2020;Thursday;1.0247;1.024999999999998;1.0;1.212847888236609;0.45009734304270504;0.5478472222222223;1.024999999999998;6.574166666666667;0.5478472222222223;1.0;1.0269999999999977;12.0;1.0;0.5478472222222223;1.024999999999998;6.574166666666667;0.5478472222222223;Now
07:23:07 14/05/2020;Thursday;1.0287;1.0289999999999975;1.0;1.211197754291182;0.42037980343295317;0.5590972222222222;1.0289999999999975;6.7091666666666665;0.5590972222222222;1.0;1.032999999999997;12.0;1.0;0.5590972222222222;1.0289999999999975;6.7091666666666665;0.5590972222222222;Now
14:05:40 14/05/2020;Thursday;1.0369;1.0369999999999966;1.0;1.2078907235342125;0.36082293062073645;0.5708333333333333;1.0369999999999966;6.85;0.5708333333333333;1.0;1.0394999999999963;12.0;1.0;0.5708333333333333;1.0369999999999966;6.85;0.5708333333333333;Now
20:56:40 14/05/2020;Thursday;1.041;1.041999999999996;1.0;1.2058192235986305;0.3235169400629033;0.45472222222222225;1.041999999999996;5.456666666666667;0.45472222222222225;1.0;1.0459999999999956;12.0;1.0;1.0;1.0449999999999957;12.0;1.0;Now
02:24:04 15/05/2020;Friday;1.0472;1.0479999999999954;1.0;1.2033287165193078;0.278664979418587;1.0;1.0479999999999954;12.0;1.0;1.0;1.0479999999999954;12.0;1.0;1.0;1.0479999999999954;12.0;1.0;Now
08:33:02 15/05/2020;Friday;1.0444;1.0479999999999954;1.0;1.2033287165193078;0.278664979418587;0.6186111111111111;1.0479999999999954;7.423333333333333;0.6186111111111111;1.0;1.0493333333333286;12.0;1.0;0.6186111111111111;1.0479999999999954;7.423333333333333;0.6186111111111111;Now
15:58:26 15/05/2020;Friday;1.0495;1.0499999999999952;1.0;1.202497401244595;0.2636936828926687;0.4423842592592593;1.0499999999999952;5.308611111111111;0.4423842592592593;1.0;1.0503333333333285;12.0;1.0;1.0;1.0503333333333285;12.0;1.0;Now
17:14:06 15/05/2020;Friday;1.0495;1.0499999999999952;1.0;1.202497401244595;0.2636936828926687;0.33729166666666666;1.0499999999999952;4.0475;0.33729166666666666;1.0;1.050999999999995;12.0;1.0;0.9424768518518518;1.050499999999995;11.309722222222222;0.9424768518518518;Now
21:16:57 15/05/2020;Friday;1.0506;1.050999999999995;1.0;1.2020815280171329;0.25620415203125424;0.6051851851851852;1.050999999999995;7.262222222222222;0.6051851851851852;1.0;1.051499999999995;12.0;1.0;0.6051851851851852;1.050999999999995;7.262222222222222;0.6051851851851852;Now
04:32:41 16/05/2020;Saturday;1.0513;1.051999999999995;1.0;1.2016655108639862;0.2487120291879941;0.5724768518518518;1.051999999999995;6.869722222222222;0.5724768518518518;1.0;1.0524999999999949;12.0;1.0;0.5724768518518518;1.051999999999995;6.869722222222222;0.5724768518518518;Now
11:24:52 16/05/2020;Saturday;1.052;1.0529999999999948;1.0;1.2012493496356222;0.2412173116699264;1.0;1.0529999999999948;12.0;1.0;1.0;1.0529999999999948;12.0;1.0;1.0;1.0529999999999948;12.0;1.0;Now
17:41:55 16/05/2020;Saturday;1.0521;1.0529999999999948;1.0;1.2012493496356222;0.2412173116699264;1.0;1.0529999999999948;12.0;1.0;1.0;1.0529999999999948;12.0;1.0;1.0;1.0529999999999948;12.0;1.0;Now
23:09:32 16/05/2020;Saturday;1.0491;1.0529999999999948;1.0;1.2012493496356222;0.2412173116699264;1.0;1.0529999999999948;12.0;1.0;1.0;1.050999999999995;12.0;1.0;1.0;1.0529999999999948;12.0;1.0;Now
05:43:26 17/05/2020;Sunday;1.0455;1.0499999999999952;1.0;1.202497401244595;0.2636936828926687;1.0;1.0499999999999952;12.0;1.0;1.0;1.0496666666666619;12.0;1.0;1.0;1.0499999999999952;12.0;1.0;Now
10:53:47 17/05/2020;Sunday;1.0481;1.0499999999999952;1.0;1.202497401244595;0.2636936828926687;1.0;1.0499999999999952;12.0;1.0;1.0;1.0494999999999952;12.0;1.0;1.0;1.0499999999999952;12.0;1.0;Now
17:27:55 17/05/2020;Sunday;1.0466;1.0489999999999953;1.0;1.2029131306956478;0.2711806244605568;1.0;1.0489999999999953;12.0;1.0;1.0;1.0479999999999954;12.0;1.0;1.0;1.0489999999999953;12.0;1.0;Now
23:20:26 17/05/2020;Sunday;1.0442;1.0469999999999955;1.0;1.2037441588643347;0.2861467504457933;0.4657175925925926;1.0469999999999955;5.588611111111111;0.4657175925925926;1.0;1.0483333333333287;12.0;1.0;0.9777546296296297;1.0474999999999954;11.733055555555556;0.9777546296296297;Now
04:55:45 18/05/2020;Monday;1.0477;1.0479999999999954;1.0;1.2033287165193078;0.278664979418587;0.5120370370370371;1.0479999999999954;6.144444444444445;0.5120370370370371;1.0;1.0489999999999953;12.0;1.0;0.5120370370370371;1.0479999999999954;6.144444444444445;0.5120370370370371;Now
11:04:25 18/05/2020;Monday;1.0496;1.0499999999999952;1.0;1.202497401244595;0.2636936828926687;0.6057638888888889;1.0499999999999952;7.269166666666667;0.6057638888888889;1.0;1.050999999999995;12.0;1.0;0.6057638888888889;1.0499999999999952;7.269166666666667;0.6057638888888889;Now
18:20:34 18/05/2020;Monday;1.0514;1.051999999999995;1.0;1.2016655108639862;0.2487120291879941;0.4307638888888889;1.051999999999995;5.1691666666666665;0.4307638888888889;1.0;1.0536666666666614;12.0;1.0;0.4307638888888889;1.051999999999995;5.1691666666666665;0.4307638888888889;Now
23:30:43 18/05/2020;Monday;1.0536;1.0539999999999947;1.0;1.2008330441822481;0.2337199967794067;0.45469907407407406;1.0539999999999947;5.456388888888889;0.45469907407407406;1.0;1.0544999999999947;12.0;1.0;1.0;1.0544999999999947;12.0;1.0;Now
04:58:06 19/05/2020;Tuesday;1.0542;1.0549999999999946;1.0;1.2004165943538123;0.22622008181413175;0.5471296296296296;1.0549999999999946;6.565555555555555;0.5471296296296296;1.0;1.0559999999999945;12.0;1.0;0.5471296296296296;1.0549999999999946;6.565555555555555;0.5471296296296296;Now
11:32:02 19/05/2020;Tuesday;1.0568;1.0569999999999944;1.0;1.1995832609702444;0.21121244082659832;0.4661111111111111;1.0569999999999944;5.593333333333334;0.4661111111111111;1.0;1.0596666666666608;12.0;1.0;0.4661111111111111;1.0569999999999944;5.593333333333334;0.4661111111111111;Now
17:07:38 19/05/2020;Tuesday;1.0593;1.059999999999994;1.0;1.198332174315622;0.18868141095656135;0.39625;1.059999999999994;4.755;0.39625;1.0;1.060999999999994;12.0;1.0;1.0;1.060999999999994;12.0;1.0;Now
21:52:56 19/05/2020;Tuesday;1.0617;1.0619999999999938;1.0;1.1974973903938189;0.1736476469821177;0.6067592592592592;1.0619999999999938;7.2811111111111115;0.6067592592592592;1.0;1.0644999999999936;12.0;1.0;0.6067592592592592;1.0619999999999938;7.2811111111111115;0.6067592592592592;Now
05:09:48 20/05/2020;Wednesday;1.0666;1.0669999999999933;1.0;1.1954078801814914;0.1360173063228573;0.5463425925925925;1.0669999999999933;6.556111111111111;0.5463425925925925;1.0;1.0684999999999931;12.0;1.0;0.5463425925925925;1.0669999999999933;6.556111111111111;0.5463425925925925;Now
11:43:10 20/05/2020;Wednesday;1.069;1.069999999999993;1.0;1.1941524190822572;0.11340749634446744;0.6058564814814815;1.069999999999993;7.270277777777777;0.6058564814814815;1.0;1.0719999999999927;12.0;1.0;0.6058564814814815;1.069999999999993;7.270277777777777;0.6058564814814815;Now
18:59:23 20/05/2020;Wednesday;1.073;1.0739999999999925;1.0;1.1924764148611107;0.08322405459050201;0.5941435185185185;1.0739999999999925;7.129722222222222;0.5941435185185185;1.0;1.0749999999999924;12.0;1.0;0.5941435185185185;1.0739999999999925;7.129722222222222;0.5941435185185185;Now
02:07:10 21/05/2020;Thursday;1.0758;1.0759999999999923;1.0;1.1916375287813017;0.06811641416295888;0.5488657407407408;1.0759999999999923;6.586388888888889;0.5488657407407408;1.0;1.077999999999992;12.0;1.0;0.5488657407407408;1.0759999999999923;6.586388888888889;0.5488657407407408;Now
08:42:21 21/05/2020;Thursday;1.0786;1.078999999999992;1.0;1.1903780911962418;0.04543499098288848;1.0;1.078999999999992;12.0;1.0;1.0;1.078999999999992;12.0;1.0;1.0;1.078999999999992;12.0;1.0;Now
13:26:45 21/05/2020;Thursday;1.0782;1.078999999999992;1.0;1.1903780911962418;0.04543499098288848;1.0;1.078999999999992;12.0;1.0;1.0;1.078999999999992;12.0;1.0;1.0;1.078999999999992;12.0;1.0;Now
19:36:33 21/05/2020;Thursday;1.0778;1.078999999999992;1.0;1.1903780911962418;0.04543499098288848;0.5354861111111111;1.078999999999992;6.425833333333333;0.5354861111111111;1.0;1.0804999999999918;12.0;1.0;0.5354861111111111;1.078999999999992;6.425833333333333;0.5354861111111111;Now
02:02:06 22/05/2020;Friday;1.081;1.0819999999999916;1.0;1.1891173196955833;0.022729545092571652;0.5584490740740741;1.0819999999999916;6.701388888888889;0.5584490740740741;1.0;1.0824999999999916;12.0;1.0;0.5584490740740741;1.0819999999999916;6.701388888888889;0.5584490740740741;Now
08:44:11 22/05/2020;Friday;1.0825;1.0829999999999915;1.0;1.1886967653695406;0.015155711539930287;0.4543055555555556;1.0829999999999915;5.451666666666667;0.4543055555555556;1.0;1.0839999999999914;12.0;1.0;1.0;1.0839999999999914;12.0;1.0;Now
14:11:17 22/05/2020;Friday;1.0844;1.0849999999999913;1.0;1.1878552100319335;0.0;1.0;1.0849999999999913;12.0;1.0;1.0;1.0849999999999913;12.0;1.0;1.0;1.0849999999999913;12.0;1.0;Now
20:45:16 22/05/2020;Friday;1.0823;1.0849999999999913;1.0;1.1878552100319335;0.0;1.0;1.0849999999999913;12.0;1.0;1.0;1.0836666666666581;12.0;1.0;1.0;1.0849999999999913;12.0;1.0;Now
02:55:00 23/05/2020;Saturday;1.0804;1.0829999999999915;1.0;1.1886967653695406;0.015155711539930287;1.0;1.0829999999999915;12.0;1.0;1.0;1.0829999999999915;12.0;1.0;1.0;1.0829999999999915;12.0;1.0;Now
08:13:07 23/05/2020;Saturday;1.0791;1.0829999999999915;1.0;1.1886967653695406;0.015155711539930287;1.0;1.0829999999999915;12.0;1.0;1.0;1.0814999999999917;12.0;1.0;1.0;1.0829999999999915;12.0;1.0;Now
15:29:02 23/05/2020;Saturday;1.0778;1.0799999999999919;1.0;1.1899579824514848;0.03786918197852227;1.0;1.0799999999999919;12.0;1.0;1.0;1.0786666666666587;12.0;1.0;1.0;1.0799999999999919;12.0;1.0;Now
21:29:51 23/05/2020;Saturday;1.0754;1.077999999999992;1.0;1.190798051728339;0.052998130800547674;1.0;1.077999999999992;12.0;1.0;1.0;1.0773333333333255;12.0;1.0;1.0;1.077999999999992;12.0;1.0;Now
02:14:55 24/05/2020;Sunday;1.0748;1.077999999999992;1.0;1.190798051728339;0.052998130800547674;1.0;1.077999999999992;12.0;1.0;1.0;1.0769999999999922;12.0;1.0;1.0;1.0769999999999922;12.0;1.0;Now
07:33:12 24/05/2020;Sunday;1.0703;1.0759999999999923;1.0;1.1916375287813017;0.06811641416295888;1.0;1.0759999999999923;12.0;1.0;1.0;1.0734999999999926;12.0;1.0;1.0;1.0759999999999923;12.0;1.0;Now
14:57:31 24/05/2020;Sunday;1.0686;1.0709999999999928;1.0;1.193733638631335;0.1058656088070598;1.0;1.0709999999999928;12.0;1.0;1.0;1.069999999999993;12.0;1.0;1.0;1.0709999999999928;12.0;1.0;Now
20:57:55 24/05/2020;Sunday;1.0659;1.068999999999993;1.0;1.194571052721439;0.12094673992456469;1.0;1.068999999999993;12.0;1.0;1.0;1.0669999999999933;12.0;1.0;1.0;1.068999999999993;12.0;1.0;Now
03:48:56 25/05/2020;Monday;1.065;1.0659999999999934;1.0;1.1958260743101425;0.14354863468392687;1.0;1.0659999999999934;12.0;1.0;1.0;1.0659999999999934;12.0;1.0;1.0;1.0659999999999934;12.0;1.0;Now
08:43:20 25/05/2020;Monday;1.0628;1.0659999999999934;1.0;1.1958260743101425;0.14354863468392687;1.0;1.0659999999999934;12.0;1.0;1.0;1.0659999999999934;12.0;1.0;1.0;1.0659999999999934;12.0;1.0;Now
15:41:46 25/05/2020;Monday;1.0582;1.0659999999999934;1.0;1.1958260743101425;0.14354863468392687;1.0;1.0659999999999934;12.0;1.0;1.0;1.0624999999999938;12.0;1.0;1.0;1.0624999999999938;12.0;1.0;Now
20:44:00 25/05/2020;Monday;1.0547;1.0589999999999942;1.0;1.198749348279283;0.1961943669948361;1.0;1.0589999999999942;12.0;1.0;1.0;1.0569999999999944;12.0;1.0;1.0;1.0589999999999942;12.0;1.0;Now
04:16:29 26/05/2020;Tuesday;1.048;1.0549999999999946;1.0;1.2004165943538123;0.22622008181413175;1.0;1.0549999999999946;12.0;1.0;1.0;1.051999999999995;12.0;1.0;1.0;1.0549999999999946;12.0;1.0;Now
10:25:37 26/05/2020;Tuesday;1.0446;1.0489999999999953;1.0;1.2029131306956478;0.2711806244605568;1.0;1.0489999999999953;12.0;1.0;1.0;1.046333333333329;12.0;1.0;1.0;1.0489999999999953;12.0;1.0;Now
16:42:26 26/05/2020;Tuesday;1.0432;1.0449999999999957;1.0;1.204574613712245;0.3011025514007886;1.0;1.0449999999999957;12.0;1.0;1.0;1.0446666666666624;12.0;1.0;1.0;1.0449999999999957;12.0;1.0;Now
22:01:24 26/05/2020;Tuesday;1.0429;1.0449999999999957;1.0;1.204574613712245;0.3011025514007886;1.0;1.0449999999999957;12.0;1.0;1.0;1.0444999999999958;12.0;1.0;1.0;1.0449999999999957;12.0;1.0;Now
04:34:58 27/05/2020;Wednesday;1.0403;1.0439999999999958;1.0;1.204989626511367;0.3085765866635881;1.0;1.0439999999999958;12.0;1.0;1.0;1.0426666666666626;12.0;1.0;0.9785185185185186;1.042499999999996;11.742222222222223;0.9785185185185186;Now
10:10:46 27/05/2020;Wednesday;1.0405;1.0409999999999962;1.0;1.2062338081814834;0.3309832635069296;0.5121296296296296;1.0409999999999962;6.145555555555555;0.5121296296296296;1.0;1.041999999999996;12.0;1.0;0.5121296296296296;1.0409999999999962;6.145555555555555;0.5121296296296296;Now
16:19:30 27/05/2020;Wednesday;1.0429;1.042999999999996;1.0;1.2054044964243347;0.31604804866561287;1.0;1.042999999999996;12.0;1.0;1.0;1.042999999999996;12.0;1.0;1.0;1.042999999999996;12.0;1.0;Now
23:35:15 27/05/2020;Wednesday;1.0417;1.042999999999996;1.0;1.2054044964243347;0.31604804866561287;1.0;1.042999999999996;12.0;1.0;1.0;1.042499999999996;12.0;1.0;1.0;1.042999999999996;12.0;1.0;Now
06:51:14 28/05/2020;Thursday;1.0403;1.041999999999996;1.0;1.2058192235986305;0.3235169400629033;0.3965972222222222;1.041999999999996;4.759166666666666;0.3965972222222222;1.0;1.0433333333333292;12.0;1.0;0.3965972222222222;1.041999999999996;4.759166666666666;0.3965972222222222;Now
11:36:47 28/05/2020;Thursday;1.0422;1.042999999999996;1.0;1.2054044964243347;0.31604804866561287;0.3967824074074074;1.042999999999996;4.761388888888889;0.3967824074074074;1.0;1.0456666666666623;12.0;1.0;0.3967824074074074;1.042999999999996;4.761388888888889;0.3967824074074074;Now
16:22:28 28/05/2020;Thursday;1.0447;1.0449999999999957;1.0;1.204574613712245;0.3011025514007886;0.40196759259259257;1.0449999999999957;4.779444444444445;0.39828703703703705;1.0;1.047666666666662;12.0;1.0;1.0;1.0469999999999955;12.0;1.0;Now
21:09:14 28/05/2020;Thursday;1.0484;1.0489999999999953;1.0;1.2029131306956478;0.2711806244605568;1.0;1.0489999999999953;12.0;1.0;1.0;1.0489999999999953;12.0;1.0;1.0;1.0489999999999953;12.0;1.0;Now
04:19:49 29/05/2020;Friday;1.0387;1.0489999999999953;1.0;1.2029131306956478;0.2711806244605568;1.0;1.0489999999999953;12.0;1.0;1.0;1.0423333333333293;12.0;1.0;1.0;1.0439999999999958;12.0;1.0;Now
09:52:44 29/05/2020;Friday;1.0357;1.0389999999999964;1.0;1.2070625501605141;0.34590821711833947;1.0;1.0389999999999964;12.0;1.0;1.0;1.0389999999999964;12.0;1.0;1.0;1.0389999999999964;12.0;1.0;Now
16:10:13 29/05/2020;Friday;1.0315;1.0389999999999964;1.0;1.2070625501605141;0.34590821711833947;1.0;1.0389999999999964;12.0;1.0;1.0;1.0354999999999968;12.0;1.0;1.0;1.0389999999999964;12.0;1.0;Now
23:26:18 29/05/2020;Friday;1.0298;1.0319999999999971;1.0;1.209958676980335;0.3980650518537317;1.0;1.0319999999999971;12.0;1.0;1.0;1.0309999999999973;12.0;1.0;1.0;1.0309999999999973;12.0;1.0;Now
05:01:57 30/05/2020;Saturday;1.0271;1.0299999999999974;1.0;1.210784869413226;0.4129440902601334;1.0;1.0299999999999974;12.0;1.0;1.0;1.0294999999999974;12.0;1.0;1.0;1.0299999999999974;12.0;1.0;Now
12:01:42 30/05/2020;Saturday;1.0288;1.0289999999999975;1.0;1.211197754291182;0.42037980343295317;1.0;1.0289999999999975;12.0;1.0;1.0;1.0289999999999975;12.0;1.0;1.0;1.0289999999999975;12.0;1.0;Now
18:19:18 30/05/2020;Saturday;1.0275;1.0289999999999975;1.0;1.211197754291182;0.42037980343295317;1.0;1.0289999999999975;12.0;1.0;1.0;1.0284999999999975;12.0;1.0;1.0;1.0289999999999975;12.0;1.0;Now
01:09:45 31/05/2020;Sunday;1.0263;1.0279999999999976;1.0;1.2116104984688778;0.42781298271113305;1.0;1.0279999999999976;12.0;1.0;1.0;1.0274999999999976;12.0;1.0;1.0;1.0279999999999976;12.0;1.0;Now
08:00:43 31/05/2020;Sunday;1.0258;1.0269999999999977;1.0;1.212023102090056;0.43524363068336114;1.0;1.0269999999999977;12.0;1.0;1.0;1.0264999999999977;12.0;1.0;1.0;1.0269999999999977;12.0;1.0;Now
15:16:52 31/05/2020;Sunday;1.0259;1.0259999999999978;1.0;1.212435565298215;0.4426717499339229;1.0;1.0259999999999978;12.0;1.0;1.0;1.0259999999999978;12.0;1.0;1.0;1.0259999999999978;12.0;1.0;Now
22:08:13 31/05/2020;Sunday;1.0221;1.0259999999999978;1.0;1.212435565298215;0.4426717499339229;1.0;1.0259999999999978;12.0;1.0;1.0;1.0254999999999979;12.0;1.0;1.0;1.0259999999999978;12.0;1.0;Now
22:08:13 31/05/2020;Sunday;1.0221;1.0259999999999978;1.0;1.212435565298215;0.4426717499339229;1.0;1.0259999999999978;12.0;1.0;1.0;1.0253333333333312;12.0;1.0;1.0;1.0259999999999978;12.0;1.0;Now
03:01:31 01/06/2020;Monday;1.023;1.0259999999999978;1.0;1.212435565298215;0.4426717499339229;1.0;1.0259999999999978;12.0;1.0;1.0;1.024999999999998;12.0;1.0;1.0;1.024999999999998;12.0;1.0;Now
08:36:57 01/06/2020;Monday;1.0224;1.023999999999998;1.0;1.2132600710482488;0.4575204125852196;0.6293055555555556;1.023999999999998;7.551666666666667;0.6293055555555556;1.0;1.0264999999999977;12.0;1.0;0.6293055555555556;1.023999999999998;7.551666666666667;0.6293055555555556;Now
16:10:03 01/06/2020;Monday;1.0285;1.0289999999999975;1.0;1.211197754291182;0.42037980343295317;1.0;1.0289999999999975;12.0;1.0;1.0;1.0289999999999975;12.0;1.0;1.0;1.0289999999999975;12.0;1.0;Now
23:42:55 01/06/2020;Monday;1.0266;1.0289999999999975;1.0;1.211197754291182;0.42037980343295317;0.524050925925926;1.0289999999999975;6.288611111111111;0.524050925925926;1.0;1.0294999999999974;12.0;1.0;0.524050925925926;1.0289999999999975;6.288611111111111;0.524050925925926;Now
06:00:14 02/06/2020;Tuesday;1.0293;1.0299999999999974;1.0;1.210784869413226;0.4129440902601334;0.6173842592592592;1.0299999999999974;7.408611111111111;0.6173842592592592;1.0;1.0304999999999973;12.0;1.0;0.6173842592592592;1.0299999999999974;7.408611111111111;0.6173842592592592;Now
13:24:45 02/06/2020;Tuesday;1.0305;1.0309999999999973;1.0;1.2103718436910216;0.40550584059957073;0.4221990740740741;1.0309999999999973;5.066388888888889;0.4221990740740741;1.0;1.0359999999999967;12.0;1.0;0.4221990740740741;1.0309999999999973;5.066388888888889;0.4221990740740741;Now
18:28:44 02/06/2020;Tuesday;1.0328;1.032999999999997;1.0;1.2095453691366864;0.3906217214206559;0.49833333333333335;1.032999999999997;5.98;0.49833333333333335;1.0;1.0403333333333296;12.0;1.0;0.49833333333333335;1.032999999999997;5.98;0.49833333333333335;Now
00:27:32 03/06/2020;Wednesday;1.0433;1.0439999999999958;1.0;1.204989626511367;0.3085765866635881;1.0;1.0439999999999958;12.0;1.0;1.0;1.0439999999999958;12.0;1.0;1.0;1.0439999999999958;12.0;1.0;Now
05:29:59 03/06/2020;Wednesday;1.0436;1.0439999999999958;1.0;1.204989626511367;0.3085765866635881;1.0;1.0439999999999958;12.0;1.0;1.0;1.0439999999999958;12.0;1.0;1.0;1.0439999999999958;12.0;1.0;Now
11:13:43 03/06/2020;Wednesday;1.0413;1.0439999999999958;1.0;1.204989626511367;0.3085765866635881;1.0;1.0439999999999958;12.0;1.0;1.0;1.0433333333333292;12.0;1.0;1.0;1.0439999999999958;12.0;1.0;Now
16:32:46 03/06/2020;Wednesday;1.0389;1.0439999999999958;1.0;1.204989626511367;0.3085765866635881;1.0;1.0439999999999958;12.0;1.0;1.0;1.0416666666666627;12.0;1.0;1.0;1.042999999999996;12.0;1.0;Now
21:34:51 03/06/2020;Wednesday;1.0371;1.041999999999996;1.0;1.2058192235986305;0.3235169400629033;1.0;1.041999999999996;12.0;1.0;1.0;1.039666666666663;12.0;1.0;1.0;1.041999999999996;12.0;1.0;Now
04:00:20 04/06/2020;Thursday;1.0363;1.0389999999999964;1.0;1.2070625501605141;0.34590821711833947;1.0;1.0389999999999964;12.0;1.0;1.0;1.0379999999999965;12.0;1.0;1.0;1.0389999999999964;12.0;1.0;Now
09:27:53 04/06/2020;Thursday;1.0354;1.0379999999999965;1.0;1.2074767078498878;0.35336685256593764;1.0;1.0379999999999965;12.0;1.0;1.0;1.0373333333333299;12.0;1.0;1.0;1.0379999999999965;12.0;1.0;Now
14:56:10 04/06/2020;Thursday;1.0369;1.0369999999999966;1.0;1.2078907235342125;0.36082293062073645;1.0;1.0369999999999966;12.0;1.0;1.0;1.0369999999999966;12.0;1.0;1.0;1.0369999999999966;12.0;1.0;Now
20:30:56 04/06/2020;Thursday;1.0331;1.0369999999999966;1.0;1.2078907235342125;0.36082293062073645;1.0;1.0369999999999966;12.0;1.0;1.0;1.0349999999999968;12.0;1.0;1.0;1.0369999999999966;12.0;1.0;Now
03:05:31 05/06/2020;Friday;1.0304;1.033999999999997;1.0;1.2091319200153485;0.38317584669392435;1.0;1.033999999999997;12.0;1.0;1.0;1.033999999999997;12.0;1.0;1.0;1.033999999999997;12.0;1.0;Now
08:08:23 05/06/2020;Friday;1.0283;1.033999999999997;1.0;1.2091319200153485;0.38317584669392435;1.0;1.033999999999997;12.0;1.0;1.0;1.0314999999999972;12.0;1.0;1.0;1.033999999999997;12.0;1.0;Now
15:07:25 05/06/2020;Friday;1.0262;1.0289999999999975;1.0;1.211197754291182;0.42037980343295317;1.0;1.0289999999999975;12.0;1.0;1.0;1.0279999999999976;12.0;1.0;1.0;1.0289999999999975;12.0;1.0;Now
22:24:40 05/06/2020;Friday;1.0258;1.0269999999999977;1.0;1.212023102090056;0.43524363068336114;0.524050925925926;1.0269999999999977;6.288611111111111;0.524050925925926;1.0;1.0284999999999975;12.0;1.0;0.524050925925926;1.0269999999999977;6.288611111111111;0.524050925925926;Now
04:41:59 06/06/2020;Saturday;1.0292;1.0299999999999974;1.0;1.210784869413226;0.4129440902601334;1.0;1.0299999999999974;12.0;1.0;1.0;1.0299999999999974;12.0;1.0;1.0;1.0299999999999974;12.0;1.0;Now
11:24:38 06/06/2020;Saturday;1.0262;1.0299999999999974;1.0;1.210784869413226;0.4129440902601334;1.0;1.0299999999999974;12.0;1.0;1.0;1.0284999999999975;12.0;1.0;1.0;1.0299999999999974;12.0;1.0;Now
17:25:30 06/06/2020;Saturday;1.0249;1.0269999999999977;1.0;1.212023102090056;0.43524363068336114;1.0;1.0269999999999977;12.0;1.0;1.0;1.0259999999999978;12.0;1.0;1.0;1.0269999999999977;12.0;1.0;Now
23:43:34 06/06/2020;Saturday;1.0237;1.024999999999998;1.0;1.212847888236609;0.45009734304270504;1.0;1.024999999999998;12.0;1.0;1.0;1.024499999999998;12.0;1.0;1.0;1.024999999999998;12.0;1.0;Now
06:59:53 07/06/2020;Sunday;1.0215;1.023999999999998;1.0;1.2132600710482488;0.4575204125852196;1.0;1.023999999999998;12.0;1.0;1.0;1.0229999999999981;12.0;1.0;1.0;1.023999999999998;12.0;1.0;Now
13:09:38 07/06/2020;Sunday;1.0206;1.0219999999999982;1.0;1.2140840168620959;0.47235899125160413;1.0;1.0219999999999982;12.0;1.0;1.0;1.0214999999999983;12.0;1.0;1.0;1.0219999999999982;12.0;1.0;Now
19:28:01 07/06/2020;Sunday;1.0208;1.0209999999999984;1.0;1.2144957801491125;0.4797745055046565;1.0;1.0209999999999984;12.0;1.0;1.0;1.0209999999999984;12.0;1.0;1.0;1.0209999999999984;12.0;1.0;Now
02:10:06 08/06/2020;Monday;1.0196;1.0209999999999984;1.0;1.2144957801491125;0.4797745055046565;1.0;1.0209999999999984;12.0;1.0;1.0;1.0209999999999984;12.0;1.0;1.0;1.0209999999999984;12.0;1.0;Now
07:21:28 08/06/2020;Monday;1.0195;1.0209999999999984;1.0;1.2144957801491125;0.4797745055046565;1.0;1.0209999999999984;12.0;1.0;1.0;1.0204999999999984;12.0;1.0;1.0;1.0209999999999984;12.0;1.0;Now
14:37:04 08/06/2020;Monday;1.0187;1.0199999999999985;1.0;1.2149074038789958;0.4871875064498339;0.5943981481481482;1.0199999999999985;7.132777777777778;0.5943981481481482;1.0;1.0209999999999984;12.0;1.0;0.5943981481481482;1.0199999999999985;7.132777777777778;0.5943981481481482;Now
21:45:02 08/06/2020;Monday;1.0219;1.0219999999999982;1.0;1.2140840168620959;0.47235899125160413;1.0;1.0219999999999982;12.0;1.0;1.0;1.0219999999999982;12.0;1.0;1.0;1.0219999999999982;12.0;1.0;Now
04:20:01 09/06/2020;Tuesday;1.0215;1.0219999999999982;1.0;1.2140840168620959;0.47235899125160413;1.0;1.0219999999999982;12.0;1.0;1.0;1.0219999999999982;12.0;1.0;1.0;1.0219999999999982;12.0;1.0;Now
08:56:38 09/06/2020;Tuesday;1.0162;1.0219999999999982;1.0;1.2140840168620959;0.47235899125160413;1.0;1.0219999999999982;12.0;1.0;1.0;1.0203333333333318;12.0;1.0;1.0;1.0219999999999982;12.0;1.0;Now
15:48:43 09/06/2020;Tuesday;1.0114;1.0219999999999982;1.0;1.2140840168620959;0.47235899125160413;1.0;1.0219999999999982;12.0;1.0;1.0;1.0169999999999988;12.0;1.0;1.0;1.0194999999999985;12.0;1.0;Now
20:25:02 09/06/2020;Tuesday;1.0108;1.0169999999999988;1.0;1.2161414391426686;0.5094114549539297;1.0;1.0169999999999988;12.0;1.0;1.0;1.0133333333333325;12.0;1.0;1.0;1.014499999999999;12.0;1.0;Now
01:52:09 10/06/2020;Wednesday;1.006;1.0119999999999993;1.0;1.2181953866272852;0.5464013404717709;1.0;1.0119999999999993;12.0;1.0;1.0;1.0099999999999996;12.0;1.0;1.0;1.0119999999999993;12.0;1.0;Now
08:10:02 10/06/2020;Wednesday;1.0034;1.0109999999999995;1.0;1.2186057606953942;0.5537918360479878;1.0;1.0109999999999995;12.0;1.0;1.0;1.0086666666666664;12.0;1.0;0.9687962962962963;1.0089999999999997;11.625555555555556;0.9687962962962963;Now
12:47:34 10/06/2020;Wednesday;1.0043;1.007;1.0;1.2202458768625282;0.5833289638044801;0.5833333333333334;1.007;7.0;0.5833333333333334;1.0;1.0082499999999999;12.0;1.0;0.5833333333333334;1.007;7.0;0.5833333333333334;Now
19:47:34 10/06/2020;Wednesday;1.0074;1.0079999999999998;1.0;1.2198360545581526;0.5759484050340886;0.4131944444444444;1.0079999999999998;4.958333333333333;0.4131944444444444;1.0;1.0086666666666664;12.0;1.0;1.0;1.0086666666666664;12.0;1.0;Now
20:29:08 10/06/2020;Wednesday;1.0074;1.0079999999999998;1.0;1.2198360545581526;0.5759484050340886;0.355462962962963;1.0079999999999998;4.265555555555555;0.355462962962963;1.0;1.0096666666666663;12.0;1.0;0.962662037037037;1.0089999999999997;11.551944444444445;0.962662037037037;Now
00:45:04 11/06/2020;Thursday;1.0099;1.0099999999999996;1.0;1.2190159966136624;0.561179843660501;0.607199074074074;1.0099999999999996;7.286388888888889;0.607199074074074;1.0;1.0104999999999995;12.0;1.0;0.607199074074074;1.0099999999999996;7.286388888888889;0.607199074074074;Now
08:02:15 11/06/2020;Thursday;1.0103;1.0109999999999995;1.0;1.2186057606953942;0.5537918360479878;0.8043055555555556;1.0109999999999995;9.651666666666667;0.8043055555555556;1.0;1.011666666666666;12.0;1.0;0.8043055555555556;1.0109999999999995;9.651666666666667;0.8043055555555556;Now
12:47:27 11/06/2020;Thursday;1.0105;1.0109999999999995;1.0;1.2186057606953942;0.5537918360479878;0.40819444444444447;1.0109999999999995;4.898333333333333;0.40819444444444447;1.0;1.0119999999999993;12.0;1.0;1.0;1.0119999999999993;12.0;1.0;Now
17:41:21 11/06/2020;Thursday;1.0121;1.0129999999999992;1.0;1.217784874269672;0.5390083544166249;1.0;1.0129999999999992;12.0;1.0;1.0;1.0129999999999992;12.0;1.0;1.0;1.0129999999999992;12.0;1.0;Now
00:50:03 12/06/2020;Friday;1.0125;1.0129999999999992;1.0;1.217784874269672;0.5390083544166249;1.0;1.0129999999999992;12.0;1.0;1.0;1.0129999999999992;12.0;1.0;1.0;1.0129999999999992;12.0;1.0;Now
07:57:16 12/06/2020;Friday;1.0122;1.0129999999999992;1.0;1.217784874269672;0.5390083544166249;0.5566203703703704;1.0129999999999992;5.458333333333333;0.4548611111111111;1.0;1.0136666666666658;12.0;1.0;0.5566203703703704;1.0129999999999992;5.458333333333333;0.4548611111111111;Now
13:24:46 12/06/2020;Friday;1.0135;1.0139999999999991;1.0;1.2173742234826566;0.5316128753631053;1.0;1.0139999999999991;12.0;1.0;1.0;1.0139999999999991;12.0;1.0;1.0;1.0139999999999991;12.0;1.0;Now
18:44:00 12/06/2020;Friday;1.0121;1.0139999999999991;1.0;1.2173742234826566;0.5316128753631053;1.0;1.0139999999999991;12.0;1.0;1.0;1.0134999999999992;12.0;1.0;1.0;1.0139999999999991;12.0;1.0;Now
01:35:38 13/06/2020;Saturday;1.008;1.0129999999999992;1.0;1.217784874269672;0.5390083544166249;1.0;1.0129999999999992;12.0;1.0;1.0;1.0103333333333329;12.0;1.0;1.0;1.0129999999999992;12.0;1.0;Now
08:19:11 13/06/2020;Saturday;1.0045;1.0089999999999997;1.0;1.2194260945215172;0.5685653658202773;1.0;1.0089999999999997;12.0;1.0;1.0;1.0076666666666665;12.0;1.0;1.0;1.0089999999999997;12.0;1.0;Now
13:13:13 13/06/2020;Saturday;1.0016;1.0089999999999997;1.0;1.2194260945215172;0.5685653658202773;1.0;1.0089999999999997;12.0;1.0;1.0;1.0056666666666667;12.0;1.0;1.0;1.007;12.0;1.0;Now
18:15:03 13/06/2020;Saturday;1.0008;1.0050000000000001;1.0;1.2210651088291729;0.5980826500042025;1.0;1.0050000000000001;12.0;1.0;1.0;1.003666666666667;12.0;1.0;1.0;1.0050000000000001;12.0;1.0;Now
00:41:19 14/06/2020;Sunday;1.0023;1.0030000000000003;1.0;1.2218837915284742;0.6128264443560063;1.0;1.0030000000000003;12.0;1.0;1.0;1.0030000000000003;12.0;1.0;1.0;1.0030000000000003;12.0;1.0;Now
06:00:12 14/06/2020;Sunday;1.0012;1.0030000000000003;1.0;1.2218837915284742;0.6128264443560063;1.0;1.0030000000000003;12.0;1.0;1.0;1.002666666666667;12.0;1.0;1.0;1.0030000000000003;12.0;1.0;Now
12:10:26 14/06/2020;Sunday;0.999;1.0030000000000003;1.0;1.2218837915284742;0.6128264443560063;1.0;1.0030000000000003;12.0;1.0;1.0;1.0013333333333339;12.0;1.0;1.0;1.0030000000000003;12.0;1.0;Now
17:45:48 14/06/2020;Sunday;0.9974;1.0020000000000004;1.0;1.2222929272478016;0.6201946383008511;1.0;1.0020000000000004;12.0;1.0;1.0;0.9996666666666673;12.0;1.0;1.0;1.0020000000000004;12.0;1.0;Now
23:04:45 14/06/2020;Sunday;0.9965;0.9990000000000008;1.0;1.2235195135346224;0.6422844369286503;1.0;0.9990000000000008;12.0;1.0;1.0;0.9980000000000008;12.0;1.0;1.0;0.9990000000000008;12.0;1.0;Now
03:59:11 15/06/2020;Monday;0.9967;0.9980000000000008;1.0;1.2239281024635391;0.6496427836330733;1.0;0.9980000000000008;12.0;1.0;1.0;0.9973333333333341;12.0;1.0;1.0;0.9975000000000007;12.0;1.0;Now
08:44:20 15/06/2020;Monday;0.9959;0.9970000000000008;1.0;1.2243365550370533;0.6569986746901308;1.0;0.9970000000000008;12.0;1.0;1.0;0.9970000000000008;12.0;1.0;1.0;0.9970000000000008;12.0;1.0;Now
15:44:14 15/06/2020;Monday;0.9935;0.9970000000000008;1.0;1.2243365550370533;0.6569986746901308;1.0;0.9970000000000008;12.0;1.0;1.0;0.9955000000000007;12.0;1.0;1.0;0.9970000000000008;12.0;1.0;Now
21:45:04 15/06/2020;Monday;0.993;0.9940000000000008;1.0;1.2255610959882821;0.6790516385254339;1.0;0.9940000000000008;12.0;1.0;1.0;0.9935000000000007;12.0;1.0;1.0;0.9940000000000008;12.0;1.0;Now
05:17:40 16/06/2020;Tuesday;0.9876;0.9930000000000008;1.0;1.2259690045021527;0.6863977315209145;1.0;0.9930000000000008;12.0;1.0;1.0;0.9910000000000008;12.0;1.0;1.0;0.9910000000000008;12.0;1.0;Now
11:01:43 16/06/2020;Tuesday;0.9888;0.9890000000000008;1.0;1.2275992831539122;0.7157576938093462;0.5430555555555555;0.9890000000000008;6.516666666666667;0.5430555555555555;1.0;0.9930000000000008;12.0;1.0;0.5430555555555555;0.9890000000000008;6.516666666666667;0.5430555555555555;Now
17:32:43 16/06/2020;Tuesday;0.9935;0.9940000000000008;1.0;1.2255610959882821;0.6790516385254339;0.4207638888888889;0.9940000000000008;5.049166666666666;0.4207638888888889;1.0;0.9963333333333342;12.0;1.0;0.9693055555555555;0.9950000000000008;11.631666666666666;0.9693055555555555;Now
22:35:40 16/06/2020;Tuesday;0.9958;0.9960000000000008;1.0;1.2247448713915887;0.6643521125567015;0.5485416666666667;0.9960000000000008;6.5825;0.5485416666666667;1.0;0.9975000000000007;12.0;1.0;0.5485416666666667;0.9960000000000008;6.5825;0.5485416666666667;Now
05:10:37 17/06/2020;Wednesday;0.9987;0.9990000000000008;1.0;1.2235195135346224;0.6422844369286503;1.0;0.9990000000000008;12.0;1.0;1.0;0.9990000000000009;12.0;1.0;1.0;0.9990000000000008;12.0;1.0;Now
12:02:02 17/06/2020;Wednesday;0.9987;0.9990000000000008;1.0;1.2235195135346224;0.6422844369286503;1.0;0.9990000000000008;12.0;1.0;1.0;0.9990000000000008;12.0;1.0;1.0;0.9990000000000008;12.0;1.0;Now
12:10:34 17/06/2020;Wednesday;0.9981;0.9990000000000008;1.0;1.2235195135346224;0.6422844369286503;1.0;0.9990000000000008;12.0;1.0;1.0;0.9990000000000009;12.0;1.0;1.0;0.9990000000000008;12.0;1.0;Now
17:37:42 17/06/2020;Wednesday;0.9969;0.9990000000000008;1.0;1.2235195135346224;0.6422844369286503;1.0;0.9990000000000008;12.0;1.0;1.0;0.9983333333333341;12.0;1.0;1.0;0.9990000000000008;12.0;1.0;Now
22:56:04 17/06/2020;Wednesday;0.9956;0.9990000000000008;1.0;1.2235195135346224;0.6422844369286503;1.0;0.9990000000000008;12.0;1.0;1.0;0.9980000000000008;12.0;1.0;1.0;0.9990000000000008;12.0;1.0;Now
05:14:34 18/06/2020;Thursday;0.9912;0.9970000000000008;1.0;1.2243365550370533;0.6569986746901308;1.0;0.9970000000000008;12.0;1.0;1.0;0.9945000000000008;12.0;1.0;1.0;0.9970000000000008;12.0;1.0;Now
12:13:58 18/06/2020;Thursday;0.9869;0.9920000000000008;1.0;1.226376777340471;0.6937413811125659;1.0;0.9920000000000008;12.0;1.0;1.0;0.9886666666666674;12.0;1.0;1.0;0.9895000000000007;12.0;1.0;Now
17:16:49 18/06/2020;Thursday;0.9834;0.9870000000000008;1.0;1.2284136111261545;0.7304230631495182;1.0;0.9870000000000008;12.0;1.0;1.0;0.9870000000000008;12.0;1.0;1.0;0.9870000000000008;12.0;1.0;Now
23:34:02 18/06/2020;Thursday;0.9821;0.9870000000000008;1.0;1.2284136111261545;0.7304230631495182;1.0;0.9870000000000008;12.0;1.0;1.0;0.9850000000000008;12.0;1.0;1.0;0.9855000000000007;12.0;1.0;Now
05:26:59 19/06/2020;Friday;0.9835;0.9840000000000008;1.0;1.2296340919151514;0.7524029068406748;1.0;0.9840000000000008;12.0;1.0;1.0;0.9840000000000008;12.0;1.0;1.0;0.9840000000000008;12.0;1.0;Now
11:28:05 19/06/2020;Friday;0.9817;0.9840000000000008;1.0;1.2296340919151514;0.7524029068406748;0.6179861111111111;0.9840000000000008;7.4158333333333335;0.6179861111111111;1.0;0.9850000000000008;12.0;1.0;0.6179861111111111;0.9840000000000008;7.4158333333333335;0.6179861111111111;Now
18:53:02 19/06/2020;Friday;0.9859;0.9860000000000008;1.0;1.2288205727444506;0.737752103343423;0.5597453703703704;0.9860000000000008;6.716944444444445;0.5597453703703704;1.0;0.9870000000000008;12.0;1.0;0.5597453703703704;0.9860000000000008;6.716944444444445;0.5597453703703704;Now
01:36:03 20/06/2020;Saturday;0.9872;0.9880000000000008;1.0;1.2280065146406998;0.72309159411028;1.0;0.9880000000000008;12.0;1.0;1.0;0.9880000000000008;12.0;1.0;1.0;0.9880000000000008;12.0;1.0;Now
07:11:21 20/06/2020;Saturday;0.9861;0.9880000000000008;1.0;1.2280065146406998;0.72309159411028;1.0;0.9880000000000008;12.0;1.0;1.0;0.9880000000000008;12.0;1.0;1.0;0.9880000000000008;12.0;1.0;Now
14:28:18 20/06/2020;Saturday;0.988;0.9880000000000008;1.0;1.2280065146406998;0.72309159411028;0.49060185185185184;0.9880000000000008;5.887222222222222;0.49060185185185184;1.0;0.9923333333333342;12.0;1.0;0.49060185185185184;0.9880000000000008;5.887222222222222;0.49060185185185184;Now
20:21:32 20/06/2020;Saturday;0.9929;0.9930000000000008;1.0;1.2259690045021527;0.6863977315209145;0.39643518518518517;0.9930000000000008;4.7572222222222225;0.39643518518518517;1.0;0.9945000000000008;12.0;1.0;1.0;0.9945000000000008;12.0;1.0;Now
01:06:58 21/06/2020;Sunday;0.9959;0.9960000000000008;1.0;1.2247448713915887;0.6643521125567015;0.629375;0.9960000000000008;7.5525;0.629375;1.0;1.0000000000000004;12.0;1.0;0.629375;0.9960000000000008;7.5525;0.629375;Now
08:40:07 21/06/2020;Sunday;1.0033;1.0040000000000002;1.0;1.2214745187681975;0.6054557824176698;0.45395833333333335;1.0040000000000002;5.4475;0.45395833333333335;1.0;1.006;12.0;1.0;0.45395833333333335;1.0040000000000002;5.4475;0.45395833333333335;Now
14:06:58 21/06/2020;Sunday;1.0051;1.006;1.0;1.2206555615733703;0.5907070446297982;0.3962731481481481;1.006;4.755277777777778;0.3962731481481481;1.0;1.007;12.0;1.0;1.0;1.007;12.0;1.0;Now
18:52:17 21/06/2020;Sunday;1.0075;1.0079999999999998;1.0;1.2198360545581526;0.5759484050340886;0.6182407407407408;1.0079999999999998;7.418888888888889;0.6182407407407408;1.0;1.0104999999999995;12.0;1.0;0.6182407407407408;1.0079999999999998;7.418888888888889;0.6182407407407408;Now
02:17:25 22/06/2020;Monday;1.0126;1.0129999999999992;1.0;1.217784874269672;0.5390083544166249;1.0;1.0129999999999992;12.0;1.0;1.0;1.0129999999999992;12.0;1.0;1.0;1.0129999999999992;12.0;1.0;Now
08:18:21 22/06/2020;Monday;1.0092;1.0129999999999992;1.0;1.217784874269672;0.5390083544166249;1.0;1.0129999999999992;12.0;1.0;1.0;1.0114999999999994;12.0;1.0;1.0;1.0129999999999992;12.0;1.0;Now
15:18:38 22/06/2020;Monday;1.0068;1.0099999999999996;1.0;1.2190159966136624;0.561179843660501;0.9559027777777778;1.0099999999999996;11.470833333333333;0.9559027777777778;1.0;1.0109999999999995;12.0;1.0;0.9559027777777778;1.0099999999999996;11.470833333333333;0.9559027777777778;Now
21:28:22 22/06/2020;Monday;1.0086;1.0089999999999997;1.0;1.2194260945215172;0.5685653658202773;0.4423842592592593;1.0089999999999997;5.308611111111111;0.4423842592592593;1.0;1.0133333333333325;12.0;1.0;0.95625;1.0114999999999994;11.475;0.95625;Now
02:46:53 23/06/2020;Tuesday;1.0132;1.0139999999999991;1.0;1.2173742234826566;0.5316128753631053;0.5138657407407408;1.0139999999999991;6.166388888888889;0.5138657407407408;1.0;1.015499999999999;12.0;1.0;0.5138657407407408;1.0139999999999991;6.166388888888889;0.5138657407407408;Now
08:56:52 23/06/2020;Tuesday;1.0162;1.0169999999999988;1.0;1.2161414391426686;0.5094114549539297;1.0;1.0169999999999988;12.0;1.0;1.0;1.0169999999999988;12.0;1.0;1.0;1.0169999999999988;12.0;1.0;Now
14:49:22 23/06/2020;Tuesday;1.0141;1.0169999999999988;1.0;1.2161414391426686;0.5094114549539297;1.0;1.0169999999999988;12.0;1.0;1.0;1.0163333333333322;12.0;1.0;1.0;1.0169999999999988;12.0;1.0;Now
20:02:36 23/06/2020;Tuesday;1.0125;1.0169999999999988;1.0;1.2161414391426686;0.5094114549539297;1.0;1.0169999999999988;12.0;1.0;1.0;1.015999999999999;12.0;1.0;1.0;1.0169999999999988;12.0;1.0;Now
02:07:38 24/06/2020;Wednesday;1.0124;1.014999999999999;1.0;1.2169634341261042;0.5242149007875012;1.0;1.014999999999999;12.0;1.0;1.0;1.0139999999999991;12.0;1.0;1.0;1.014999999999999;12.0;1.0;Now
08:09:13 24/06/2020;Wednesday;1.0093;1.0129999999999992;1.0;1.217784874269672;0.5390083544166249;1.0;1.0129999999999992;12.0;1.0;1.0;1.0109999999999995;12.0;1.0;1.0;1.0129999999999992;12.0;1.0;Now
14:26:24 24/06/2020;Wednesday;1.0081;1.0099999999999996;1.0;1.2190159966136624;0.561179843660501;1.0;1.0099999999999996;12.0;1.0;1.0;1.0099999999999996;12.0;1.0;1.0;1.0099999999999996;12.0;1.0;Now
19:37:21 24/06/2020;Wednesday;1.0056;1.0099999999999996;1.0;1.2190159966136624;0.561179843660501;1.0;1.0099999999999996;12.0;1.0;1.0;1.0089999999999997;12.0;1.0;1.0;1.0099999999999996;12.0;1.0;Now
02:46:26 25/06/2020;Thursday;1.007;1.0079999999999998;1.0;1.2198360545581526;0.5759484050340886;1.0;1.0079999999999998;12.0;1.0;1.0;1.0079999999999998;12.0;1.0;1.0;1.0079999999999998;12.0;1.0;Now
09:12:31 25/06/2020;Thursday;1.0077;1.0079999999999998;1.0;1.2198360545581526;0.5759484050340886;0.513125;1.0079999999999998;6.1575;0.513125;1.0;1.0084999999999997;12.0;1.0;0.513125;1.0079999999999998;6.1575;0.513125;Now
15:21:58 25/06/2020;Thursday;1.0082;1.0089999999999997;1.0;1.2194260945215172;0.5685653658202773;1.0;1.0089999999999997;12.0;1.0;1.0;1.0089999999999997;12.0;1.0;1.0;1.0089999999999997;12.0;1.0;Now
22:30:11 25/06/2020;Thursday;1.0056;1.0089999999999997;1.0;1.2194260945215172;0.5685653658202773;1.0;1.0089999999999997;12.0;1.0;1.0;1.0074999999999998;12.0;1.0;1.0;1.0089999999999997;12.0;1.0;Now
05:55:36 26/06/2020;Friday;1.0015;1.006;1.0;1.2206555615733703;0.5907070446297982;1.0;1.006;12.0;1.0;1.0;1.0040000000000002;12.0;1.0;1.0;1.006;12.0;1.0;Now
12:46:42 26/06/2020;Friday;0.9985;1.0020000000000004;1.0;1.2222929272478016;0.6201946383008511;1.0;1.0020000000000004;12.0;1.0;1.0;1.0005000000000006;12.0;1.0;1.0;1.0020000000000004;12.0;1.0;Now
18:56:08 26/06/2020;Friday;0.9962;0.9990000000000008;1.0;1.2235195135346224;0.6422844369286503;0.6063194444444444;0.9990000000000008;7.275833333333333;0.6063194444444444;1.0;1.0000000000000007;12.0;1.0;0.6063194444444444;0.9990000000000008;7.275833333333333;0.6063194444444444;Now
02:12:41 27/06/2020;Saturday;1.0004;1.0010000000000006;1.0;1.2227019260637482;0.6275603667296967;1.0;1.0010000000000006;12.0;1.0;1.0;1.0010000000000006;12.0;1.0;1.0;1.0010000000000006;12.0;1.0;Now
07:15:06 27/06/2020;Saturday;0.9997;1.0010000000000006;1.0;1.2227019260637482;0.6275603667296967;1.0;1.0010000000000006;12.0;1.0;1.0;1.0006666666666673;12.0;1.0;1.0;1.0010000000000006;12.0;1.0;Now
12:09:18 27/06/2020;Saturday;0.9965;1.0010000000000006;1.0;1.2227019260637482;0.6275603667296967;1.0;1.0010000000000006;12.0;1.0;1.0;0.999333333333334;12.0;1.0;1.0;1.0005000000000006;12.0;1.0;Now
17:53:47 27/06/2020;Saturday;0.9943;1.0000000000000007;1.0;1.2231107881136523;0.6349236321158929;1.0;1.0000000000000007;12.0;1.0;1.0;0.9985000000000007;12.0;1.0;1.0;1.0000000000000007;12.0;1.0;Now
00:02:57 28/06/2020;Sunday;0.9914;0.9970000000000008;1.0;1.2243365550370533;0.6569986746901308;1.0;0.9970000000000008;12.0;1.0;1.0;0.9945000000000008;12.0;1.0;1.0;0.9970000000000008;12.0;1.0;Now
06:45:59 28/06/2020;Sunday;0.9857;0.9920000000000008;1.0;1.226376777340471;0.6937413811125659;1.0;0.9920000000000008;12.0;1.0;1.0;0.9890000000000008;12.0;1.0;1.0;0.9920000000000008;12.0;1.0;Now
12:48:05 28/06/2020;Sunday;0.9838;0.9860000000000008;1.0;1.2288205727444506;0.737752103343423;1.0;0.9860000000000008;12.0;1.0;1.0;0.9850000000000008;12.0;1.0;1.0;0.9860000000000008;12.0;1.0;Now
19:55:43 28/06/2020;Sunday;0.9832;0.9840000000000008;1.0;1.2296340919151514;0.7524029068406748;1.0;0.9840000000000008;12.0;1.0;1.0;0.9840000000000008;12.0;1.0;1.0;0.9840000000000008;12.0;1.0;Now
01:47:57 29/06/2020;Monday;0.9823;0.9840000000000008;1.0;1.2296340919151514;0.7524029068406748;1.0;0.9840000000000008;12.0;1.0;1.0;0.9840000000000008;12.0;1.0;1.0;0.9840000000000008;12.0;1.0;Now
06:41:58 29/06/2020;Monday;0.9832;0.9840000000000008;1.0;1.2296340919151514;0.7524029068406748;1.0;0.9840000000000008;12.0;1.0;1.0;0.9840000000000008;12.0;1.0;1.0;0.9840000000000008;12.0;1.0;Now
10:19:00 29/06/2020;Monday;0.9832;0.9840000000000008;1.0;1.2296340919151514;0.7524029068406748;1.0;0.9840000000000008;12.0;1.0;1.0;0.9840000000000008;12.0;1.0;1.0;0.9840000000000008;12.0;1.0;Now
13:26:03 29/06/2020;Monday;0.9819;0.9840000000000008;1.0;1.2296340919151514;0.7524029068406748;1.0;0.9840000000000008;12.0;1.0;1.0;0.9840000000000008;12.0;1.0;1.0;0.9840000000000008;12.0;1.0;Now
20:17:59 29/06/2020;Monday;0.9829;0.9840000000000008;1.0;1.2296340919151514;0.7524029068406748;1.0;0.9840000000000008;12.0;1.0;1.0;0.9835000000000007;12.0;1.0;1.0;0.9835000000000007;12.0;1.0;Now
02:14:17 30/06/2020;Tuesday;0.9803;0.9830000000000008;1.0;1.230040649734796;0.7597246749567881;1.0;0.9830000000000008;12.0;1.0;1.0;0.9816666666666674;12.0;1.0;1.0;0.9830000000000008;12.0;1.0;Now
09:14:50 30/06/2020;Tuesday;0.9772;0.9810000000000008;1.0;1.2308533625091167;0.7743609559260756;;;;;;;;;;;;;Now
14:00:17 30/06/2020;Tuesday;0.9751;0.9810000000000008;1.0;1.2308533625091167;0.7743609559260756;;;;;;;;;;;;;Now
19:42:07 30/06/2020;Tuesday;0.9762;0.9780000000000008;1.0;1.232071426500915;0.7962972751102204;;;;;;;;;;;;;Now
