23:10:49 31/12/2019;0.8232;;;;;;;
04:12:34 01/01/2020;0.8228;;;;;;;
11:36:48 01/01/2020;0.8194;0.8230000000000006;1.0;1.2934450123604015;0.8230000000000006;12.0;0.8230000000000006;12.0
18:44:09 01/01/2020;0.8154;0.8200000000000006;1.0;1.2946041866145803;0.8200000000000006;12.0;0.8200000000000006;12.0
02:08:16 02/01/2020;0.8131;0.8160000000000006;1.0;1.2961481396815717;0.8160000000000006;12.0;0.8160000000000006;12.0
08:50:08 02/01/2020;0.8114;0.8140000000000006;1.0;1.2969194269498778;0.8140000000000006;12.0;0.8140000000000006;12.0
13:55:29 02/01/2020;0.8114;0.8140000000000006;1.0;1.2969194269498778;0.8140000000000006;12.0;0.8140000000000006;12.0
14:08:07 02/01/2020;0.8089;0.8140000000000006;1.0;1.2969194269498778;0.8140000000000006;12.0;0.8140000000000006;12.0
20:16:23 02/01/2020;0.8073;0.8120000000000006;1.0;1.2976902558006664;0.8120000000000006;12.0;0.8120000000000006;12.0
03:32:27 03/01/2020;0.8057;0.8080000000000006;1.0;1.2992305415129368;0.8080000000000006;12.0;0.8080000000000006;12.0
08:09:07 03/01/2020;0.8048;0.8080000000000006;1.0;1.2992305415129368;0.8080000000000006;12.0;0.8080000000000006;12.0
14:42:36 03/01/2020;0.8021;0.8060000000000006;1.0;1.2999999999999998;0.8060000000000006;12.0;0.8060000000000006;12.0
21:32:50 03/01/2020;0.7981;0.8030000000000006;1.0;1.3011533345459325;0.8030000000000006;12.0;0.8030000000000006;12.0
02:34:23 04/01/2020;0.7977;0.8030000000000006;1.0;1.3011533345459325;0.8030000000000006;12.0;0.8030000000000006;12.0
09:49:58 04/01/2020;0.7966;0.7980000000000006;1.0;1.3030732903409536;0.7980000000000006;12.0;0.7980000000000006;12.0
17:05:36 04/01/2020;0.7956;0.7970000000000006;1.0;1.3034569421350286;0.7970000000000006;12.0;0.7970000000000006;12.0
23:22:59 04/01/2020;0.7966;0.7970000000000006;1.0;1.3034569421350286;0.7970000000000006;12.0;0.7970000000000006;12.0
06:13:03 05/01/2020;0.793;0.7970000000000006;1.0;1.3034569421350286;0.7970000000000006;12.0;0.7970000000000006;12.0
12:05:02 05/01/2020;0.7917;0.7930000000000006;1.0;1.3049904214207855;0.7930000000000006;12.0;0.7930000000000006;12.0
15:55:02 05/01/2020;0.7917;0.7930000000000006;1.0;1.3049904214207855;0.7930000000000006;12.0;0.7930000000000006;12.0
17:06:05 05/01/2020;0.793;0.7930000000000006;1.0;1.3049904214207855;0.7930000000000006;12.0;0.7930000000000006;12.0
22:41:21 05/01/2020;0.7897;0.7930000000000006;1.0;1.3049904214207855;0.7930000000000006;12.0;0.7930000000000006;12.0
04:07:53 06/01/2020;0.7901;0.7930000000000006;1.0;1.3049904214207855;0.7930000000000006;12.0;0.7920000000000006;12.0
09:51:15 06/01/2020;0.79;0.7910000000000006;1.0;1.3057564857200592;0.7910000000000006;12.0;0.7910000000000006;12.0
16:25:20 06/01/2020;0.7888;0.7900000000000006;1.0;1.3061393493804554;0.7900000000000006;12.0;0.7900000000000006;12.0
22:13:36 06/01/2020;0.7888;0.7890000000000006;1.0;1.306522100846365;0.7890000000000006;1.3063888888888888;0.7895000000000005;12.0
23:31:59 06/01/2020;0.7894;0.7900000000000006;1.0;1.3061393493804554;0.7900000000000006;12.0;0.7900000000000006;12.0
09:34:57 07/01/2020;0.7885;0.7900000000000006;1.0;1.3061393493804554;0.7900000000000006;12.0;0.7900000000000006;12.0
15:43:14 07/01/2020;0.7869;0.7890000000000006;1.0;1.306522100846365;0.7890000000000006;12.0;0.7890000000000006;12.0
20:44:37 07/01/2020;0.7862;0.7890000000000006;1.0;1.306522100846365;0.7890000000000006;12.0;0.7890000000000006;12.0
02:19:31 08/01/2020;0.7851;0.7870000000000006;1.0;1.3072872675888798;0.7870000000000006;12.0;0.7870000000000006;12.0
07:20:55 08/01/2020;0.7843;0.7870000000000006;1.0;1.3072872675888798;0.7870000000000006;12.0;0.7870000000000006;12.0
13:37:54 08/01/2020;0.784;0.7860000000000006;1.0;1.3076696830622019;0.7860000000000006;5.314444444444445;0.7860000000000006;5.314444444444445
18:56:46 08/01/2020;0.7867;0.7870000000000006;1.0;1.3072872675888798;0.7870000000000006;4.881666666666667;0.7880000000000006;12.0
23:49:40 08/01/2020;0.7889;0.7890000000000006;1.0;1.306522100846365;0.7890000000000006;12.0;0.7890000000000006;12.0
05:24:56 09/01/2020;0.7887;0.7890000000000006;1.0;1.306522100846365;0.7890000000000006;12.0;0.7890000000000006;12.0
12:56:59 09/01/2020;0.7886;0.7890000000000006;1.0;1.306522100846365;0.7890000000000006;12.0;0.7890000000000006;12.0
17:41:30 09/01/2020;0.7874;0.7890000000000006;1.0;1.306522100846365;0.7890000000000006;12.0;0.7890000000000006;12.0
23:58:42 09/01/2020;0.7881;0.7890000000000006;1.0;1.306522100846365;0.7890000000000006;12.0;0.7890000000000006;12.0
05:34:22 10/01/2020;0.7871;0.7890000000000006;1.0;1.306522100846365;0.7890000000000006;12.0;0.7890000000000006;12.0
10:18:28 10/01/2020;0.7852;0.7890000000000006;1.0;1.306522100846365;0.7890000000000006;12.0;0.7890000000000006;12.0
17:26:16 10/01/2020;0.7881;0.7890000000000006;1.0;1.306522100846365;0.7890000000000006;12.0;0.7890000000000006;12.0
23:59:26 10/01/2020;0.7867;0.7890000000000006;1.0;1.306522100846365;0.7890000000000006;12.0;0.7890000000000006;12.0
06:07:58 11/01/2020;0.7857;0.7870000000000006;1.0;1.3072872675888798;0.7870000000000006;12.0;0.7870000000000006;12.0
12:33:11 11/01/2020;0.7861;0.7870000000000006;1.0;1.3072872675888798;0.7870000000000006;12.0;0.7870000000000006;12.0
18:50:14 11/01/2020;0.784;0.7870000000000006;1.0;1.3072872675888798;0.7870000000000006;12.0;0.7870000000000006;12.0
01:57:31 12/01/2020;0.782;0.7840000000000006;1.0;1.3084341787036897;0.7840000000000006;12.0;0.7840000000000006;12.0
07:57:55 12/01/2020;0.7836;0.7840000000000006;1.0;1.3084341787036897;0.7840000000000006;12.0;0.7840000000000006;12.0
13:57:50 12/01/2020;0.7819;0.7840000000000006;1.0;1.3084341787036897;0.7840000000000006;12.0;0.7840000000000006;12.0
19:32:44 12/01/2020;0.7816;0.7840000000000006;1.0;1.3084341787036897;0.7840000000000006;12.0;0.7840000000000006;12.0
02:15:03 13/01/2020;0.781;0.7820000000000006;1.0;1.3091982279242511;0.7820000000000006;12.0;0.7820000000000006;12.0
14:15:24 13/01/2020;0.7814;0.7820000000000006;1.0;1.3091982279242511;0.7820000000000006;10.741111111111111;0.7820000000000006;10.741111111111111
19:41:55 13/01/2020;0.7817;0.7820000000000006;1.0;1.3091982279242511;0.7820000000000006;5.299166666666666;0.7830000000000006;12.0
00:59:52 14/01/2020;0.7835;0.7840000000000006;1.0;1.3084341787036897;0.7840000000000006;12.0;0.7840000000000006;12.0
08:34:07 14/01/2020;0.784;0.7840000000000006;1.0;1.3084341787036897;0.7840000000000006;5.440833333333333;0.7850000000000006;11.948888888888888
14:00:34 14/01/2020;0.7854;0.7860000000000006;1.0;1.3076696830622019;0.7860000000000006;6.508055555555556;0.7860000000000006;6.508055555555556
20:31:03 14/01/2020;0.7862;0.7870000000000006;1.0;1.3072872675888798;0.7870000000000006;7.161111111111111;0.7870000000000006;7.161111111111111
03:40:43 15/01/2020;0.788;0.7880000000000006;1.0;1.306904740216363;0.7880000000000006;12.0;0.7880000000000006;12.0
09:41:58 15/01/2020;0.7866;0.7880000000000006;1.0;1.306904740216363;0.7880000000000006;12.0;0.7880000000000006;12.0
14:51:19 15/01/2020;0.788;0.7880000000000006;1.0;1.306904740216363;0.7880000000000006;11.595277777777778;0.7880000000000006;11.595277777777778
19:44:34 15/01/2020;0.7872;0.7880000000000006;1.0;1.306904740216363;0.7880000000000006;6.707777777777777;0.7880000000000006;6.707777777777777
02:27:02 16/01/2020;0.7882;0.7890000000000006;1.0;1.306522100846365;0.7890000000000006;12.0;0.7890000000000006;12.0
07:45:12 16/01/2020;0.7872;0.7890000000000006;1.0;1.306522100846365;0.7890000000000006;12.0;0.7890000000000006;12.0
14:27:55 16/01/2020;0.7856;0.7880000000000006;1.0;1.306904740216363;0.7880000000000006;12.0;0.7880000000000006;12.0
21:01:02 16/01/2020;0.7858;0.7860000000000006;1.0;1.3076696830622019;0.7860000000000006;7.128888888888889;0.7860000000000006;7.128888888888889
04:08:46 17/01/2020;0.7866;0.7870000000000006;1.0;1.3072872675888798;0.7870000000000006;12.0;0.7870000000000006;12.0
08:53:49 17/01/2020;0.7856;0.7870000000000006;1.0;1.3072872675888798;0.7870000000000006;12.0;0.7870000000000006;12.0
14:12:11 17/01/2020;0.7836;0.7870000000000006;1.0;1.3072872675888798;0.7870000000000006;11.447222222222223;0.7870000000000006;11.447222222222223
20:45:35 17/01/2020;0.7865;0.7870000000000006;1.0;1.3072872675888798;0.7870000000000006;4.890555555555555;0.7875000000000005;12.0
01:39:01 18/01/2020;0.7874;0.7880000000000006;1.0;1.306904740216363;0.7880000000000006;12.0;0.7880000000000006;12.0
07:22:46 18/01/2020;0.7865;0.7880000000000006;1.0;1.306904740216363;0.7880000000000006;12.0;0.7880000000000006;12.0
12:15:59 18/01/2020;0.7851;0.7880000000000006;1.0;1.306904740216363;0.7880000000000006;12.0;0.7875000000000005;12.0
16:52:34 18/01/2020;0.7832;0.7870000000000006;1.0;1.3072872675888798;0.7870000000000006;12.0;0.7865000000000006;12.0
22:44:57 18/01/2020;0.7806;0.7860000000000006;1.0;1.3076696830622019;0.7860000000000006;12.0;0.7860000000000006;12.0
05:17:40 19/01/2020;0.7788;0.7810000000000006;1.0;1.3095800853708792;0.7810000000000006;12.0;0.7810000000000006;12.0
11:43:56 19/01/2020;0.7775;0.7790000000000006;1.0;1.3103434664239753;0.7790000000000006;12.0;0.7790000000000006;12.0
17:26:58 19/01/2020;0.7744;0.7780000000000006;1.0;1.3107249902248754;0.7780000000000006;12.0;0.7780000000000006;12.0
22:28:10 19/01/2020;0.7719;0.7780000000000006;1.0;1.3107249902248754;0.7780000000000006;12.0;0.7780000000000006;12.0
05:44:18 20/01/2020;0.7687;0.7720000000000006;1.0;1.313011804973588;0.7720000000000006;12.0;0.7705000000000006;12.0
11:10:40 20/01/2020;0.7676;0.7690000000000006;1.0;1.3141537200799607;0.7690000000000006;12.0;0.7690000000000006;12.0
17:20:06 20/01/2020;0.7665;0.7690000000000006;1.0;1.3141537200799607;0.7690000000000006;12.0;0.7690000000000006;12.0
23:37:33 20/01/2020;0.7634;0.7670000000000006;1.0;1.314914445886119;0.7670000000000006;12.0;0.7670000000000006;12.0
04:13:08 21/01/2020;0.7621;0.7670000000000006;1.0;1.314914445886119;0.7670000000000006;12.0;0.7650000000000006;12.0
05:30:22 21/01/2020;0.7621;0.7640000000000006;1.0;1.316054710108968;0.7640000000000006;12.0;0.7640000000000006;12.0
09:31:41 21/01/2020;0.761;0.7640000000000006;1.0;1.316054710108968;0.7640000000000006;12.0;0.7635000000000005;12.0
15:06:53 21/01/2020;0.7601;0.7630000000000006;1.0;1.3164345787011216;0.7630000000000006;12.0;0.7630000000000006;12.0
21:36:33 21/01/2020;0.7614;0.7620000000000006;1.0;1.3168143377105215;0.7620000000000006;12.0;0.7620000000000006;12.0
13:34:27 22/01/2020;0.7609;0.7610000000000006;1.0;1.317193987231949;0.7610000000000006;5.581944444444445;0.7625000000000006;12.0
19:09:22 22/01/2020;0.7632;0.7640000000000006;1.0;1.316054710108968;0.7640000000000006;12.0;0.7640000000000006;12.0
02:08:23 23/01/2020;0.7626;0.7640000000000006;1.0;1.316054710108968;0.7640000000000006;12.0;0.7640000000000006;12.0
09:07:23 23/01/2020;0.7629;0.7630000000000006;1.0;1.3164345787011216;0.7630000000000006;12.0;0.7630000000000006;12.0
14:33:44 23/01/2020;0.7622;0.7630000000000006;1.0;1.3164345787011216;0.7630000000000006;12.0;0.7630000000000006;12.0
01:26:39 24/01/2020;0.7626;0.7630000000000006;1.0;1.3164345787011216;0.7630000000000006;12.0;0.7630000000000006;12.0
07:09:59 24/01/2020;0.762;0.7630000000000006;1.0;1.3164345787011216;0.7630000000000006;12.0;0.7630000000000006;12.0
14:26:20 24/01/2020;0.7604;0.7620000000000006;1.0;1.3168143377105215;0.7620000000000006;12.0;0.7620000000000006;12.0
21:58:01 24/01/2020;0.7575;0.7610000000000006;1.0;1.317193987231949;0.7610000000000006;12.0;0.7610000000000006;12.0
04:23:35 25/01/2020;0.7576;0.7580000000000006;1.0;1.3183322798141597;0.7580000000000006;12.0;0.7580000000000006;12.0
09:09:23 25/01/2020;0.7572;0.7580000000000006;1.0;1.3183322798141597;0.7580000000000006;12.0;0.7580000000000006;12.0
19:53:50 25/01/2020;0.756;0.7580000000000006;1.0;1.3183322798141597;0.7580000000000006;12.0;0.7580000000000006;12.0
02:19:16 26/01/2020;0.7563;0.7570000000000006;1.0;1.3187114923287806;0.7570000000000006;12.0;0.7570000000000006;12.0
07:03:54 26/01/2020;0.7566;0.7570000000000006;1.0;1.3187114923287806;0.7570000000000006;12.0;0.7570000000000006;12.0
12:39:32 26/01/2020;0.7564;0.7570000000000006;1.0;1.3187114923287806;0.7570000000000006;12.0;0.7570000000000006;12.0
18:56:47 26/01/2020;0.7555;0.7570000000000006;1.0;1.3187114923287806;0.7570000000000006;12.0;0.7570000000000006;12.0
00:48:32 27/01/2020;0.7548;0.7560000000000006;1.0;1.3190905958272916;0.7560000000000006;12.0;0.7560000000000006;12.0
05:58:33 27/01/2020;0.755;0.7560000000000006;1.0;1.3190905958272916;0.7560000000000006;7.538055555555555;0.7560000000000006;7.538055555555555
13:30:50 27/01/2020;0.7569;0.7570000000000006;1.0;1.3187114923287806;0.7570000000000006;6.002777777777778;0.7570000000000006;6.002777777777778
19:31:00 27/01/2020;0.7584;0.7590000000000006;1.0;1.3179529581893277;0.7590000000000006;5.594722222222222;0.7590000000000006;5.594722222222222
01:06:41 28/01/2020;0.7597;0.7600000000000006;1.0;1.317573527360048;0.7600000000000006;5.164444444444444;0.7610000000000006;12.0
06:16:33 28/01/2020;0.7611;0.7620000000000006;1.0;1.3168143377105215;0.7620000000000006;12.0;0.7620000000000006;12.0
12:33:23 28/01/2020;0.7617;0.7620000000000006;1.0;1.3168143377105215;0.7620000000000006;6.8475;0.7620000000000006;6.8475
19:24:14 28/01/2020;0.7627;0.7630000000000006;1.0;1.3164345787011216;0.7630000000000006;6.282222222222222;0.7630000000000006;6.282222222222222
01:41:10 29/01/2020;0.7645;0.7650000000000006;1.0;1.3156747318391424;0.7650000000000006;4.747777777777777;0.7655000000000005;10.611944444444445
06:26:02 29/01/2020;0.7658;0.7660000000000006;1.0;1.3152946437965904;0.7660000000000006;5.864166666666667;0.7670000000000006;12.0
12:17:53 29/01/2020;0.7674;0.7680000000000006;1.0;1.3145341380123985;0.7680000000000006;7.132777777777778;0.7680000000000006;7.132777777777778
19:25:51 29/01/2020;0.7692;0.7700000000000006;1.0;1.3137731919931992;0.7700000000000006;6.969722222222222;0.7700000000000006;6.969722222222222
02:24:02 30/01/2020;0.7718;0.7720000000000006;1.0;1.313011804973588;0.7720000000000006;5.858611111111111;0.7730000000000006;12.0
08:15:33 30/01/2020;0.7734;0.7740000000000006;1.0;1.3122499761859399;0.7740000000000006;12.0;0.7740000000000006;12.0
14:49:36 30/01/2020;0.7739;0.7740000000000006;1.0;1.3122499761859399;0.7740000000000006;5.8775;0.7740000000000006;5.8775
20:42:15 30/01/2020;0.7748;0.7750000000000006;1.0;1.3118688958886096;0.7750000000000006;7.255833333333333;0.7750000000000006;7.255833333333333
01:12:12 31/01/2020;0.7748;0.7750000000000006;1.0;1.3118688958886096;0.7750000000000006;2.756666666666667;0.7765000000000006;10.296388888888888
03:57:36 31/01/2020;0.778;0.7780000000000006;1.0;1.3107249902248754;0.7780000000000006;7.539722222222222;0.7780000000000006;7.539722222222222
11:29:59 31/01/2020;0.7795;0.7800000000000006;1.0;1.309961831505025;0.7800000000000006;12.0;0.7800000000000006;12.0
17:46:51 31/01/2020;0.7797;0.7800000000000006;1.0;1.309961831505025;0.7800000000000006;12.0;0.7800000000000006;12.0
17:46:51 31/01/2020;0.7797;0.7800000000000006;1.0;1.309961831505025;0.7800000000000006;12.0;0.7800000000000006;12.0
00:12:31 01/02/2020;0.7798;0.7800000000000006;1.0;1.309961831505025;0.7800000000000006;6.849166666666667;0.7800000000000006;6.849166666666667
07:03:28 01/02/2020;0.7805;0.7810000000000006;1.0;1.3095800853708792;0.7810000000000006;6.275277777777778;0.7810000000000006;6.275277777777778
13:19:59 01/02/2020;0.7812;0.7820000000000006;1.0;1.3091982279242511;0.7820000000000006;12.0;0.7820000000000006;12.0
19:14:12 01/02/2020;0.7812;0.7820000000000006;1.0;1.3091982279242511;0.7820000000000006;8.076666666666666;0.7820000000000006;8.076666666666666
03:18:48 02/02/2020;0.7822;0.7830000000000006;1.0;1.3088162590677117;0.7830000000000006;6.843055555555556;0.7830000000000006;6.843055555555556
10:09:23 02/02/2020;0.7834;0.7840000000000006;1.0;1.3084341787036897;0.7840000000000006;12.0;0.7840000000000006;12.0
16:59:31 02/02/2020;0.7835;0.7840000000000006;1.0;1.3084341787036897;0.7840000000000006;12.0;0.7840000000000006;12.0
23:41:11 02/02/2020;0.784;0.7840000000000006;1.0;1.3084341787036897;0.7840000000000006;12.0;0.7840000000000006;12.0
06:31:36 03/02/2020;0.7838;0.7840000000000006;1.0;1.3084341787036897;0.7840000000000006;11.457777777777778;0.7840000000000006;11.457777777777778
12:32:08 03/02/2020;0.7837;0.7840000000000006;1.0;1.3084341787036897;0.7840000000000006;5.448888888888889;0.7840000000000006;5.448888888888889
17:59:04 03/02/2020;0.7845;0.7850000000000006;1.0;1.308051986734472;0.7850000000000006;5.308055555555556;0.7850000000000006;5.308055555555556
23:17:33 03/02/2020;0.7876;0.7880000000000006;1.0;1.306904740216363;0.7880000000000006;11.033888888888889;0.7880000000000006;11.033888888888889
04:19:22 04/02/2020;0.7879;0.7880000000000006;1.0;1.306904740216363;0.7880000000000006;6.003611111111111;0.7880000000000006;6.003611111111111
10:19:35 04/02/2020;0.7896;0.7900000000000006;1.0;1.3061393493804554;0.7900000000000006;12.0;0.7900000000000006;12.0
17:51:40 04/02/2020;0.7899;0.7900000000000006;1.0;1.3061393493804554;0.7900000000000006;7.024166666666667;0.7900000000000006;7.024166666666667
00:53:07 05/02/2020;0.793;0.7930000000000006;1.0;1.3049904214207855;0.7930000000000006;6.575;0.7930000000000006;6.575
07:27:37 05/02/2020;0.7951;0.7960000000000006;1.0;1.3038404810405295;0.7960000000000006;7.525;0.7960000000000006;7.525
14:59:07 05/02/2020;0.7972;0.7980000000000006;1.0;1.3030732903409536;0.7980000000000006;6.710833333333333;0.7980000000000006;6.710833333333333
21:41:46 05/02/2020;0.8023;0.8030000000000006;1.0;1.3011533345459325;0.8030000000000006;5.853888888888889;0.8055000000000005;12.0
03:33:00 06/02/2020;0.8075;0.8080000000000006;1.0;1.2992305415129368;0.8080000000000006;11.179444444444444;0.8080000000000006;11.179444444444444
14:43:46 06/02/2020;0.8104;0.8110000000000006;1.0;1.2980754985747167;0.8110000000000006;7.325833333333334;0.8110000000000006;7.325833333333334
22:03:19 06/02/2020;0.8123;0.8130000000000006;1.0;1.2973048986263789;0.8130000000000006;12.0;0.8130000000000006;12.0
05:04:24 07/02/2020;0.8087;0.8130000000000006;1.0;1.2973048986263789;0.8130000000000006;12.0;0.8110000000000006;12.0
10:39:26 07/02/2020;0.8085;0.8090000000000006;1.0;1.2988456413292533;0.8090000000000006;6.425277777777778;0.8090000000000006;6.425277777777778
17:04:57 07/02/2020;0.8099;0.8100000000000006;1.0;1.2984606270503545;0.8100000000000006;6.139166666666667;0.8100000000000006;6.139166666666667
23:13:18 07/02/2020;0.8138;0.8140000000000006;1.0;1.2969194269498778;0.8140000000000006;6.555833333333333;0.8140000000000006;6.555833333333333
05:46:39 08/02/2020;0.8143;0.8150000000000006;1.0;1.2965338406690352;0.8150000000000006;4.745277777777778;0.8155000000000006;12.0
10:31:22 08/02/2020;0.8154;0.8160000000000006;1.0;1.2961481396815717;0.8160000000000006;12.0;0.8160000000000006;12.0
16:39:59 08/02/2020;0.8153;0.8160000000000006;1.0;1.2961481396815717;0.8160000000000006;12.0;0.8160000000000006;12.0
23:14:26 08/02/2020;0.8151;0.8160000000000006;1.0;1.2961481396815717;0.8160000000000006;12.0;0.8160000000000006;12.0
06:47:03 09/02/2020;0.815;0.8160000000000006;1.0;1.2961481396815717;0.8160000000000006;5.300277777777778;0.8160000000000006;5.300277777777778
12:05:04 09/02/2020;0.8165;0.8170000000000006;1.0;1.2957623238850555;0.8170000000000006;12.0;0.8170000000000006;12.0
17:15:35 09/02/2020;0.8163;0.8170000000000006;1.0;1.2957623238850555;0.8170000000000006;12.0;0.8170000000000006;12.0
06:06:10 10/02/2020;0.8172;0.8180000000000006;1.0;1.2953763931769018;0.8180000000000006;12.0;0.8180000000000006;12.0
17:07:35 10/02/2020;0.818;0.8180000000000006;1.0;1.2953763931769018;0.8180000000000006;12.0;0.8180000000000006;12.0
00:22:56 11/02/2020;0.8178;0.8180000000000006;1.0;1.2953763931769018;0.8180000000000006;6.8469444444444445;0.8180000000000006;6.8469444444444445
07:13:45 11/02/2020;0.8185;0.8190000000000006;1.0;1.2949903474543736;0.8190000000000006;12.0;0.8190000000000006;12.0
07:26:00 11/02/2020;0.8185;0.8190000000000006;1.0;1.2949903474543736;0.8190000000000006;12.0;0.8190000000000006;12.0
13:13:48 11/02/2020;0.8179;0.8190000000000006;1.0;1.2949903474543736;0.8190000000000006;12.0;0.8190000000000006;12.0
19:14:47 11/02/2020;0.819;0.8190000000000006;1.0;1.2949903474543736;0.8190000000000006;7.5313888888888885;0.8190000000000006;7.5313888888888885
02:46:40 12/02/2020;0.8215;0.8220000000000006;1.0;1.2938315191708694;0.8220000000000006;6.151944444444444;0.8220000000000006;6.151944444444444
08:55:47 12/02/2020;0.8238;0.8240000000000006;1.0;1.2930583900195687;0.8240000000000006;6.4222222222222225;0.8240000000000006;6.4222222222222225
15:21:07 12/02/2020;0.826;0.8260000000000006;1.0;1.2922847983320083;0.8260000000000006;6.975;0.8260000000000006;6.975
22:19:37 12/02/2020;0.8283;0.8290000000000006;1.0;1.2911235417263522;0.8290000000000006;5.591388888888889;0.8290000000000006;5.591388888888889
03:55:06 13/02/2020;0.8311;0.8320000000000006;1.0;1.2899612397277676;0.8320000000000006;5.442777777777778;0.8330000000000006;11.455555555555556
09:21:40 13/02/2020;0.8335;0.8340000000000006;1.0;1.2891857895586654;0.8340000000000006;6.012777777777778;0.8340000000000006;6.012777777777778
15:22:26 13/02/2020;0.8359;0.8360000000000006;1.0;1.2884098726725122;0.8360000000000006;4.740833333333334;0.8360000000000006;4.740833333333334
20:06:53 13/02/2020;0.8374;0.8380000000000006;1.0;1.2876334882255895;0.8380000000000006;11.870277777777778;0.8380000000000006;11.870277777777778
00:51:36 14/02/2020;0.8377;0.8380000000000006;1.0;1.2876334882255895;0.8380000000000006;7.125;0.8380000000000006;7.125
01:39:43 14/02/2020;0.8377;0.8380000000000006;1.0;1.2876334882255895;0.8380000000000006;6.323055555555555;0.8380000000000006;6.323055555555555
07:59:06 14/02/2020;0.8395;0.8400000000000006;1.0;1.2868566353716326;0.8400000000000006;6.985833333333333;0.8400000000000006;6.985833333333333
14:58:15 14/02/2020;0.8411;0.8420000000000006;1.0;1.286079313261822;0.8420000000000006;12.0;0.8420000000000006;12.0
21:32:32 14/02/2020;0.8394;0.8420000000000006;1.0;1.286079313261822;0.8420000000000006;12.0;0.8415000000000006;12.0
03:15:58 15/02/2020;0.8406;0.8410000000000006;1.0;1.2864680330268605;0.8410000000000006;7.227777777777778;0.8410000000000006;7.227777777777778
10:29:38 15/02/2020;0.8418;0.8420000000000006;1.0;1.286079313261822;0.8420000000000006;12.0;0.8420000000000006;12.0
17:20:33 15/02/2020;0.8411;0.8420000000000006;1.0;1.286079313261822;0.8420000000000006;12.0;0.8420000000000006;12.0
22:47:07 15/02/2020;0.8404;0.8420000000000006;1.0;1.286079313261822;0.8420000000000006;12.0;0.8420000000000006;12.0
04:05:39 16/02/2020;0.84;0.8420000000000006;1.0;1.286079313261822;0.8420000000000006;12.0;0.8415000000000006;11.302777777777777
09:07:16 16/02/2020;0.8406;0.8410000000000006;1.0;1.2864680330268605;0.8410000000000006;6.275833333333333;0.8410000000000006;6.275833333333333
15:23:49 16/02/2020;0.8412;0.8420000000000006;1.0;1.286079313261822;0.8420000000000006;5.868333333333333;0.8420000000000006;5.868333333333333
21:15:55 16/02/2020;0.843;0.8430000000000006;1.0;1.2856904759700134;0.8430000000000006;5.5841666666666665;0.8440000000000006;12.0
02:40:58 17/02/2020;0.843;0.8430000000000006;1.0;1.2856904759700134;0.8430000000000006;0.16666666666666666;0.8440000000000006;6.733611111111111
02:50:58 17/02/2020;0.8449;0.8450000000000006;1.0;1.2849124483792658;0.8450000000000006;6.566944444444444;0.8450000000000006;6.566944444444444
09:24:59 17/02/2020;0.8492;0.8500000000000006;1.0;1.2829653151975697;0.8500000000000006;5.9944444444444445;0.8505000000000007;12.0
15:24:39 17/02/2020;0.851;0.8510000000000006;1.0;1.2825755338380658;0.8510000000000006;6.7175;0.8510000000000006;6.7175
22:07:42 17/02/2020;0.8511;0.8520000000000006;1.0;1.2821856339859683;0.8520000000000006;5.573611111111111;0.8530000000000006;12.0
03:42:07 18/02/2020;0.8533;0.8540000000000006;1.0;1.2814054783713076;0.8540000000000006;6.842777777777778;0.8540000000000006;6.842777777777778
10:32:41 18/02/2020;0.8569;0.8570000000000007;1.0;1.2802343535462557;0.8570000000000007;6.289444444444444;0.8570000000000007;6.289444444444444
15:39:46 18/02/2020;0.8569;0.8570000000000007;1.0;1.2802343535462557;0.8570000000000007;1.1713888888888888;0.8595000000000006;6.753055555555555
16:50:03 18/02/2020;0.862;0.8620000000000007;1.0;1.2782800945019834;0.8620000000000007;5.581666666666667;0.8645000000000007;12.0
22:24:57 18/02/2020;0.8665;0.8670000000000007;1.0;1.2763228431709586;0.8670000000000007;6.700277777777778;0.8670000000000007;6.700277777777778
05:06:58 19/02/2020;0.869;0.8690000000000007;1.0;1.2755391017134674;0.8690000000000007;12.0;0.8690000000000007;12.0
12:22:28 19/02/2020;0.8679;0.8690000000000007;1.0;1.2755391017134674;0.8690000000000007;7.315277777777778;0.8690000000000007;7.315277777777778
19:41:23 19/02/2020;0.8693;0.8700000000000007;1.0;1.2751470503436062;0.8700000000000007;12.0;0.8700000000000007;12.0
01:09:55 20/02/2020;0.8699;0.8700000000000007;1.0;1.2751470503436062;0.8700000000000007;12.0;0.8700000000000007;12.0
07:43:47 20/02/2020;0.8688;0.8700000000000007;1.0;1.2751470503436062;0.8700000000000007;12.0;0.8700000000000007;12.0
14:51:10 20/02/2020;0.8671;0.8690000000000007;1.0;1.2755391017134674;0.8690000000000007;7.5375;0.8690000000000007;7.5375
22:23:25 20/02/2020;0.8719;0.8720000000000007;1.0;1.2743625857659189;0.8720000000000007;5.153888888888889;0.8730000000000007;11.712222222222222
03:32:39 21/02/2020;0.8735;0.8740000000000007;1.0;1.2735776379946373;0.8740000000000007;6.558333333333334;0.8740000000000007;6.558333333333334
10:06:09 21/02/2020;0.8752;0.8760000000000007;1.0;1.2727922061357853;0.8760000000000007;11.725555555555555;0.8760000000000007;11.725555555555555
16:40:20 21/02/2020;0.8751;0.8760000000000007;1.0;1.2727922061357853;0.8760000000000007;5.155833333333334;0.8770000000000007;12.0
21:49:41 21/02/2020;0.8777;0.8780000000000007;1.0;1.2720062892926274;0.8780000000000007;12.0;0.8780000000000007;12.0
04:06:43 22/02/2020;0.8754;0.8780000000000007;1.0;1.2720062892926274;0.8780000000000007;12.0;0.8780000000000007;12.0
09:25:10 22/02/2020;0.8747;0.8780000000000007;1.0;1.2720062892926274;0.8780000000000007;12.0;0.8770000000000007;12.0
14:01:19 22/02/2020;0.8735;0.8760000000000007;1.0;1.2727922061357853;0.8760000000000007;12.0;0.8760000000000007;12.0
20:51:42 22/02/2020;0.8718;0.8750000000000007;1.0;1.2731849826321386;0.8750000000000007;12.0;0.8745000000000007;12.0
01:53:26 23/02/2020;0.8716;0.8740000000000007;1.0;1.2735776379946373;0.8740000000000007;12.0;0.8740000000000007;12.0
09:00:30 23/02/2020;0.8697;0.8720000000000007;1.0;1.2743625857659189;0.8720000000000007;12.0;0.8720000000000007;12.0
14:52:37 23/02/2020;0.8686;0.8700000000000007;1.0;1.2751470503436062;0.8700000000000007;12.0;0.8700000000000007;12.0
20:44:32 23/02/2020;0.8692;0.8700000000000007;1.0;1.2751470503436062;0.8700000000000007;12.0;0.8700000000000007;12.0
02:02:11 24/02/2020;0.8685;0.8700000000000007;1.0;1.2751470503436062;0.8700000000000007;11.0225;0.8700000000000007;11.0225
08:10:44 24/02/2020;0.8689;0.8700000000000007;1.0;1.2751470503436062;0.8700000000000007;4.88;0.8715000000000006;10.756388888888889
13:03:32 24/02/2020;0.873;0.8730000000000007;1.0;1.2739701723352863;0.8730000000000007;5.876388888888889;0.8730000000000007;5.876388888888889
18:56:07 24/02/2020;0.8764;0.8770000000000007;1.0;1.2723993083933987;0.8770000000000007;5.8661111111111115;0.8785000000000007;12.0
00:48:05 25/02/2020;0.8799;0.8800000000000007;1.0;1.2712198865656559;0.8800000000000007;7.106388888888889;0.8800000000000007;7.106388888888889
07:54:28 25/02/2020;0.8857;0.8860000000000007;1.0;1.2688577540449517;0.8860000000000007;10.748333333333333;0.8860000000000007;10.748333333333333
18:39:22 25/02/2020;0.8874;0.8880000000000007;1.0;1.2680693987317884;0.8880000000000007;6.143055555555556;0.8880000000000007;6.143055555555556
00:47:57 26/02/2020;0.8925;0.8930000000000007;1.0;1.266096362841312;0.8930000000000007;5.5825;0.8930000000000007;5.5825
06:22:54 26/02/2020;0.8933;0.8940000000000007;1.0;1.265701386583739;0.8940000000000007;5.022777777777778;0.8940000000000007;5.022777777777778
11:24:16 26/02/2020;0.8967;0.8970000000000007;1.0;1.2645157175772863;0.8970000000000007;5.033333333333333;0.8970000000000007;5.033333333333333
16:26:16 26/02/2020;0.9012;0.9020000000000007;1.0;1.2625371281669302;0.9020000000000007;12.0;0.9020000000000007;12.0
21:44:45 26/02/2020;0.9016;0.9020000000000007;1.0;1.2625371281669302;0.9020000000000007;6.835;0.9020000000000007;6.835
04:34:51 27/02/2020;0.9021;0.9030000000000007;1.0;1.2621410380777576;0.9030000000000007;6.697777777777778;0.9030000000000007;6.697777777777778
11:16:43 27/02/2020;0.9044;0.9050000000000007;1.0;1.2613484847574834;0.9050000000000007;12.0;0.9050000000000007;12.0
16:44:12 27/02/2020;0.902;0.9050000000000007;1.0;1.2613484847574834;0.9050000000000007;11.066666666666666;0.9050000000000007;11.066666666666666
16:44:24 27/02/2020;0.902;0.9050000000000007;1.0;1.2613484847574834;0.9050000000000007;11.063333333333333;0.9050000000000007;11.063333333333333
21:33:24 27/02/2020;0.9009;0.9050000000000007;1.0;1.2613484847574834;0.9050000000000007;6.246666666666667;0.9050000000000007;6.246666666666667
03:48:12 28/02/2020;0.9084;0.9090000000000007;1.0;1.2597618822618817;0.9090000000000007;7.399166666666667;0.9090000000000007;7.399166666666667
11:12:09 28/02/2020;0.9129;0.9130000000000007;1.0;1.258173279004128;0.9130000000000007;5.593333333333334;0.9130000000000007;5.593333333333334
16:47:45 28/02/2020;0.9211;0.9220000000000007;1.0;1.2545915670049752;0.9220000000000007;5.989722222222222;0.9255000000000007;12.0
22:47:08 28/02/2020;0.9284;0.9290000000000007;1.0;1.2517987058628872;0.9290000000000007;6.7011111111111115;0.9290000000000007;6.7011111111111115
05:29:12 29/02/2020;0.9402;0.9410000000000007;1.0;1.2469963913339923;0.9410000000000007;12.0;0.9410000000000007;12.0
05:44:11 29/02/2020;0.9402;0.9410000000000007;1.0;1.2469963913339923;0.9410000000000007;12.0;0.9410000000000007;12.0
11:37:48 29/02/2020;0.9378;0.9410000000000007;1.0;1.2469963913339923;0.9410000000000007;12.0;0.9410000000000007;12.0
18:36:35 29/02/2020;0.9369;0.9380000000000007;1.0;1.2481987021303937;0.9380000000000007;12.0;0.9380000000000007;12.0
18:36:35 29/02/2020;0.9369;0.9380000000000007;1.0;1.2481987021303937;0.9380000000000007;12.0;0.9380000000000007;12.0
01:27:14 01/03/2020;0.9334;0.9370000000000007;1.0;1.2485992151206884;0.9370000000000007;12.0;0.9370000000000007;12.0
07:02:40 01/03/2020;0.9292;0.9340000000000007;1.0;1.2497999839974392;0.9340000000000007;12.0;0.9340000000000007;12.0
12:45:06 01/03/2020;0.9278;0.9340000000000007;1.0;1.2497999839974392;0.9340000000000007;12.0;0.9340000000000007;12.0
18:43:41 01/03/2020;0.9278;0.9300000000000007;1.0;1.2513992168768524;0.9300000000000007;12.0;0.9290000000000007;12.0
19:53:11 01/03/2020;0.9214;0.9280000000000007;1.0;1.2521980673998818;0.9280000000000007;12.0;0.9280000000000007;12.0
03:08:26 02/03/2020;0.9195;0.9280000000000007;1.0;1.2521980673998818;0.9280000000000007;12.0;0.9240000000000007;12.0
09:00:04 02/03/2020;0.9147;0.9200000000000007;1.0;1.2553883861180168;0.9200000000000007;12.0;0.9200000000000007;12.0
15:08:03 02/03/2020;0.9173;0.9200000000000007;1.0;1.2553883861180168;0.9200000000000007;7.409722222222222;0.9200000000000007;7.409722222222222
22:32:38 02/03/2020;0.9261;0.9270000000000007;1.0;1.252597301609739;0.9270000000000007;12.0;0.9270000000000007;12.0
05:47:46 03/03/2020;0.9268;0.9270000000000007;1.0;1.252597301609739;0.9270000000000007;12.0;0.9270000000000007;12.0
07:40:42 03/03/2020;0.9268;0.9270000000000007;1.0;1.252597301609739;0.9270000000000007;12.0;0.9270000000000007;12.0
12:38:31 03/03/2020;0.9262;0.9270000000000007;1.0;1.252597301609739;0.9270000000000007;12.0;0.9270000000000007;12.0
17:30:53 03/03/2020;0.9253;0.9270000000000007;1.0;1.252597301609739;0.9270000000000007;12.0;0.9270000000000007;12.0
22:08:00 03/03/2020;0.9253;0.9270000000000007;1.0;1.252597301609739;0.9270000000000007;12.0;0.9270000000000007;12.0
22:32:28 03/03/2020;0.9264;0.9270000000000007;1.0;1.252597301609739;0.9270000000000007;11.861944444444445;0.9270000000000007;11.861944444444445
05:48:39 04/03/2020;0.9269;0.9270000000000007;1.0;1.252597301609739;0.9270000000000007;4.592222222222222;0.9285000000000008;11.158333333333333
10:24:11 04/03/2020;0.9291;0.9300000000000007;1.0;1.2513992168768524;0.9300000000000007;6.566111111111111;0.9300000000000007;6.566111111111111
16:58:09 04/03/2020;0.932;0.9320000000000007;1.0;1.2505998560690783;0.9320000000000007;6.000555555555556;0.9320000000000007;6.000555555555556
22:58:11 04/03/2020;0.9322;0.9330000000000007;1.0;1.2501999840025593;0.9330000000000007;12.0;0.9330000000000007;12.0
03:43:06 05/03/2020;0.9325;0.9330000000000007;1.0;1.2501999840025593;0.9330000000000007;11.445833333333333;0.9330000000000007;11.445833333333333
10:16:52 05/03/2020;0.9319;0.9330000000000007;1.0;1.2501999840025593;0.9330000000000007;4.883055555555556;0.9330000000000007;4.883055555555556
15:09:51 05/03/2020;0.9348;0.9350000000000007;1.0;1.2493998559308381;0.9350000000000007;4.878333333333333;0.9355000000000007;12.0
20:02:33 05/03/2020;0.9359;0.9360000000000007;1.0;1.2489995996796792;0.9360000000000007;12.0;0.9360000000000007;12.0
02:03:10 06/03/2020;0.935;0.9360000000000007;1.0;1.2489995996796792;0.9360000000000007;12.0;0.9360000000000007;12.0
07:12:34 06/03/2020;0.9339;0.9360000000000007;1.0;1.2489995996796792;0.9360000000000007;12.0;0.9360000000000007;12.0
13:38:04 06/03/2020;0.933;0.9350000000000007;1.0;1.2493998559308381;0.9350000000000007;6.848333333333334;0.9350000000000007;6.848333333333334
20:28:58 06/03/2020;0.9351;0.9360000000000007;1.0;1.2489995996796792;0.9360000000000007;12.0;0.9360000000000007;12.0
02:46:07 07/03/2020;0.9321;0.9360000000000007;1.0;1.2489995996796792;0.9360000000000007;12.0;0.9360000000000007;12.0
09:36:02 07/03/2020;0.9319;0.9330000000000007;1.0;1.2501999840025593;0.9330000000000007;12.0;0.9330000000000007;12.0
16:34:45 07/03/2020;0.9325;0.9330000000000007;1.0;1.2501999840025593;0.9330000000000007;12.0;0.9330000000000007;12.0
22:34:28 07/03/2020;0.9319;0.9330000000000007;1.0;1.2501999840025593;0.9330000000000007;12.0;0.9330000000000007;12.0
04:43:12 08/03/2020;0.933;0.9330000000000007;1.0;1.2501999840025593;0.9330000000000007;12.0;0.9330000000000007;12.0
09:44:53 08/03/2020;0.9306;0.9330000000000007;1.0;1.2501999840025593;0.9330000000000007;12.0;0.9330000000000007;12.0
16:35:36 08/03/2020;0.9311;0.9330000000000007;1.0;1.2501999840025593;0.9330000000000007;12.0;0.9325000000000008;12.0
21:28:58 08/03/2020;0.9304;0.9320000000000007;1.0;1.2505998560690783;0.9320000000000007;12.0;0.9320000000000007;12.0
04:27:29 09/03/2020;0.9312;0.9320000000000007;1.0;1.2505998560690783;0.9320000000000007;5.570833333333334;0.9325000000000008;11.996944444444445
10:01:44 09/03/2020;0.9324;0.9330000000000007;1.0;1.2501999840025593;0.9330000000000007;6.426111111111111;0.9330000000000007;6.426111111111111
16:27:18 09/03/2020;0.9371;0.9380000000000007;1.0;1.2481987021303937;0.9380000000000007;12.0;0.9380000000000007;12.0
23:42:48 09/03/2020;0.9327;0.9380000000000007;1.0;1.2481987021303937;0.9380000000000007;12.0;0.9380000000000007;12.0
05:17:45 10/03/2020;0.9333;0.9340000000000007;1.0;1.2497999839974392;0.9340000000000007;5.028611111111111;0.9340000000000007;5.028611111111111
10:19:28 10/03/2020;0.9354;0.9360000000000007;1.0;1.2489995996796792;0.9360000000000007;5.240833333333334;0.9360000000000007;5.240833333333334
15:33:55 10/03/2020;0.9393;0.9400000000000007;1.0;1.2473972903610138;0.9400000000000007;4.7588888888888885;0.9405000000000008;12.0
20:19:27 10/03/2020;0.9401;0.9410000000000007;1.0;1.2469963913339923;0.9410000000000007;12.0;0.9410000000000007;12.0
01:33:48 11/03/2020;0.9402;0.9410000000000007;1.0;1.2469963913339923;0.9410000000000007;12.0;0.9410000000000007;12.0
08:16:32 11/03/2020;0.9389;0.9410000000000007;1.0;1.2469963913339923;0.9410000000000007;12.0;0.9410000000000007;12.0
15:39:36 11/03/2020;0.937;0.9390000000000007;1.0;1.247798060585125;0.9390000000000007;11.890555555555556;0.9390000000000007;11.890555555555556
21:56:40 11/03/2020;0.9373;0.9380000000000007;1.0;1.2481987021303937;0.9380000000000007;5.606111111111111;0.9380000000000007;5.606111111111111
03:33:02 12/03/2020;0.9411;0.9420000000000007;1.0;1.2465953633797935;0.9420000000000007;5.854444444444445;0.9430000000000007;12.0
09:24:18 12/03/2020;0.9431;0.9440000000000007;1.0;1.2457929201917946;0.9440000000000007;6.8405555555555555;0.9440000000000007;6.8405555555555555
16:14:44 12/03/2020;0.9486;0.9490000000000007;1.0;1.2437845472588889;0.9490000000000007;5.18;0.9490000000000007;5.18
21:25:32 12/03/2020;0.9499;0.9500000000000007;1.0;1.243382483389564;0.9500000000000007;4.885555555555555;0.9505000000000008;11.159722222222221
02:18:40 13/03/2020;0.9501;0.9510000000000007;1.0;1.242980289465605;0.9510000000000007;6.274166666666667;0.9510000000000007;6.274166666666667
08:35:07 13/03/2020;0.9537;0.9540000000000007;1.0;1.2417729261020307;0.9540000000000007;4.616944444444444;0.9550000000000007;10.758333333333333
13:12:08 13/03/2020;0.9559;0.9560000000000007;1.0;1.2409673645990853;0.9560000000000007;6.141388888888889;0.9560000000000007;6.141388888888889
19:20:37 13/03/2020;0.9629;0.9630000000000007;1.0;1.238143771942499;0.9630000000000007;12.0;0.9630000000000007;12.0
00:30:23 14/03/2020;0.9616;0.9630000000000007;1.0;1.238143771942499;0.9630000000000007;12.0;0.9630000000000007;12.0
07:38:22 14/03/2020;0.9588;0.9620000000000007;1.0;1.2385475364312826;0.9620000000000007;12.0;0.9620000000000007;12.0
14:54:27 14/03/2020;0.9567;0.9590000000000007;1.0;1.2397580409095958;0.9590000000000007;12.0;0.9590000000000007;12.0
22:19:18 14/03/2020;0.955;0.9570000000000007;1.0;1.2405643876881196;0.9570000000000007;12.0;0.9570000000000007;12.0
05:25:54 15/03/2020;0.9546;0.9550000000000007;1.0;1.2413702106946176;0.9550000000000007;12.0;0.9550000000000007;12.0
12:33:54 15/03/2020;0.9523;0.9550000000000007;1.0;1.2413702106946176;0.9550000000000007;12.0;0.9550000000000007;12.0
17:44:03 15/03/2020;0.952;0.9530000000000007;1.0;1.2421755109484325;0.9530000000000007;12.0;0.9530000000000007;12.0
23:11:03 15/03/2020;0.9482;0.9530000000000007;1.0;1.2421755109484325;0.9530000000000007;12.0;0.9530000000000007;12.0
06:44:16 16/03/2020;0.9474;0.9490000000000007;1.0;1.2437845472588889;0.9490000000000007;12.0;0.9485000000000008;12.0
11:20:44 16/03/2020;0.9457;0.9480000000000007;1.0;1.244186481199663;0.9480000000000007;12.0;0.9480000000000007;12.0
16:55:27 16/03/2020;0.942;0.9480000000000007;1.0;1.244186481199663;0.9480000000000007;12.0;0.9470000000000007;12.0
21:58:15 16/03/2020;0.9409;0.9460000000000007;1.0;1.244989959798873;0.9460000000000007;12.0;0.9460000000000007;12.0
05:21:59 17/03/2020;0.9364;0.9410000000000007;1.0;1.2469963913339923;0.9410000000000007;12.0;0.9410000000000007;12.0
12:21:36 17/03/2020;0.935;0.9370000000000007;1.0;1.2485992151206884;0.9370000000000007;12.0;0.9370000000000007;12.0
18:13:39 17/03/2020;0.9341;0.9350000000000007;1.0;1.2493998559308381;0.9350000000000007;12.0;0.9350000000000007;12.0
21:08:53 17/03/2020;0.9341;0.9350000000000007;1.0;1.2493998559308381;0.9350000000000007;12.0;0.9350000000000007;12.0
23:31:56 17/03/2020;0.9337;0.9350000000000007;1.0;1.2493998559308381;0.9350000000000007;12.0;0.9350000000000007;12.0
05:07:26 18/03/2020;0.9335;0.9350000000000007;1.0;1.2493998559308381;0.9350000000000007;6.569166666666667;0.9350000000000007;6.569166666666667
11:41:35 18/03/2020;0.9366;0.9370000000000007;1.0;1.2485992151206884;0.9370000000000007;5.042222222222223;0.9375000000000007;12.0
16:44:07 18/03/2020;0.9372;0.9380000000000007;1.0;1.2481987021303937;0.9380000000000007;12.0;0.9380000000000007;12.0
23:10:14 18/03/2020;0.9351;0.9380000000000007;1.0;1.2481987021303937;0.9380000000000007;12.0;0.9380000000000007;12.0
05:28:33 19/03/2020;0.9346;0.9360000000000007;1.0;1.2489995996796792;0.9360000000000007;12.0;0.9360000000000007;12.0
11:54:12 19/03/2020;0.9337;0.9350000000000007;1.0;1.2493998559308381;0.9350000000000007;12.0;0.9345000000000008;12.0
17:38:08 19/03/2020;0.9339;0.9340000000000007;1.0;1.2497999839974392;0.9340000000000007;6.310277777777777;0.9340000000000007;6.310277777777777
23:56:45 19/03/2020;0.9348;0.9350000000000007;1.0;1.2493998559308381;0.9350000000000007;4.6025;0.9355000000000007;12.0
04:32:54 20/03/2020;0.9359;0.9360000000000007;1.0;1.2489995996796792;0.9360000000000007;12.0;0.9360000000000007;12.0
10:33:47 20/03/2020;0.936;0.9360000000000007;1.0;1.2489995996796792;0.9360000000000007;11.884166666666667;0.9360000000000007;11.884166666666667
16:26:02 20/03/2020;0.9353;0.9360000000000007;1.0;1.2489995996796792;0.9360000000000007;6.013333333333334;0.9360000000000007;6.013333333333334
22:26:50 20/03/2020;0.9363;0.9370000000000007;1.0;1.2485992151206884;0.9370000000000007;6.570555555555556;0.9370000000000007;6.570555555555556
05:01:04 21/03/2020;0.94;0.9400000000000007;1.0;1.2473972903610138;0.9400000000000007;5.732222222222222;0.9415000000000007;12.0
10:45:00 21/03/2020;0.9423;0.9430000000000007;1.0;1.2461942063739502;0.9430000000000007;6.293055555555555;0.9430000000000007;6.293055555555555
17:02:35 21/03/2020;0.9432;0.9440000000000007;1.0;1.2457929201917946;0.9440000000000007;12.0;0.9440000000000007;12.0
21:42:41 21/03/2020;0.9432;0.9440000000000007;1.0;1.2457929201917946;0.9440000000000007;11.8325;0.9440000000000007;11.8325
22:13:25 21/03/2020;0.9434;0.9440000000000007;1.0;1.2457929201917946;0.9440000000000007;11.320277777777777;0.9440000000000007;11.320277777777777
03:57:30 22/03/2020;0.9437;0.9440000000000007;1.0;1.2457929201917946;0.9440000000000007;5.585555555555556;0.9445000000000008;11.605
09:32:38 22/03/2020;0.9445;0.9450000000000007;1.0;1.245391504708459;0.9450000000000007;6.019444444444445;0.9450000000000007;6.019444444444445
15:33:48 22/03/2020;0.9464;0.9470000000000007;1.0;1.2445882853377654;0.9470000000000007;12.0;0.9470000000000007;12.0
21:00:30 22/03/2020;0.9444;0.9470000000000007;1.0;1.2445882853377654;0.9470000000000007;12.0;0.9470000000000007;12.0
03:59:54 23/03/2020;0.9427;0.9450000000000007;1.0;1.245391504708459;0.9450000000000007;12.0;0.9450000000000007;12.0
10:17:16 23/03/2020;0.9434;0.9440000000000007;1.0;1.2457929201917946;0.9440000000000007;12.0;0.9440000000000007;12.0
15:36:20 23/03/2020;0.9421;0.9440000000000007;1.0;1.2457929201917946;0.9440000000000007;12.0;0.9440000000000007;12.0
22:43:52 23/03/2020;0.9411;0.9430000000000007;1.0;1.2461942063739502;0.9430000000000007;12.0;0.9430000000000007;12.0
05:51:32 24/03/2020;0.9428;0.9430000000000007;1.0;1.2461942063739502;0.9430000000000007;6.575;0.9430000000000007;6.575
12:26:02 24/03/2020;0.9436;0.9440000000000007;1.0;1.2457929201917946;0.9440000000000007;7.260277777777778;0.9440000000000007;7.260277777777778
19:41:39 24/03/2020;0.9468;0.9470000000000007;1.0;1.2445882853377654;0.9470000000000007;12.0;0.9470000000000007;12.0
00:18:18 25/03/2020;0.9457;0.9470000000000007;1.0;1.2445882853377654;0.9470000000000007;11.470277777777778;0.9470000000000007;11.470277777777778
06:18:16 25/03/2020;0.947;0.9470000000000007;1.0;1.2445882853377654;0.9470000000000007;5.470833333333333;0.9470000000000007;5.470833333333333
11:46:31 25/03/2020;0.9519;0.9520000000000007;1.0;1.242577965360725;0.9520000000000007;12.0;0.9520000000000007;12.0
16:31:11 25/03/2020;0.9477;0.9520000000000007;1.0;1.242577965360725;0.9520000000000007;12.0;0.9520000000000007;12.0
23:00:38 25/03/2020;0.949;0.9520000000000007;1.0;1.242577965360725;0.9520000000000007;5.726944444444444;0.9520000000000007;5.726944444444444
04:44:15 26/03/2020;0.953;0.9530000000000007;1.0;1.2421755109484325;0.9530000000000007;4.8997222222222225;0.9535000000000007;11.734444444444444
09:38:14 26/03/2020;0.954;0.9540000000000007;1.0;1.2417729261020307;0.9540000000000007;6.834722222222222;0.9540000000000007;6.834722222222222
16:28:19 26/03/2020;0.9559;0.9560000000000007;1.0;1.2409673645990853;0.9560000000000007;12.0;0.9560000000000007;12.0
21:38:44 26/03/2020;0.9547;0.9560000000000007;1.0;1.2409673645990853;0.9560000000000007;12.0;0.9560000000000007;12.0
03:14:28 27/03/2020;0.9522;0.9560000000000007;1.0;1.2409673645990853;0.9560000000000007;12.0;0.9560000000000007;12.0
09:31:25 27/03/2020;0.952;0.9550000000000007;1.0;1.2413702106946176;0.9550000000000007;12.0;0.9540000000000007;12.0
15:07:09 27/03/2020;0.9488;0.9530000000000007;1.0;1.2421755109484325;0.9530000000000007;12.0;0.9530000000000007;12.0
22:22:41 27/03/2020;0.9443;0.9490000000000007;1.0;1.2437845472588889;0.9490000000000007;12.0;0.9470000000000007;12.0
04:14:39 28/03/2020;0.9435;0.9450000000000007;1.0;1.245391504708459;0.9450000000000007;12.0;0.9450000000000007;12.0
15:00:10 28/03/2020;0.9444;0.9450000000000007;1.0;1.245391504708459;0.9450000000000007;12.0;0.9450000000000007;12.0
21:51:11 28/03/2020;0.9402;0.9450000000000007;1.0;1.245391504708459;0.9450000000000007;12.0;0.9450000000000007;12.0
05:23:47 29/03/2020;0.9391;0.9410000000000007;1.0;1.2469963913339923;0.9410000000000007;12.0;0.9405000000000008;12.0
11:15:45 29/03/2020;0.9385;0.9400000000000007;1.0;1.2473972903610138;0.9400000000000007;12.0;0.9400000000000007;12.0
17:49:37 29/03/2020;0.939;0.9390000000000007;1.0;1.247798060585125;0.9390000000000007;12.0;0.9390000000000007;12.0
22:51:37 29/03/2020;0.9362;0.9390000000000007;1.0;1.247798060585125;0.9390000000000007;12.0;0.9390000000000007;12.0
04:44:12 30/03/2020;0.9378;0.9390000000000007;1.0;1.247798060585125;0.9390000000000007;9.918333333333333;0.9390000000000007;9.918333333333333
09:45:41 30/03/2020;0.9388;0.9390000000000007;1.0;1.247798060585125;0.9390000000000007;4.893611111111111;0.9395000000000007;12.0
14:39:18 30/03/2020;0.9395;0.9400000000000007;1.0;1.2473972903610138;0.9400000000000007;12.0;0.9400000000000007;12.0
21:46:41 30/03/2020;0.9393;0.9400000000000007;1.0;1.2473972903610138;0.9400000000000007;12.0;0.9400000000000007;12.0
03:22:16 31/03/2020;0.9391;0.9400000000000007;1.0;1.2473972903610138;0.9400000000000007;12.0;0.9400000000000007;12.0
08:15:36 31/03/2020;0.9393;0.9400000000000007;1.0;1.2473972903610138;;;;
14:24:02 31/03/2020;0.9396;0.9400000000000007;1.0;1.2473972903610138;;;;
19:53:24 31/03/2020;0.9427;0.9430000000000007;1.0;1.2461942063739502;;;;
