11:36:48 01/01/2020;Wednesday;0.8194;0.8230000000000006;1.0;1.2934450123604015;0.6831798675215461;1.0;0.8230000000000006;12.0;1.0;1.0;0.8215000000000006;12.0;1.0;1.0;0.8230000000000006;12.0;1.0;Now
18:44:09 01/01/2020;Wednesday;0.8154;0.8200000000000006;1.0;1.2946041866145803;0.6975000619226084;1.0;0.8200000000000006;12.0;1.0;1.0;0.8180000000000006;12.0;1.0;1.0;0.8200000000000006;12.0;1.0;Now
02:08:16 02/01/2020;Thursday;0.8131;0.8160000000000006;1.0;1.2961481396815717;0.7165737326720478;1.0;0.8160000000000006;12.0;1.0;1.0;0.8145000000000006;12.0;1.0;1.0;0.8160000000000006;12.0;1.0;Now
08:50:08 02/01/2020;Thursday;0.8114;0.8140000000000006;1.0;1.2969194269498778;0.7261020530099013;1.0;0.8140000000000006;12.0;1.0;1.0;0.8135000000000007;12.0;1.0;1.0;0.8140000000000006;12.0;1.0;Now
13:55:29 02/01/2020;Thursday;0.8114;0.8140000000000006;1.0;1.2969194269498778;0.7261020530099013;1.0;0.8140000000000006;12.0;1.0;1.0;0.8133333333333339;12.0;1.0;1.0;0.8140000000000006;12.0;1.0;Now
14:08:07 02/01/2020;Thursday;0.8089;0.8140000000000006;1.0;1.2969194269498778;0.7261020530099013;1.0;0.8140000000000006;12.0;1.0;1.0;0.8130000000000006;12.0;1.0;1.0;0.8140000000000006;12.0;1.0;Now
20:16:23 02/01/2020;Thursday;0.8073;0.8120000000000006;1.0;1.2976902558006664;0.7356247101543705;1.0;0.8120000000000006;12.0;1.0;1.0;0.8093333333333339;12.0;1.0;1.0;0.8120000000000006;12.0;1.0;Now
03:32:27 03/01/2020;Friday;0.8057;0.8080000000000006;1.0;1.2992305415129368;0.7546530751766052;1.0;0.8080000000000006;12.0;1.0;1.0;0.807333333333334;12.0;1.0;1.0;0.8080000000000006;12.0;1.0;Now
08:09:07 03/01/2020;Friday;0.8048;0.8080000000000006;1.0;1.2992305415129368;0.7546530751766052;1.0;0.8080000000000006;12.0;1.0;1.0;0.8070000000000006;12.0;1.0;1.0;0.8080000000000006;12.0;1.0;Now
14:42:36 03/01/2020;Friday;0.8021;0.8060000000000006;1.0;1.2999999999999998;0.7641588031364587;1.0;0.8060000000000006;12.0;1.0;1.0;0.8040000000000006;12.0;1.0;1.0;0.8060000000000006;12.0;1.0;Now
21:32:50 03/01/2020;Friday;0.7981;0.8030000000000006;1.0;1.3011533345459325;0.7784068550127642;1.0;0.8030000000000006;12.0;1.0;1.0;0.8030000000000006;12.0;1.0;1.0;0.8030000000000006;12.0;1.0;Now
02:34:23 04/01/2020;Saturday;0.7977;0.8030000000000006;1.0;1.3011533345459325;0.7784068550127642;1.0;0.8030000000000006;12.0;1.0;1.0;0.8005000000000007;12.0;1.0;1.0;0.8030000000000006;12.0;1.0;Now
09:49:58 04/01/2020;Saturday;0.7966;0.7980000000000006;1.0;1.3030732903409536;0.8021255842090289;1.0;0.7980000000000006;12.0;1.0;1.0;0.7975000000000005;12.0;1.0;1.0;0.7980000000000006;12.0;1.0;Now
17:05:36 04/01/2020;Saturday;0.7956;0.7970000000000006;1.0;1.3034569421350286;0.8068651376054783;1.0;0.7970000000000006;12.0;1.0;1.0;0.7970000000000006;12.0;1.0;1.0;0.7970000000000006;12.0;1.0;Now
23:22:59 04/01/2020;Saturday;0.7966;0.7970000000000006;1.0;1.3034569421350286;0.8068651376054783;1.0;0.7970000000000006;12.0;1.0;1.0;0.7970000000000006;12.0;1.0;1.0;0.7970000000000006;12.0;1.0;Now
06:13:03 05/01/2020;Sunday;0.793;0.7970000000000006;1.0;1.3034569421350286;0.8068651376054783;1.0;0.7970000000000006;12.0;1.0;1.0;0.7940000000000006;12.0;1.0;1.0;0.7970000000000006;12.0;1.0;Now
12:05:02 05/01/2020;Sunday;0.7917;0.7930000000000006;1.0;1.3049904214207855;0.825809417469249;1.0;0.7930000000000006;12.0;1.0;1.0;0.7930000000000006;12.0;1.0;1.0;0.7930000000000006;12.0;1.0;Now
15:55:02 05/01/2020;Sunday;0.7917;0.7930000000000006;1.0;1.3049904214207855;0.825809417469249;1.0;0.7930000000000006;12.0;1.0;1.0;0.7930000000000006;12.0;1.0;1.0;0.7930000000000006;12.0;1.0;Now
17:06:05 05/01/2020;Sunday;0.793;0.7930000000000006;1.0;1.3049904214207855;0.825809417469249;1.0;0.7930000000000006;12.0;1.0;1.0;0.7930000000000006;12.0;1.0;1.0;0.7930000000000006;12.0;1.0;Now
22:41:21 05/01/2020;Sunday;0.7897;0.7930000000000006;1.0;1.3049904214207855;0.825809417469249;1.0;0.7930000000000006;12.0;1.0;1.0;0.7923333333333339;12.0;1.0;1.0;0.7930000000000006;12.0;1.0;Now
04:07:53 06/01/2020;Monday;0.7901;0.7930000000000006;1.0;1.3049904214207855;0.825809417469249;1.0;0.7930000000000006;12.0;1.0;1.0;0.7920000000000006;12.0;1.0;1.0;0.7920000000000006;12.0;1.0;Now
09:51:15 06/01/2020;Monday;0.79;0.7910000000000006;1.0;1.3057564857200592;0.8352732143485933;1.0;0.7910000000000006;12.0;1.0;1.0;0.7905000000000006;12.0;1.0;1.0;0.7910000000000006;12.0;1.0;Now
16:25:20 06/01/2020;Monday;0.7888;0.7900000000000006;1.0;1.3061393493804554;0.8400030313077009;1.0;0.7900000000000006;12.0;1.0;1.0;0.7896666666666672;12.0;1.0;1.0;0.7900000000000006;12.0;1.0;Now
22:13:36 06/01/2020;Monday;0.7888;0.7890000000000006;1.0;1.306522100846365;0.84473146223977;0.1625462962962963;0.7890000000000006;1.3063888888888888;0.10886574074074074;1.0;0.7896666666666672;12.0;1.0;1.0;0.7895000000000005;12.0;1.0;Now
23:31:59 06/01/2020;Monday;0.7894;0.7900000000000006;1.0;1.3061393493804554;0.8400030313077009;1.0;0.7900000000000006;12.0;1.0;1.0;0.7900000000000006;12.0;1.0;1.0;0.7900000000000006;12.0;1.0;Now
09:34:57 07/01/2020;Tuesday;0.7885;0.7900000000000006;1.0;1.3061393493804554;0.8400030313077009;1.0;0.7900000000000006;12.0;1.0;1.0;0.7893333333333339;12.0;1.0;1.0;0.7900000000000006;12.0;1.0;Now
15:43:14 07/01/2020;Tuesday;0.7869;0.7890000000000006;1.0;1.306522100846365;0.84473146223977;1.0;0.7890000000000006;12.0;1.0;1.0;0.788333333333334;12.0;1.0;1.0;0.7890000000000006;12.0;1.0;Now
20:44:37 07/01/2020;Tuesday;0.7862;0.7890000000000006;1.0;1.306522100846365;0.84473146223977;1.0;0.7890000000000006;12.0;1.0;1.0;0.7876666666666673;12.0;1.0;1.0;0.7890000000000006;12.0;1.0;Now
02:19:31 08/01/2020;Wednesday;0.7851;0.7870000000000006;1.0;1.3072872675888798;0.854184170892105;1.0;0.7870000000000006;12.0;1.0;1.0;0.7866666666666672;12.0;1.0;1.0;0.7870000000000006;12.0;1.0;Now
07:20:55 08/01/2020;Wednesday;0.7843;0.7870000000000006;1.0;1.3072872675888798;0.854184170892105;1.0;0.7870000000000006;12.0;1.0;1.0;0.7866666666666674;12.0;1.0;1.0;0.7870000000000006;12.0;1.0;Now
13:37:54 08/01/2020;Wednesday;0.784;0.7860000000000006;1.0;1.3076696830622019;0.8589084510425694;0.44287037037037036;0.7860000000000006;5.314444444444445;0.44287037037037036;1.0;0.787333333333334;12.0;1.0;0.44287037037037036;0.7860000000000006;5.314444444444445;0.44287037037037036;Now
18:56:46 08/01/2020;Wednesday;0.7867;0.7870000000000006;1.0;1.3072872675888798;0.854184170892105;0.40680555555555553;0.7870000000000006;4.881666666666667;0.40680555555555553;1.0;0.788333333333334;12.0;1.0;1.0;0.7880000000000006;12.0;1.0;Now
23:49:40 08/01/2020;Wednesday;0.7889;0.7890000000000006;1.0;1.306522100846365;0.84473146223977;1.0;0.7890000000000006;12.0;1.0;1.0;0.7890000000000006;12.0;1.0;1.0;0.7890000000000006;12.0;1.0;Now
05:24:56 09/01/2020;Thursday;0.7887;0.7890000000000006;1.0;1.306522100846365;0.84473146223977;1.0;0.7890000000000006;12.0;1.0;1.0;0.7890000000000006;12.0;1.0;1.0;0.7890000000000006;12.0;1.0;Now
12:56:59 09/01/2020;Thursday;0.7886;0.7890000000000006;1.0;1.306522100846365;0.84473146223977;1.0;0.7890000000000006;12.0;1.0;1.0;0.7890000000000006;12.0;1.0;1.0;0.7890000000000006;12.0;1.0;Now
17:41:30 09/01/2020;Thursday;0.7874;0.7890000000000006;1.0;1.306522100846365;0.84473146223977;1.0;0.7890000000000006;12.0;1.0;1.0;0.7890000000000006;12.0;1.0;1.0;0.7890000000000006;12.0;1.0;Now
23:58:42 09/01/2020;Thursday;0.7881;0.7890000000000006;1.0;1.306522100846365;0.84473146223977;1.0;0.7890000000000006;12.0;1.0;1.0;0.7890000000000006;12.0;1.0;1.0;0.7890000000000006;12.0;1.0;Now
05:34:22 10/01/2020;Friday;0.7871;0.7890000000000006;1.0;1.306522100846365;0.84473146223977;1.0;0.7890000000000006;12.0;1.0;1.0;0.7890000000000006;12.0;1.0;1.0;0.7890000000000006;12.0;1.0;Now
10:18:28 10/01/2020;Friday;0.7852;0.7890000000000006;1.0;1.306522100846365;0.84473146223977;1.0;0.7890000000000006;12.0;1.0;1.0;0.7890000000000006;12.0;1.0;1.0;0.7890000000000006;12.0;1.0;Now
17:26:16 10/01/2020;Friday;0.7881;0.7890000000000006;1.0;1.306522100846365;0.84473146223977;1.0;0.7890000000000006;12.0;1.0;1.0;0.7890000000000006;12.0;1.0;1.0;0.7890000000000006;12.0;1.0;Now
23:59:26 10/01/2020;Friday;0.7867;0.7890000000000006;1.0;1.306522100846365;0.84473146223977;1.0;0.7890000000000006;12.0;1.0;1.0;0.7880000000000006;12.0;1.0;1.0;0.7890000000000006;12.0;1.0;Now
06:07:58 11/01/2020;Saturday;0.7857;0.7870000000000006;1.0;1.3072872675888798;0.854184170892105;1.0;0.7870000000000006;12.0;1.0;1.0;0.7870000000000006;12.0;1.0;1.0;0.7870000000000006;12.0;1.0;Now
12:33:11 11/01/2020;Saturday;0.7861;0.7870000000000006;1.0;1.3072872675888798;0.854184170892105;1.0;0.7870000000000006;12.0;1.0;1.0;0.7870000000000006;12.0;1.0;1.0;0.7870000000000006;12.0;1.0;Now
18:50:14 11/01/2020;Saturday;0.784;0.7870000000000006;1.0;1.3072872675888798;0.854184170892105;1.0;0.7870000000000006;12.0;1.0;1.0;0.7855000000000005;12.0;1.0;1.0;0.7870000000000006;12.0;1.0;Now
01:57:31 12/01/2020;Sunday;0.782;0.7840000000000006;1.0;1.3084341787036897;0.8683528690542743;1.0;0.7840000000000006;12.0;1.0;1.0;0.7840000000000006;12.0;1.0;1.0;0.7840000000000006;12.0;1.0;Now
07:57:55 12/01/2020;Sunday;0.7836;0.7840000000000006;1.0;1.3084341787036897;0.8683528690542743;1.0;0.7840000000000006;12.0;1.0;1.0;0.7840000000000006;12.0;1.0;1.0;0.7840000000000006;12.0;1.0;Now
13:57:50 12/01/2020;Sunday;0.7819;0.7840000000000006;1.0;1.3084341787036897;0.8683528690542743;1.0;0.7840000000000006;12.0;1.0;1.0;0.7840000000000006;12.0;1.0;1.0;0.7840000000000006;12.0;1.0;Now
19:32:44 12/01/2020;Sunday;0.7816;0.7840000000000006;1.0;1.3084341787036897;0.8683528690542743;1.0;0.7840000000000006;12.0;1.0;1.0;0.7830000000000006;12.0;1.0;1.0;0.7840000000000006;12.0;1.0;Now
02:15:03 13/01/2020;Monday;0.781;0.7820000000000006;1.0;1.3091982279242511;0.8777917720759522;1.0;0.7820000000000006;12.0;1.0;1.0;0.7820000000000006;12.0;1.0;1.0;0.7820000000000006;12.0;1.0;Now
14:15:24 13/01/2020;Monday;0.7814;0.7820000000000006;1.0;1.3091982279242511;0.8777917720759522;0.8950925925925926;0.7820000000000006;10.741111111111111;0.8950925925925926;1.0;0.7826666666666672;12.0;1.0;0.8950925925925926;0.7820000000000006;10.741111111111111;0.8950925925925926;Now
19:41:55 13/01/2020;Monday;0.7817;0.7820000000000006;1.0;1.3091982279242511;0.8777917720759522;0.4415972222222222;0.7820000000000006;5.299166666666666;0.4415972222222222;1.0;0.7830000000000006;12.0;1.0;1.0;0.7830000000000006;12.0;1.0;Now
00:59:52 14/01/2020;Tuesday;0.7835;0.7840000000000006;1.0;1.3084341787036897;0.8683528690542743;1.0;0.7840000000000006;12.0;1.0;1.0;0.7840000000000006;12.0;1.0;1.0;0.7840000000000006;12.0;1.0;Now
08:34:07 14/01/2020;Tuesday;0.784;0.7840000000000006;1.0;1.3084341787036897;0.8683528690542743;0.45340277777777777;0.7840000000000006;5.440833333333333;0.45340277777777777;1.0;0.7856666666666673;12.0;1.0;0.9957407407407407;0.7850000000000006;11.948888888888888;0.9957407407407407;Now
14:00:34 14/01/2020;Tuesday;0.7854;0.7860000000000006;1.0;1.3076696830622019;0.8589084510425694;0.542337962962963;0.7860000000000006;6.508055555555556;0.542337962962963;1.0;0.7865000000000006;12.0;1.0;0.542337962962963;0.7860000000000006;6.508055555555556;0.542337962962963;Now
20:31:03 14/01/2020;Tuesday;0.7862;0.7870000000000006;1.0;1.3072872675888798;0.854184170892105;0.5967592592592592;0.7870000000000006;7.161111111111111;0.5967592592592592;1.0;0.7875000000000005;12.0;1.0;0.5967592592592592;0.7870000000000006;7.161111111111111;0.5967592592592592;Now
03:40:43 15/01/2020;Wednesday;0.788;0.7880000000000006;1.0;1.306904740216363;0.8494585083625744;1.0;0.7880000000000006;12.0;1.0;1.0;0.7880000000000006;12.0;1.0;1.0;0.7880000000000006;12.0;1.0;Now
09:41:58 15/01/2020;Wednesday;0.7866;0.7880000000000006;1.0;1.306904740216363;0.8494585083625744;1.0;0.7880000000000006;12.0;1.0;1.0;0.7880000000000006;12.0;1.0;1.0;0.7880000000000006;12.0;1.0;Now
14:51:19 15/01/2020;Wednesday;0.788;0.7880000000000006;1.0;1.306904740216363;0.8494585083625744;0.9662731481481481;0.7880000000000006;11.595277777777778;0.9662731481481481;1.0;0.788333333333334;12.0;1.0;0.9662731481481481;0.7880000000000006;11.595277777777778;0.9662731481481481;Now
19:44:34 15/01/2020;Wednesday;0.7872;0.7880000000000006;1.0;1.306904740216363;0.8494585083625744;0.5589814814814815;0.7880000000000006;6.707777777777777;0.5589814814814815;1.0;0.7885000000000006;12.0;1.0;0.5589814814814815;0.7880000000000006;6.707777777777777;0.5589814814814815;Now
02:27:02 16/01/2020;Thursday;0.7882;0.7890000000000006;1.0;1.306522100846365;0.84473146223977;1.0;0.7890000000000006;12.0;1.0;1.0;0.7890000000000006;12.0;1.0;1.0;0.7890000000000006;12.0;1.0;Now
07:45:12 16/01/2020;Thursday;0.7872;0.7890000000000006;1.0;1.306522100846365;0.84473146223977;1.0;0.7890000000000006;12.0;1.0;1.0;0.7885000000000006;12.0;1.0;1.0;0.7890000000000006;12.0;1.0;Now
14:27:55 16/01/2020;Thursday;0.7856;0.7880000000000006;1.0;1.306904740216363;0.8494585083625744;1.0;0.7880000000000006;12.0;1.0;1.0;0.7870000000000006;12.0;1.0;1.0;0.7880000000000006;12.0;1.0;Now
21:01:02 16/01/2020;Thursday;0.7858;0.7860000000000006;1.0;1.3076696830622019;0.8589084510425694;0.6040972222222222;0.7860000000000006;7.128888888888889;0.5940740740740741;1.0;0.7866666666666674;12.0;1.0;0.6040972222222222;0.7860000000000006;7.128888888888889;0.5940740740740741;Now
04:08:46 17/01/2020;Friday;0.7866;0.7870000000000006;1.0;1.3072872675888798;0.854184170892105;1.0;0.7870000000000006;12.0;1.0;1.0;0.7870000000000005;12.0;1.0;1.0;0.7870000000000006;12.0;1.0;Now
08:53:49 17/01/2020;Friday;0.7856;0.7870000000000006;1.0;1.3072872675888798;0.854184170892105;1.0;0.7870000000000006;12.0;1.0;1.0;0.7870000000000005;12.0;1.0;1.0;0.7870000000000006;12.0;1.0;Now
14:12:11 17/01/2020;Friday;0.7836;0.7870000000000006;1.0;1.3072872675888798;0.854184170892105;0.9539351851851852;0.7870000000000006;11.447222222222223;0.9539351851851852;1.0;0.787333333333334;12.0;1.0;0.9539351851851852;0.7870000000000006;11.447222222222223;0.9539351851851852;Now
20:45:35 17/01/2020;Friday;0.7865;0.7870000000000006;1.0;1.3072872675888798;0.854184170892105;0.5225694444444444;0.7870000000000006;4.890555555555555;0.4075462962962963;1.0;0.7876666666666673;12.0;1.0;1.0;0.7875000000000005;12.0;1.0;Now
01:39:01 18/01/2020;Saturday;0.7874;0.7880000000000006;1.0;1.306904740216363;0.8494585083625744;1.0;0.7880000000000006;12.0;1.0;1.0;0.7880000000000006;12.0;1.0;1.0;0.7880000000000006;12.0;1.0;Now
07:22:46 18/01/2020;Saturday;0.7865;0.7880000000000006;1.0;1.306904740216363;0.8494585083625744;1.0;0.7880000000000006;12.0;1.0;1.0;0.7876666666666673;12.0;1.0;1.0;0.7880000000000006;12.0;1.0;Now
12:15:59 18/01/2020;Saturday;0.7851;0.7880000000000006;1.0;1.306904740216363;0.8494585083625744;1.0;0.7880000000000006;12.0;1.0;1.0;0.7870000000000005;12.0;1.0;1.0;0.7875000000000005;12.0;1.0;Now
16:52:34 18/01/2020;Saturday;0.7832;0.7870000000000006;1.0;1.3072872675888798;0.854184170892105;1.0;0.7870000000000006;12.0;1.0;1.0;0.7865000000000006;12.0;1.0;1.0;0.7865000000000006;12.0;1.0;Now
22:44:57 18/01/2020;Saturday;0.7806;0.7860000000000006;1.0;1.3076696830622019;0.8589084510425694;1.0;0.7860000000000006;12.0;1.0;1.0;0.7835000000000005;12.0;1.0;1.0;0.7860000000000006;12.0;1.0;Now
05:17:40 19/01/2020;Sunday;0.7788;0.7810000000000006;1.0;1.3095800853708792;0.8825091584822624;1.0;0.7810000000000006;12.0;1.0;1.0;0.7800000000000006;12.0;1.0;1.0;0.7810000000000006;12.0;1.0;Now
11:43:56 19/01/2020;Sunday;0.7775;0.7790000000000006;1.0;1.3103434664239753;0.8919398071039121;1.0;0.7790000000000006;12.0;1.0;1.0;0.7783333333333339;12.0;1.0;1.0;0.7790000000000006;12.0;1.0;Now
17:26:58 19/01/2020;Sunday;0.7744;0.7780000000000006;1.0;1.3107249902248754;0.8966530717212264;1.0;0.7780000000000006;12.0;1.0;1.0;0.7780000000000006;12.0;1.0;1.0;0.7780000000000006;12.0;1.0;Now
22:28:10 19/01/2020;Sunday;0.7719;0.7780000000000006;1.0;1.3107249902248754;0.8966530717212264;1.0;0.7780000000000006;12.0;1.0;1.0;0.7750000000000006;12.0;1.0;1.0;0.7780000000000006;12.0;1.0;Now
05:44:18 20/01/2020;Monday;0.7687;0.7720000000000006;1.0;1.313011804973588;0.9249038991034992;1.0;0.7720000000000006;12.0;1.0;1.0;0.7700000000000006;12.0;1.0;1.0;0.7705000000000006;12.0;1.0;Now
11:10:40 20/01/2020;Monday;0.7676;0.7690000000000006;1.0;1.3141537200799607;0.939010877630513;1.0;0.7690000000000006;12.0;1.0;1.0;0.7690000000000006;12.0;1.0;1.0;0.7690000000000006;12.0;1.0;Now
17:20:06 20/01/2020;Monday;0.7665;0.7690000000000006;1.0;1.3141537200799607;0.939010877630513;1.0;0.7690000000000006;12.0;1.0;1.0;0.7676666666666673;12.0;1.0;1.0;0.7690000000000006;12.0;1.0;Now
23:37:33 20/01/2020;Monday;0.7634;0.7670000000000006;1.0;1.314914445886119;0.9484087238911777;1.0;0.7670000000000006;12.0;1.0;1.0;0.7655000000000006;12.0;1.0;1.0;0.7670000000000006;12.0;1.0;Now
04:13:08 21/01/2020;Tuesday;0.7621;0.7670000000000006;1.0;1.314914445886119;0.9484087238911777;1.0;0.7670000000000006;12.0;1.0;1.0;0.7645000000000006;12.0;1.0;1.0;0.7650000000000006;12.0;1.0;Now
05:30:22 21/01/2020;Tuesday;0.7621;0.7640000000000006;1.0;1.316054710108968;0.9624953077511168;1.0;0.7640000000000006;12.0;1.0;1.0;0.7636666666666673;12.0;1.0;1.0;0.7640000000000006;12.0;1.0;Now
09:31:41 21/01/2020;Tuesday;0.761;0.7640000000000006;1.0;1.316054710108968;0.9624953077511168;1.0;0.7640000000000006;12.0;1.0;1.0;0.7635000000000005;12.0;1.0;1.0;0.7635000000000005;12.0;1.0;Now
15:06:53 21/01/2020;Tuesday;0.7601;0.7630000000000006;1.0;1.3164345787011216;0.9671881242684679;1.0;0.7630000000000006;12.0;1.0;1.0;0.7625000000000006;12.0;1.0;1.0;0.7630000000000006;12.0;1.0;Now
21:36:33 21/01/2020;Tuesday;0.7614;0.7620000000000006;1.0;1.3168143377105215;0.9718795870235772;1.0;0.7620000000000006;12.0;1.0;1.0;0.7620000000000006;12.0;1.0;1.0;0.7620000000000006;12.0;1.0;Now
13:34:27 22/01/2020;Wednesday;0.7609;0.7610000000000006;1.0;1.317193987231949;0.9765696971873531;0.465162037037037;0.7610000000000006;5.581944444444445;0.465162037037037;1.0;0.7625000000000006;12.0;1.0;1.0;0.7625000000000006;12.0;1.0;Now
19:09:22 22/01/2020;Wednesday;0.7632;0.7640000000000006;1.0;1.316054710108968;0.9624953077511168;1.0;0.7640000000000006;12.0;1.0;1.0;0.7640000000000006;12.0;1.0;1.0;0.7640000000000006;12.0;1.0;Now
02:08:23 23/01/2020;Thursday;0.7626;0.7640000000000006;1.0;1.316054710108968;0.9624953077511168;1.0;0.7640000000000006;12.0;1.0;1.0;0.7635000000000005;12.0;1.0;1.0;0.7640000000000006;12.0;1.0;Now
09:07:23 23/01/2020;Thursday;0.7629;0.7630000000000006;1.0;1.3164345787011216;0.9671881242684679;1.0;0.7630000000000006;12.0;1.0;1.0;0.7630000000000006;12.0;1.0;1.0;0.7630000000000006;12.0;1.0;Now
14:33:44 23/01/2020;Thursday;0.7622;0.7630000000000006;1.0;1.3164345787011216;0.9671881242684679;1.0;0.7630000000000006;12.0;1.0;1.0;0.7630000000000006;12.0;1.0;1.0;0.7630000000000006;12.0;1.0;Now
01:26:39 24/01/2020;Friday;0.7626;0.7630000000000006;1.0;1.3164345787011216;0.9671881242684679;1.0;0.7630000000000006;12.0;1.0;1.0;0.7630000000000006;12.0;1.0;1.0;0.7630000000000006;12.0;1.0;Now
07:09:59 24/01/2020;Friday;0.762;0.7630000000000006;1.0;1.3164345787011216;0.9671881242684679;1.0;0.7630000000000006;12.0;1.0;1.0;0.7625000000000006;12.0;1.0;1.0;0.7630000000000006;12.0;1.0;Now
14:26:20 24/01/2020;Friday;0.7604;0.7620000000000006;1.0;1.3168143377105215;0.9718795870235772;1.0;0.7620000000000006;12.0;1.0;1.0;0.7615000000000005;12.0;1.0;1.0;0.7620000000000006;12.0;1.0;Now
21:58:01 24/01/2020;Friday;0.7575;0.7610000000000006;1.0;1.317193987231949;0.9765696971873531;1.0;0.7610000000000006;12.0;1.0;1.0;0.7590000000000005;12.0;1.0;1.0;0.7610000000000006;12.0;1.0;Now
04:23:35 25/01/2020;Saturday;0.7576;0.7580000000000006;1.0;1.3183322798141597;0.9906319238144391;1.0;0.7580000000000006;12.0;1.0;1.0;0.7580000000000006;12.0;1.0;1.0;0.7580000000000006;12.0;1.0;Now
09:09:23 25/01/2020;Saturday;0.7572;0.7580000000000006;1.0;1.3183322798141597;0.9906319238144391;1.0;0.7580000000000006;12.0;1.0;1.0;0.7580000000000006;12.0;1.0;1.0;0.7580000000000006;12.0;1.0;Now
19:53:50 25/01/2020;Saturday;0.756;0.7580000000000006;1.0;1.3183322798141597;0.9906319238144391;1.0;0.7580000000000006;12.0;1.0;1.0;0.7573333333333339;12.0;1.0;1.0;0.7580000000000006;12.0;1.0;Now
02:19:16 26/01/2020;Sunday;0.7563;0.7570000000000006;1.0;1.3187114923287806;0.9953166352882411;1.0;0.7570000000000006;12.0;1.0;1.0;0.7570000000000006;12.0;1.0;1.0;0.7570000000000006;12.0;1.0;Now
07:03:54 26/01/2020;Sunday;0.7566;0.7570000000000006;1.0;1.3187114923287806;0.9953166352882411;1.0;0.7570000000000006;12.0;1.0;1.0;0.7570000000000006;12.0;1.0;1.0;0.7570000000000006;12.0;1.0;Now
12:39:32 26/01/2020;Sunday;0.7564;0.7570000000000006;1.0;1.3187114923287806;0.9953166352882411;1.0;0.7570000000000006;12.0;1.0;1.0;0.7570000000000006;12.0;1.0;1.0;0.7570000000000006;12.0;1.0;Now
18:56:47 26/01/2020;Sunday;0.7555;0.7570000000000006;1.0;1.3187114923287806;0.9953166352882411;1.0;0.7570000000000006;12.0;1.0;1.0;0.756333333333334;12.0;1.0;1.0;0.7570000000000006;12.0;1.0;Now
00:48:32 27/01/2020;Monday;0.7548;0.7560000000000006;1.0;1.3190905958272916;1.0;1.0;0.7560000000000006;12.0;1.0;1.0;0.7560000000000006;12.0;1.0;1.0;0.7560000000000006;12.0;1.0;Now
05:58:33 27/01/2020;Monday;0.755;0.7560000000000006;1.0;1.3190905958272916;1.0;0.6281712962962963;0.7560000000000006;7.538055555555555;0.6281712962962963;1.0;0.7565000000000006;12.0;1.0;0.6281712962962963;0.7560000000000006;7.538055555555555;0.6281712962962963;Now
13:30:50 27/01/2020;Monday;0.7569;0.7570000000000006;1.0;1.3187114923287806;0.9953166352882411;0.5002314814814814;0.7570000000000006;6.002777777777778;0.5002314814814814;1.0;0.7586666666666672;12.0;1.0;0.5002314814814814;0.7570000000000006;6.002777777777778;0.5002314814814814;Now
19:31:00 27/01/2020;Monday;0.7584;0.7590000000000006;1.0;1.3179529581893277;0.9859458644160879;0.46622685185185186;0.7590000000000006;5.594722222222222;0.46622685185185186;1.0;0.7603333333333339;12.0;1.0;0.46622685185185186;0.7590000000000006;5.594722222222222;0.46622685185185186;Now
01:06:41 28/01/2020;Tuesday;0.7597;0.7600000000000006;1.0;1.317573527360048;0.9812584559290083;0.43037037037037035;0.7600000000000006;5.164444444444444;0.43037037037037035;1.0;0.7613333333333339;12.0;1.0;1.0;0.7610000000000006;12.0;1.0;Now
06:16:33 28/01/2020;Tuesday;0.7611;0.7620000000000006;1.0;1.3168143377105215;0.9718795870235772;1.0;0.7620000000000006;12.0;1.0;1.0;0.7620000000000006;12.0;1.0;1.0;0.7620000000000006;12.0;1.0;Now
12:33:23 28/01/2020;Tuesday;0.7617;0.7620000000000006;1.0;1.3168143377105215;0.9718795870235772;0.570625;0.7620000000000006;6.8475;0.570625;1.0;0.7625000000000006;12.0;1.0;0.570625;0.7620000000000006;6.8475;0.570625;Now
19:24:14 28/01/2020;Tuesday;0.7627;0.7630000000000006;1.0;1.3164345787011216;0.9671881242684679;0.5235185185185185;0.7630000000000006;6.282222222222222;0.5235185185185185;1.0;0.7646666666666673;12.0;1.0;0.5235185185185185;0.7630000000000006;6.282222222222222;0.5235185185185185;Now
01:41:10 29/01/2020;Wednesday;0.7645;0.7650000000000006;1.0;1.3156747318391424;0.9578011362989262;0.39564814814814814;0.7650000000000006;4.747777777777777;0.39564814814814814;1.0;0.7663333333333339;12.0;1.0;0.8843287037037038;0.7655000000000005;10.611944444444445;0.8843287037037038;Now
06:26:02 29/01/2020;Wednesday;0.7658;0.7660000000000006;1.0;1.3152946437965904;0.9531056087376111;0.48868055555555556;0.7660000000000006;5.864166666666667;0.48868055555555556;1.0;0.7670000000000006;12.0;1.0;1.0;0.7670000000000006;12.0;1.0;Now
12:17:53 29/01/2020;Wednesday;0.7674;0.7680000000000006;1.0;1.3145341380123985;0.9437104805819425;0.5943981481481482;0.7680000000000006;7.132777777777778;0.5943981481481482;1.0;0.7690000000000006;12.0;1.0;0.5943981481481482;0.7680000000000006;7.132777777777778;0.5943981481481482;Now
19:25:51 29/01/2020;Wednesday;0.7692;0.7700000000000006;1.0;1.3137731919931992;0.9343099138557878;0.5808101851851852;0.7700000000000006;6.969722222222222;0.5808101851851852;1.0;0.7710000000000006;12.0;1.0;0.5808101851851852;0.7700000000000006;6.969722222222222;0.5808101851851852;Now
02:24:02 30/01/2020;Thursday;0.7718;0.7720000000000006;1.0;1.313011804973588;0.9249038991034992;0.4882175925925926;0.7720000000000006;5.858611111111111;0.4882175925925926;1.0;0.7730000000000006;12.0;1.0;1.0;0.7730000000000006;12.0;1.0;Now
08:15:33 30/01/2020;Thursday;0.7734;0.7740000000000006;1.0;1.3122499761859399;0.9154924268420014;1.0;0.7740000000000006;12.0;1.0;1.0;0.7740000000000006;12.0;1.0;1.0;0.7740000000000006;12.0;1.0;Now
14:49:36 30/01/2020;Thursday;0.7739;0.7740000000000006;1.0;1.3122499761859399;0.9154924268420014;0.4897916666666667;0.7740000000000006;5.8775;0.4897916666666667;1.0;0.7746666666666672;12.0;1.0;0.4897916666666667;0.7740000000000006;5.8775;0.4897916666666667;Now
20:42:15 30/01/2020;Thursday;0.7748;0.7750000000000006;1.0;1.3118688958886096;0.9107846411743058;0.6046527777777778;0.7750000000000006;7.255833333333333;0.6046527777777778;1.0;0.7760000000000006;12.0;1.0;0.6046527777777778;0.7750000000000006;7.255833333333333;0.6046527777777778;Now
01:12:12 31/01/2020;Friday;0.7748;0.7750000000000006;1.0;1.3118688958886096;0.9107846411743058;0.22972222222222222;0.7750000000000006;2.756666666666667;0.22972222222222222;1.0;0.7776666666666673;12.0;1.0;0.8580324074074074;0.7765000000000006;10.296388888888888;0.8580324074074074;Now
03:57:36 31/01/2020;Friday;0.778;0.7780000000000006;1.0;1.3107249902248754;0.8966530717212264;0.6283101851851852;0.7780000000000006;7.539722222222222;0.6283101851851852;1.0;0.7790000000000006;12.0;1.0;0.6283101851851852;0.7780000000000006;7.539722222222222;0.6283101851851852;Now
11:29:59 31/01/2020;Friday;0.7795;0.7800000000000006;1.0;1.309961831505025;0.8872251697576287;1.0;0.7800000000000006;12.0;1.0;1.0;0.7800000000000006;12.0;1.0;1.0;0.7800000000000006;12.0;1.0;Now
17:46:51 31/01/2020;Friday;0.7797;0.7800000000000006;1.0;1.309961831505025;0.8872251697576287;1.0;0.7800000000000006;12.0;1.0;1.0;0.7800000000000006;12.0;1.0;1.0;0.7800000000000006;12.0;1.0;Now
17:46:51 31/01/2020;Friday;0.7797;0.7800000000000006;1.0;1.309961831505025;0.8872251697576287;1.0;0.7800000000000006;12.0;1.0;1.0;0.7800000000000006;12.0;1.0;1.0;0.7800000000000006;12.0;1.0;Now
00:12:31 01/02/2020;Saturday;0.7798;0.7800000000000006;1.0;1.309961831505025;0.8872251697576287;0.5707638888888888;0.7800000000000006;6.849166666666667;0.5707638888888888;1.0;0.7805000000000006;12.0;1.0;0.5707638888888888;0.7800000000000006;6.849166666666667;0.5707638888888888;Now
07:03:28 01/02/2020;Saturday;0.7805;0.7810000000000006;1.0;1.3095800853708792;0.8825091584822624;0.5229398148148148;0.7810000000000006;6.275277777777778;0.5229398148148148;1.0;0.7815000000000005;12.0;1.0;0.5229398148148148;0.7810000000000006;6.275277777777778;0.5229398148148148;Now
13:19:59 01/02/2020;Saturday;0.7812;0.7820000000000006;1.0;1.3091982279242511;0.8777917720759522;1.0;0.7820000000000006;12.0;1.0;1.0;0.7820000000000006;12.0;1.0;1.0;0.7820000000000006;12.0;1.0;Now
19:14:12 01/02/2020;Saturday;0.7812;0.7820000000000006;1.0;1.3091982279242511;0.8777917720759522;0.6730555555555555;0.7820000000000006;8.076666666666666;0.6730555555555555;1.0;0.7825000000000006;12.0;1.0;0.6730555555555555;0.7820000000000006;8.076666666666666;0.6730555555555555;Now
03:18:48 02/02/2020;Sunday;0.7822;0.7830000000000006;1.0;1.3088162590677117;0.8730730093350811;0.5702546296296296;0.7830000000000006;6.843055555555556;0.5702546296296296;1.0;0.7835000000000005;12.0;1.0;0.5702546296296296;0.7830000000000006;6.843055555555556;0.5702546296296296;Now
10:09:23 02/02/2020;Sunday;0.7834;0.7840000000000006;1.0;1.3084341787036897;0.8683528690542743;1.0;0.7840000000000006;12.0;1.0;1.0;0.7840000000000006;12.0;1.0;1.0;0.7840000000000006;12.0;1.0;Now
16:59:31 02/02/2020;Sunday;0.7835;0.7840000000000006;1.0;1.3084341787036897;0.8683528690542743;1.0;0.7840000000000006;12.0;1.0;1.0;0.7840000000000006;12.0;1.0;1.0;0.7840000000000006;12.0;1.0;Now
23:41:11 02/02/2020;Sunday;0.784;0.7840000000000006;1.0;1.3084341787036897;0.8683528690542743;1.0;0.7840000000000006;12.0;1.0;1.0;0.7840000000000006;12.0;1.0;1.0;0.7840000000000006;12.0;1.0;Now
06:31:36 03/02/2020;Monday;0.7838;0.7840000000000006;1.0;1.3084341787036897;0.8683528690542743;0.9548148148148148;0.7840000000000006;11.457777777777778;0.9548148148148148;1.0;0.7843333333333339;12.0;1.0;0.9548148148148148;0.7840000000000006;11.457777777777778;0.9548148148148148;Now
12:32:08 03/02/2020;Monday;0.7837;0.7840000000000006;1.0;1.3084341787036897;0.8683528690542743;0.4540740740740741;0.7840000000000006;5.448888888888889;0.4540740740740741;1.0;0.7856666666666673;12.0;1.0;0.4540740740740741;0.7840000000000006;5.448888888888889;0.4540740740740741;Now
17:59:04 03/02/2020;Monday;0.7845;0.7850000000000006;1.0;1.308051986734472;0.8636313500264038;0.44233796296296296;0.7850000000000006;5.308055555555556;0.44233796296296296;1.0;0.7870000000000007;12.0;1.0;0.44233796296296296;0.7850000000000006;5.308055555555556;0.44233796296296296;Now
23:17:33 03/02/2020;Monday;0.7876;0.7880000000000006;1.0;1.306904740216363;0.8494585083625744;0.9194907407407408;0.7880000000000006;11.033888888888889;0.9194907407407408;1.0;0.7886666666666673;12.0;1.0;0.9194907407407408;0.7880000000000006;11.033888888888889;0.9194907407407408;Now
04:19:22 04/02/2020;Tuesday;0.7879;0.7880000000000006;1.0;1.306904740216363;0.8494585083625744;0.5003009259259259;0.7880000000000006;6.003611111111111;0.5003009259259259;1.0;0.7890000000000006;12.0;1.0;0.5003009259259259;0.7880000000000006;6.003611111111111;0.5003009259259259;Now
10:19:35 04/02/2020;Tuesday;0.7896;0.7900000000000006;1.0;1.3061393493804554;0.8400030313077009;1.0;0.7900000000000006;12.0;1.0;1.0;0.7900000000000006;12.0;1.0;1.0;0.7900000000000006;12.0;1.0;Now
17:51:40 04/02/2020;Tuesday;0.7899;0.7900000000000006;1.0;1.3061393493804554;0.8400030313077009;0.5853472222222222;0.7900000000000006;7.024166666666667;0.5853472222222222;1.0;0.7915000000000005;12.0;1.0;0.5853472222222222;0.7900000000000006;7.024166666666667;0.5853472222222222;Now
00:53:07 05/02/2020;Wednesday;0.793;0.7930000000000006;1.0;1.3049904214207855;0.825809417469249;0.5479166666666667;0.7930000000000006;6.575;0.5479166666666667;1.0;0.7945000000000007;12.0;1.0;0.5479166666666667;0.7930000000000006;6.575;0.5479166666666667;Now
07:27:37 05/02/2020;Wednesday;0.7951;0.7960000000000006;1.0;1.3038404810405295;0.8116032964002791;0.6270833333333333;0.7960000000000006;7.525;0.6270833333333333;1.0;0.7970000000000006;12.0;1.0;0.6270833333333333;0.7960000000000006;7.525;0.6270833333333333;Now
14:59:07 05/02/2020;Wednesday;0.7972;0.7980000000000006;1.0;1.3030732903409536;0.8021255842090289;0.5592361111111112;0.7980000000000006;6.710833333333333;0.5592361111111112;1.0;0.8005000000000007;12.0;1.0;0.5592361111111112;0.7980000000000006;6.710833333333333;0.5592361111111112;Now
21:41:46 05/02/2020;Wednesday;0.8023;0.8030000000000006;1.0;1.3011533345459325;0.7784068550127642;0.4878240740740741;0.8030000000000006;5.853888888888889;0.4878240740740741;1.0;0.8055000000000005;12.0;1.0;1.0;0.8055000000000005;12.0;1.0;Now
03:33:00 06/02/2020;Thursday;0.8075;0.8080000000000006;1.0;1.2992305415129368;0.7546530751766052;0.9316203703703704;0.8080000000000006;11.179444444444444;0.9316203703703704;1.0;0.8095000000000006;12.0;1.0;0.9316203703703704;0.8080000000000006;11.179444444444444;0.9316203703703704;Now
14:43:46 06/02/2020;Thursday;0.8104;0.8110000000000006;1.0;1.2980754985747167;0.7403839181820823;0.6104861111111111;0.8110000000000006;7.325833333333334;0.6104861111111111;1.0;0.8120000000000006;12.0;1.0;0.6104861111111111;0.8110000000000006;7.325833333333334;0.6104861111111111;Now
22:03:19 06/02/2020;Thursday;0.8123;0.8130000000000006;1.0;1.2973048986263789;0.730864088850241;1.0;0.8130000000000006;12.0;1.0;1.0;0.8130000000000006;12.0;1.0;1.0;0.8130000000000006;12.0;1.0;Now
05:04:24 07/02/2020;Friday;0.8087;0.8130000000000006;1.0;1.2973048986263789;0.730864088850241;1.0;0.8130000000000006;12.0;1.0;1.0;0.8110000000000006;12.0;1.0;1.0;0.8110000000000006;12.0;1.0;Now
10:39:26 07/02/2020;Friday;0.8085;0.8090000000000006;1.0;1.2988456413292533;0.7498980994380717;0.5354398148148148;0.8090000000000006;6.425277777777778;0.5354398148148148;1.0;0.8095000000000006;12.0;1.0;0.5354398148148148;0.8090000000000006;6.425277777777778;0.5354398148148148;Now
17:04:57 07/02/2020;Friday;0.8099;0.8100000000000006;1.0;1.2984606270503545;0.745141714191298;0.5115972222222223;0.8100000000000006;6.139166666666667;0.5115972222222223;1.0;0.8120000000000006;12.0;1.0;0.5115972222222223;0.8100000000000006;6.139166666666667;0.5115972222222223;Now
23:13:18 07/02/2020;Friday;0.8138;0.8140000000000006;1.0;1.2969194269498778;0.7261020530099013;0.5463194444444445;0.8140000000000006;6.555833333333333;0.5463194444444445;1.0;0.8150000000000007;12.0;1.0;0.5463194444444445;0.8140000000000006;6.555833333333333;0.5463194444444445;Now
05:46:39 08/02/2020;Saturday;0.8143;0.8150000000000006;1.0;1.2965338406690352;0.7213386013716826;0.3954398148148148;0.8150000000000006;4.745277777777778;0.3954398148148148;1.0;0.8156666666666673;12.0;1.0;1.0;0.8155000000000006;12.0;1.0;Now
10:31:22 08/02/2020;Saturday;0.8154;0.8160000000000006;1.0;1.2961481396815717;0.7165737326720478;1.0;0.8160000000000006;12.0;1.0;1.0;0.8160000000000006;12.0;1.0;1.0;0.8160000000000006;12.0;1.0;Now
16:39:59 08/02/2020;Saturday;0.8153;0.8160000000000006;1.0;1.2961481396815717;0.7165737326720478;1.0;0.8160000000000006;12.0;1.0;1.0;0.8160000000000006;12.0;1.0;1.0;0.8160000000000006;12.0;1.0;Now
23:14:26 08/02/2020;Saturday;0.8151;0.8160000000000006;1.0;1.2961481396815717;0.7165737326720478;1.0;0.8160000000000006;12.0;1.0;1.0;0.8160000000000006;12.0;1.0;1.0;0.8160000000000006;12.0;1.0;Now
06:47:03 09/02/2020;Sunday;0.815;0.8160000000000006;1.0;1.2961481396815717;0.7165737326720478;0.44168981481481484;0.8160000000000006;5.300277777777778;0.44168981481481484;1.0;0.8166666666666673;12.0;1.0;0.44168981481481484;0.8160000000000006;5.300277777777778;0.44168981481481484;Now
12:05:04 09/02/2020;Sunday;0.8165;0.8170000000000006;1.0;1.2957623238850555;0.7118074456455759;1.0;0.8170000000000006;12.0;1.0;1.0;0.8170000000000006;12.0;1.0;1.0;0.8170000000000006;12.0;1.0;Now
17:15:35 09/02/2020;Sunday;0.8163;0.8170000000000006;1.0;1.2957623238850555;0.7118074456455759;1.0;0.8170000000000006;12.0;1.0;1.0;0.8170000000000006;12.0;1.0;1.0;0.8170000000000006;12.0;1.0;Now
06:06:10 10/02/2020;Monday;0.8172;0.8180000000000006;1.0;1.2953763931769018;0.7070397390249553;1.0;0.8180000000000006;12.0;1.0;1.0;0.8180000000000006;12.0;1.0;1.0;0.8180000000000006;12.0;1.0;Now
17:07:35 10/02/2020;Monday;0.818;0.8180000000000006;1.0;1.2953763931769018;0.7070397390249553;1.0;0.8180000000000006;12.0;1.0;1.0;0.8180000000000006;12.0;1.0;1.0;0.8180000000000006;12.0;1.0;Now
00:22:56 11/02/2020;Tuesday;0.8178;0.8180000000000006;1.0;1.2953763931769018;0.7070397390249553;0.5705787037037037;0.8180000000000006;6.8469444444444445;0.5705787037037037;1.0;0.8186666666666674;12.0;1.0;0.5705787037037037;0.8180000000000006;6.8469444444444445;0.5705787037037037;Now
07:13:45 11/02/2020;Tuesday;0.8185;0.8190000000000006;1.0;1.2949903474543736;0.7022706115409957;1.0;0.8190000000000006;12.0;1.0;1.0;0.8190000000000005;12.0;1.0;1.0;0.8190000000000006;12.0;1.0;Now
07:26:00 11/02/2020;Tuesday;0.8185;0.8190000000000006;1.0;1.2949903474543736;0.7022706115409957;1.0;0.8190000000000006;12.0;1.0;1.0;0.8190000000000005;12.0;1.0;1.0;0.8190000000000006;12.0;1.0;Now
13:13:48 11/02/2020;Tuesday;0.8179;0.8190000000000006;1.0;1.2949903474543736;0.7022706115409957;1.0;0.8190000000000006;12.0;1.0;1.0;0.8190000000000006;12.0;1.0;1.0;0.8190000000000006;12.0;1.0;Now
19:14:47 11/02/2020;Tuesday;0.819;0.8190000000000006;1.0;1.2949903474543736;0.7022706115409957;0.6276157407407408;0.8190000000000006;7.5313888888888885;0.6276157407407408;1.0;0.8205000000000007;12.0;1.0;0.6276157407407408;0.8190000000000006;7.5313888888888885;0.6276157407407408;Now
02:46:40 12/02/2020;Wednesday;0.8215;0.8220000000000006;1.0;1.2938315191708694;0.6879546911887219;0.512662037037037;0.8220000000000006;6.151944444444444;0.512662037037037;1.0;0.8230000000000006;12.0;1.0;0.512662037037037;0.8220000000000006;6.151944444444444;0.512662037037037;Now
08:55:47 12/02/2020;Wednesday;0.8238;0.8240000000000006;1.0;1.2930583900195687;0.6784036166165925;0.5351851851851852;0.8240000000000006;6.4222222222222225;0.5351851851851852;1.0;0.8250000000000006;12.0;1.0;0.5351851851851852;0.8240000000000006;6.4222222222222225;0.5351851851851852;Now
15:21:07 12/02/2020;Wednesday;0.826;0.8260000000000006;1.0;1.2922847983320083;0.6688468279690054;0.58125;0.8260000000000006;6.975;0.58125;1.0;0.8275000000000006;12.0;1.0;0.58125;0.8260000000000006;6.975;0.58125;Now
22:19:37 12/02/2020;Wednesday;0.8283;0.8290000000000006;1.0;1.2911235417263522;0.6545009086367191;0.4659490740740741;0.8290000000000006;5.591388888888889;0.4659490740740741;1.0;0.8316666666666673;12.0;1.0;0.4659490740740741;0.8290000000000006;5.591388888888889;0.4659490740740741;Now
03:55:06 13/02/2020;Thursday;0.8311;0.8320000000000006;1.0;1.2899612397277676;0.6401420747405437;0.4535648148148148;0.8320000000000006;5.442777777777778;0.4535648148148148;1.0;0.8340000000000006;12.0;1.0;0.9546296296296296;0.8330000000000006;11.455555555555556;0.9546296296296296;Now
09:21:40 13/02/2020;Thursday;0.8335;0.8340000000000006;1.0;1.2891857895586654;0.6305623268037274;0.5010648148148148;0.8340000000000006;6.012777777777778;0.5010648148148148;1.0;0.8360000000000006;12.0;1.0;0.5010648148148148;0.8340000000000006;6.012777777777778;0.5010648148148148;Now
15:22:26 13/02/2020;Thursday;0.8359;0.8360000000000006;1.0;1.2884098726725122;0.620976813142839;0.3950694444444444;0.8360000000000006;4.740833333333334;0.3950694444444444;1.0;0.8375000000000006;12.0;1.0;0.3950694444444444;0.8360000000000006;4.740833333333334;0.3950694444444444;Now
20:06:53 13/02/2020;Thursday;0.8374;0.8380000000000006;1.0;1.2876334882255895;0.6113855233347595;0.9891898148148148;0.8380000000000006;11.870277777777778;0.9891898148148148;1.0;0.8385000000000007;12.0;1.0;0.9891898148148148;0.8380000000000006;11.870277777777778;0.9891898148148148;Now
00:51:36 14/02/2020;Friday;0.8377;0.8380000000000006;1.0;1.2876334882255895;0.6113855233347595;0.59375;0.8380000000000006;7.125;0.59375;1.0;0.8386666666666672;12.0;1.0;0.59375;0.8380000000000006;7.125;0.59375;Now
01:39:43 14/02/2020;Friday;0.8377;0.8380000000000006;1.0;1.2876334882255895;0.6113855233347595;0.5269212962962962;0.8380000000000006;6.323055555555555;0.5269212962962962;1.0;0.8390000000000006;12.0;1.0;0.5269212962962962;0.8380000000000006;6.323055555555555;0.5269212962962962;Now
07:59:06 14/02/2020;Friday;0.8395;0.8400000000000006;1.0;1.2868566353716326;0.601788446924911;0.5821527777777777;0.8400000000000006;6.985833333333333;0.5821527777777777;1.0;0.8410000000000006;12.0;1.0;0.5821527777777777;0.8400000000000006;6.985833333333333;0.5821527777777777;Now
14:58:15 14/02/2020;Friday;0.8411;0.8420000000000006;1.0;1.286079313261822;0.592185573427157;1.0;0.8420000000000006;12.0;1.0;1.0;0.8420000000000006;12.0;1.0;1.0;0.8420000000000006;12.0;1.0;Now
21:32:32 14/02/2020;Friday;0.8394;0.8420000000000006;1.0;1.286079313261822;0.592185573427157;1.0;0.8420000000000006;12.0;1.0;1.0;0.8415000000000006;12.0;1.0;1.0;0.8415000000000006;12.0;1.0;Now
03:15:58 15/02/2020;Saturday;0.8406;0.8410000000000006;1.0;1.2864680330268605;0.5969877354686445;0.6023148148148149;0.8410000000000006;7.227777777777778;0.6023148148148149;1.0;0.8415000000000006;12.0;1.0;0.6023148148148149;0.8410000000000006;7.227777777777778;0.6023148148148149;Now
10:29:38 15/02/2020;Saturday;0.8418;0.8420000000000006;1.0;1.286079313261822;0.592185573427157;1.0;0.8420000000000006;12.0;1.0;1.0;0.8420000000000006;12.0;1.0;1.0;0.8420000000000006;12.0;1.0;Now
17:20:33 15/02/2020;Saturday;0.8411;0.8420000000000006;1.0;1.286079313261822;0.592185573427157;1.0;0.8420000000000006;12.0;1.0;1.0;0.8420000000000006;12.0;1.0;1.0;0.8420000000000006;12.0;1.0;Now
22:47:07 15/02/2020;Saturday;0.8404;0.8420000000000006;1.0;1.286079313261822;0.592185573427157;1.0;0.8420000000000006;12.0;1.0;1.0;0.8416666666666673;12.0;1.0;1.0;0.8420000000000006;12.0;1.0;Now
04:05:39 16/02/2020;Sunday;0.84;0.8420000000000006;1.0;1.286079313261822;0.592185573427157;1.0;0.8420000000000006;12.0;1.0;1.0;0.8416666666666672;12.0;1.0;0.9418981481481481;0.8415000000000006;11.302777777777777;0.9418981481481481;Now
09:07:16 16/02/2020;Sunday;0.8406;0.8410000000000006;1.0;1.2864680330268605;0.5969877354686445;0.5229861111111112;0.8410000000000006;6.275833333333333;0.5229861111111112;1.0;0.8415000000000006;12.0;1.0;0.5229861111111112;0.8410000000000006;6.275833333333333;0.5229861111111112;Now
15:23:49 16/02/2020;Sunday;0.8412;0.8420000000000006;1.0;1.286079313261822;0.592185573427157;0.4890277777777778;0.8420000000000006;5.868333333333333;0.4890277777777778;1.0;0.8432500000000007;12.0;1.0;0.4890277777777778;0.8420000000000006;5.868333333333333;0.4890277777777778;Now
21:15:55 16/02/2020;Sunday;0.843;0.8430000000000006;1.0;1.2856904759700134;0.5873819594847247;0.46534722222222225;0.8430000000000006;5.5841666666666665;0.46534722222222225;1.0;0.8436666666666673;12.0;1.0;1.0;0.8440000000000006;12.0;1.0;Now
02:40:58 17/02/2020;Monday;0.843;0.8430000000000006;1.0;1.2856904759700134;0.5873819594847247;0.013888888888888888;0.8430000000000006;0.16666666666666666;0.013888888888888888;1.0;0.8460000000000006;12.0;1.0;0.5611342592592593;0.8440000000000006;6.733611111111111;0.5611342592592593;Now
02:50:58 17/02/2020;Monday;0.8449;0.8450000000000006;1.0;1.2849124483792658;0.5777703706241789;0.5472453703703704;0.8450000000000006;6.566944444444444;0.5472453703703704;1.0;0.8475000000000006;12.0;1.0;0.5472453703703704;0.8450000000000006;6.566944444444444;0.5472453703703704;Now
09:24:59 17/02/2020;Monday;0.8492;0.8500000000000006;1.0;1.2829653151975697;0.553715897721483;0.49953703703703706;0.8500000000000006;5.9944444444444445;0.49953703703703706;1.0;0.8505000000000007;12.0;1.0;1.0;0.8505000000000007;12.0;1.0;Now
15:24:39 17/02/2020;Monday;0.851;0.8510000000000006;1.0;1.2825755338380658;0.5489006209657364;0.5597916666666667;0.8510000000000006;6.7175;0.5597916666666667;1.0;0.8515000000000006;12.0;1.0;0.5597916666666667;0.8510000000000006;6.7175;0.5597916666666667;Now
22:07:42 17/02/2020;Monday;0.8511;0.8520000000000006;1.0;1.2821856339859683;0.5440838803774658;0.46446759259259257;0.8520000000000006;5.573611111111111;0.46446759259259257;1.0;0.8530000000000006;12.0;1.0;1.0;0.8530000000000006;12.0;1.0;Now
03:42:07 18/02/2020;Tuesday;0.8533;0.8540000000000006;1.0;1.2814054783713076;0.5344460023580505;0.5702314814814815;0.8540000000000006;6.842777777777778;0.5702314814814815;1.0;0.8560000000000006;12.0;1.0;0.5702314814814815;0.8540000000000006;6.842777777777778;0.5702314814814815;Now
10:32:41 18/02/2020;Tuesday;0.8569;0.8570000000000007;1.0;1.2802343535462557;0.5199781731234078;0.5241203703703704;0.8570000000000007;6.289444444444444;0.5241203703703704;1.0;0.8607500000000006;12.0;1.0;0.5241203703703704;0.8570000000000007;6.289444444444444;0.5241203703703704;Now
15:39:46 18/02/2020;Tuesday;0.8569;0.8570000000000007;1.0;1.2802343535462557;0.5199781731234078;0.09761574074074074;0.8570000000000007;1.1713888888888888;0.09761574074074074;1.0;0.8620000000000007;12.0;1.0;0.5627546296296296;0.8595000000000006;6.753055555555555;0.5627546296296296;Now
16:50:03 18/02/2020;Tuesday;0.862;0.8620000000000007;1.0;1.2782800945019834;0.495835668816461;0.4651388888888889;0.8620000000000007;5.581666666666667;0.4651388888888889;1.0;0.8645000000000007;12.0;1.0;1.0;0.8645000000000007;12.0;1.0;Now
22:24:57 18/02/2020;Tuesday;0.8665;0.8670000000000007;1.0;1.2763228431709586;0.4716561984296979;0.5583564814814815;0.8670000000000007;6.700277777777778;0.5583564814814815;1.0;0.8680000000000007;12.0;1.0;0.5583564814814815;0.8670000000000007;6.700277777777778;0.5583564814814815;Now
05:06:58 19/02/2020;Wednesday;0.869;0.8690000000000007;1.0;1.2755391017134674;0.4619740216637927;1.0;0.8690000000000007;12.0;1.0;1.0;0.8690000000000007;12.0;1.0;1.0;0.8690000000000007;12.0;1.0;Now
12:22:28 19/02/2020;Wednesday;0.8679;0.8690000000000007;1.0;1.2755391017134674;0.4619740216637927;0.6096064814814814;0.8690000000000007;7.315277777777778;0.6096064814814814;1.0;0.8695000000000006;12.0;1.0;0.6096064814814814;0.8690000000000007;7.315277777777778;0.6096064814814814;Now
19:41:23 19/02/2020;Wednesday;0.8693;0.8700000000000007;1.0;1.2751470503436062;0.4571307016785739;1.0;0.8700000000000007;12.0;1.0;1.0;0.8700000000000007;12.0;1.0;1.0;0.8700000000000007;12.0;1.0;Now
01:09:55 20/02/2020;Thursday;0.8699;0.8700000000000007;1.0;1.2751470503436062;0.4571307016785739;1.0;0.8700000000000007;12.0;1.0;1.0;0.8700000000000007;12.0;1.0;1.0;0.8700000000000007;12.0;1.0;Now
07:43:47 20/02/2020;Thursday;0.8688;0.8700000000000007;1.0;1.2751470503436062;0.4571307016785739;1.0;0.8700000000000007;12.0;1.0;1.0;0.8695000000000006;12.0;1.0;1.0;0.8700000000000007;12.0;1.0;Now
14:51:10 20/02/2020;Thursday;0.8671;0.8690000000000007;1.0;1.2755391017134674;0.4619740216637927;0.628125;0.8690000000000007;7.5375;0.628125;1.0;0.8705000000000007;12.0;1.0;0.628125;0.8690000000000007;7.5375;0.628125;Now
22:23:25 20/02/2020;Thursday;0.8719;0.8720000000000007;1.0;1.2743625857659189;0.4474395916381872;0.42949074074074073;0.8720000000000007;5.153888888888889;0.42949074074074073;1.0;0.8740000000000007;12.0;1.0;0.9760185185185185;0.8730000000000007;11.712222222222222;0.9760185185185185;Now
03:32:39 21/02/2020;Friday;0.8735;0.8740000000000007;1.0;1.2735776379946373;0.43774251232598654;0.5465277777777777;0.8740000000000007;6.558333333333334;0.5465277777777777;1.0;0.8750000000000007;12.0;1.0;0.5465277777777777;0.8740000000000007;6.558333333333334;0.5465277777777777;Now
10:06:09 21/02/2020;Friday;0.8752;0.8760000000000007;1.0;1.2727922061357853;0.428039452697978;0.9771296296296297;0.8760000000000007;11.725555555555555;0.9771296296296297;1.0;0.8766666666666674;12.0;1.0;0.9771296296296297;0.8760000000000007;11.725555555555555;0.9771296296296297;Now
16:40:20 21/02/2020;Friday;0.8751;0.8760000000000007;1.0;1.2727922061357853;0.428039452697978;0.4763425925925926;0.8760000000000007;5.155833333333334;0.4296527777777778;1.0;0.877333333333334;12.0;1.0;1.0;0.8770000000000007;12.0;1.0;Now
21:49:41 21/02/2020;Friday;0.8777;0.8780000000000007;1.0;1.2720062892926274;0.4183304016760821;1.0;0.8780000000000007;12.0;1.0;1.0;0.8780000000000007;12.0;1.0;1.0;0.8780000000000007;12.0;1.0;Now
04:06:43 22/02/2020;Saturday;0.8754;0.8780000000000007;1.0;1.2720062892926274;0.4183304016760821;1.0;0.8780000000000007;12.0;1.0;1.0;0.877333333333334;12.0;1.0;1.0;0.8780000000000007;12.0;1.0;Now
09:25:10 22/02/2020;Saturday;0.8747;0.8780000000000007;1.0;1.2720062892926274;0.4183304016760821;1.0;0.8780000000000007;12.0;1.0;1.0;0.8763333333333341;12.0;1.0;1.0;0.8770000000000007;12.0;1.0;Now
14:01:19 22/02/2020;Saturday;0.8735;0.8760000000000007;1.0;1.2727922061357853;0.428039452697978;1.0;0.8760000000000007;12.0;1.0;1.0;0.8750000000000006;12.0;1.0;1.0;0.8760000000000007;12.0;1.0;Now
20:51:42 22/02/2020;Saturday;0.8718;0.8750000000000007;1.0;1.2731849826321386;0.4328917307430364;1.0;0.8750000000000007;12.0;1.0;1.0;0.8745000000000007;12.0;1.0;1.0;0.8745000000000007;12.0;1.0;Now
01:53:26 23/02/2020;Sunday;0.8716;0.8740000000000007;1.0;1.2735776379946373;0.43774251232598654;1.0;0.8740000000000007;12.0;1.0;1.0;0.8730000000000007;12.0;1.0;1.0;0.8740000000000007;12.0;1.0;Now
09:00:30 23/02/2020;Sunday;0.8697;0.8720000000000007;1.0;1.2743625857659189;0.4474395916381872;1.0;0.8720000000000007;12.0;1.0;1.0;0.8706666666666673;12.0;1.0;1.0;0.8720000000000007;12.0;1.0;Now
14:52:37 23/02/2020;Sunday;0.8686;0.8700000000000007;1.0;1.2751470503436062;0.4571307016785739;1.0;0.8700000000000007;12.0;1.0;1.0;0.8700000000000007;12.0;1.0;1.0;0.8700000000000007;12.0;1.0;Now
20:44:32 23/02/2020;Sunday;0.8692;0.8700000000000007;1.0;1.2751470503436062;0.4571307016785739;1.0;0.8700000000000007;12.0;1.0;1.0;0.8700000000000007;12.0;1.0;1.0;0.8700000000000007;12.0;1.0;Now
02:02:11 24/02/2020;Monday;0.8685;0.8700000000000007;1.0;1.2751470503436062;0.4571307016785739;0.9185416666666667;0.8700000000000007;11.0225;0.9185416666666667;1.0;0.8710000000000008;12.0;1.0;0.9185416666666667;0.8700000000000007;11.0225;0.9185416666666667;Now
08:10:44 24/02/2020;Monday;0.8689;0.8700000000000007;1.0;1.2751470503436062;0.4571307016785739;0.4066666666666667;0.8700000000000007;4.88;0.4066666666666667;1.0;0.873333333333334;12.0;1.0;0.8963657407407407;0.8715000000000006;10.756388888888889;0.8963657407407407;Now
13:03:32 24/02/2020;Monday;0.873;0.8730000000000007;1.0;1.2739701723352863;0.4425917988305155;0.4896990740740741;0.8730000000000007;5.876388888888889;0.4896990740740741;1.0;0.8766666666666674;12.0;1.0;0.4896990740740741;0.8730000000000007;5.876388888888889;0.4896990740740741;Now
18:56:07 24/02/2020;Monday;0.8764;0.8770000000000007;1.0;1.2723993083933987;0.423185676804982;0.4888425925925926;0.8770000000000007;5.8661111111111115;0.4888425925925926;1.0;0.8785000000000007;12.0;1.0;1.0;0.8785000000000007;12.0;1.0;Now
00:48:05 25/02/2020;Tuesday;0.8799;0.8800000000000007;1.0;1.2712198865656559;0.408615348147969;0.5921990740740741;0.8800000000000007;7.106388888888889;0.5921990740740741;1.0;0.8830000000000007;12.0;1.0;0.5921990740740741;0.8800000000000007;7.106388888888889;0.5921990740740741;Now
07:54:28 25/02/2020;Tuesday;0.8857;0.8860000000000007;1.0;1.2688577540449517;0.3794340608862716;0.8956944444444445;0.8860000000000007;10.748333333333333;0.8956944444444445;1.0;0.8870000000000007;12.0;1.0;0.8956944444444445;0.8860000000000007;10.748333333333333;0.8956944444444445;Now
18:39:22 25/02/2020;Tuesday;0.8874;0.8880000000000007;1.0;1.2680693987317884;0.3696948855199178;0.5119212962962963;0.8880000000000007;6.143055555555556;0.5119212962962963;1.0;0.8916666666666674;12.0;1.0;0.5119212962962963;0.8880000000000007;6.143055555555556;0.5119212962962963;Now
00:47:57 26/02/2020;Wednesday;0.8925;0.8930000000000007;1.0;1.266096362841312;0.34532041601281904;0.46520833333333333;0.8930000000000007;5.5825;0.46520833333333333;1.0;0.8946666666666673;12.0;1.0;0.46520833333333333;0.8930000000000007;5.5825;0.46520833333333333;Now
06:22:54 26/02/2020;Wednesday;0.8933;0.8940000000000007;1.0;1.265701386583739;0.3404409625813273;0.41856481481481483;0.8940000000000007;5.022777777777778;0.41856481481481483;1.0;0.8976666666666673;12.0;1.0;0.41856481481481483;0.8940000000000007;5.022777777777778;0.41856481481481483;Now
11:24:16 26/02/2020;Wednesday;0.8967;0.8970000000000007;1.0;1.2645157175772863;0.32579345759533584;0.41944444444444445;0.8970000000000007;5.033333333333333;0.41944444444444445;1.0;0.900333333333334;12.0;1.0;0.41944444444444445;0.8970000000000007;5.033333333333333;0.41944444444444445;Now
16:26:16 26/02/2020;Wednesday;0.9012;0.9020000000000007;1.0;1.2625371281669302;0.3013503810742343;1.0;0.9020000000000007;12.0;1.0;1.0;0.9020000000000007;12.0;1.0;1.0;0.9020000000000007;12.0;1.0;Now
21:44:45 26/02/2020;Wednesday;0.9016;0.9020000000000007;1.0;1.2625371281669302;0.3013503810742343;0.5695833333333333;0.9020000000000007;6.835;0.5695833333333333;1.0;0.9025000000000007;12.0;1.0;0.5695833333333333;0.9020000000000007;6.835;0.5695833333333333;Now
04:34:51 27/02/2020;Thursday;0.9021;0.9030000000000007;1.0;1.2621410380777576;0.2964571676019384;0.5581481481481482;0.9030000000000007;6.697777777777778;0.5581481481481482;1.0;0.9040000000000007;12.0;1.0;0.5581481481481482;0.9030000000000007;6.697777777777778;0.5581481481481482;Now
11:16:43 27/02/2020;Thursday;0.9044;0.9050000000000007;1.0;1.2613484847574834;0.2866661309406091;1.0;0.9050000000000007;12.0;1.0;1.0;0.9050000000000007;12.0;1.0;1.0;0.9050000000000007;12.0;1.0;Now
16:44:12 27/02/2020;Thursday;0.902;0.9050000000000007;1.0;1.2613484847574834;0.2866661309406091;0.9222222222222223;0.9050000000000007;11.066666666666666;0.9222222222222223;1.0;0.9060000000000007;12.0;1.0;0.9222222222222223;0.9050000000000007;11.066666666666666;0.9222222222222223;Now
16:44:24 27/02/2020;Thursday;0.902;0.9050000000000007;1.0;1.2613484847574834;0.2866661309406091;0.9219444444444445;0.9050000000000007;11.063333333333333;0.9219444444444445;1.0;0.906333333333334;12.0;1.0;0.9219444444444445;0.9050000000000007;11.063333333333333;0.9219444444444445;Now
21:33:24 27/02/2020;Thursday;0.9009;0.9050000000000007;1.0;1.2613484847574834;0.2866661309406091;0.5205555555555555;0.9050000000000007;6.246666666666667;0.5205555555555555;1.0;0.9070000000000007;12.0;1.0;0.5205555555555555;0.9050000000000007;6.246666666666667;0.5205555555555555;Now
03:48:12 28/02/2020;Friday;0.9084;0.9090000000000007;1.0;1.2597618822618817;0.267065578139923;0.6165972222222222;0.9090000000000007;7.399166666666667;0.6165972222222222;1.0;0.9110000000000007;12.0;1.0;0.6165972222222222;0.9090000000000007;7.399166666666667;0.6165972222222222;Now
11:12:09 28/02/2020;Friday;0.9129;0.9130000000000007;1.0;1.258173279004128;0.2474403083453397;0.4661111111111111;0.9130000000000007;5.593333333333334;0.4661111111111111;1.0;0.921333333333334;12.0;1.0;0.4661111111111111;0.9130000000000007;5.593333333333334;0.4661111111111111;Now
16:47:45 28/02/2020;Friday;0.9211;0.9220000000000007;1.0;1.2545915670049752;0.20319259327438807;0.4991435185185185;0.9220000000000007;5.989722222222222;0.4991435185185185;1.0;0.9255000000000007;12.0;1.0;1.0;0.9255000000000007;12.0;1.0;Now
22:47:08 28/02/2020;Friday;0.9284;0.9290000000000007;1.0;1.2517987058628872;0.16869017541469633;0.5584259259259259;0.9290000000000007;6.7011111111111115;0.5584259259259259;1.0;0.9370000000000007;12.0;1.0;0.5584259259259259;0.9290000000000007;6.7011111111111115;0.5584259259259259;Now
05:29:12 29/02/2020;Saturday;0.9402;0.9410000000000007;1.0;1.2469963913339923;0.10936339397445369;1.0;0.9410000000000007;12.0;1.0;1.0;0.9410000000000007;12.0;1.0;1.0;0.9410000000000007;12.0;1.0;Now
05:44:11 29/02/2020;Saturday;0.9402;0.9410000000000007;1.0;1.2469963913339923;0.10936339397445369;1.0;0.9410000000000007;12.0;1.0;1.0;0.9410000000000007;12.0;1.0;1.0;0.9410000000000007;12.0;1.0;Now
11:37:48 29/02/2020;Saturday;0.9378;0.9410000000000007;1.0;1.2469963913339923;0.10936339397445369;1.0;0.9410000000000007;12.0;1.0;1.0;0.9390000000000006;12.0;1.0;1.0;0.9410000000000007;12.0;1.0;Now
18:36:35 29/02/2020;Saturday;0.9369;0.9380000000000007;1.0;1.2481987021303937;0.1242164881256537;1.0;0.9380000000000007;12.0;1.0;1.0;0.9376666666666674;12.0;1.0;1.0;0.9380000000000007;12.0;1.0;Now
18:36:35 29/02/2020;Saturday;0.9369;0.9380000000000007;1.0;1.2481987021303937;0.1242164881256537;1.0;0.9380000000000007;12.0;1.0;1.0;0.9375000000000007;12.0;1.0;1.0;0.9380000000000007;12.0;1.0;Now
01:27:14 01/03/2020;Sunday;0.9334;0.9370000000000007;1.0;1.2485992151206884;0.12916434118613537;1.0;0.9370000000000007;12.0;1.0;1.0;0.9350000000000006;12.0;1.0;1.0;0.9370000000000007;12.0;1.0;Now
07:02:40 01/03/2020;Sunday;0.9292;0.9340000000000007;1.0;1.2497999839974392;0.1439983867869831;1.0;0.9340000000000007;12.0;1.0;1.0;0.9326666666666674;12.0;1.0;1.0;0.9340000000000007;12.0;1.0;Now
12:45:06 01/03/2020;Sunday;0.9278;0.9340000000000007;1.0;1.2497999839974392;0.1439983867869831;1.0;0.9340000000000007;12.0;1.0;1.0;0.9306666666666673;12.0;1.0;1.0;0.9340000000000007;12.0;1.0;Now
18:43:41 01/03/2020;Sunday;0.9278;0.9300000000000007;1.0;1.2513992168768524;0.16375497268699715;1.0;0.9300000000000007;12.0;1.0;1.0;0.9286666666666674;12.0;1.0;1.0;0.9290000000000007;12.0;1.0;Now
19:53:11 01/03/2020;Sunday;0.9214;0.9280000000000007;1.0;1.2521980673998818;0.17362380366381694;1.0;0.9280000000000007;12.0;1.0;1.0;0.9280000000000007;12.0;1.0;1.0;0.9280000000000007;12.0;1.0;Now
03:08:26 02/03/2020;Monday;0.9195;0.9280000000000007;1.0;1.2521980673998818;0.17362380366381694;1.0;0.9280000000000007;12.0;1.0;1.0;0.9226666666666673;12.0;1.0;1.0;0.9240000000000007;12.0;1.0;Now
09:00:04 02/03/2020;Monday;0.9147;0.9200000000000007;1.0;1.2553883861180168;0.21303632864040695;1.0;0.9200000000000007;12.0;1.0;1.0;0.9200000000000007;12.0;1.0;1.0;0.9200000000000007;12.0;1.0;Now
15:08:03 02/03/2020;Monday;0.9173;0.9200000000000007;1.0;1.2553883861180168;0.21303632864040695;0.6174768518518519;0.9200000000000007;7.409722222222222;0.6174768518518519;1.0;0.9235000000000007;12.0;1.0;0.6174768518518519;0.9200000000000007;7.409722222222222;0.6174768518518519;Now
22:32:38 02/03/2020;Monday;0.9261;0.9270000000000007;1.0;1.252597301609739;0.17855585894031933;1.0;0.9270000000000007;12.0;1.0;1.0;0.9270000000000008;12.0;1.0;1.0;0.9270000000000007;12.0;1.0;Now
05:47:46 03/03/2020;Tuesday;0.9268;0.9270000000000007;1.0;1.252597301609739;0.17855585894031933;1.0;0.9270000000000007;12.0;1.0;1.0;0.9270000000000007;12.0;1.0;1.0;0.9270000000000007;12.0;1.0;Now
07:40:42 03/03/2020;Tuesday;0.9268;0.9270000000000007;1.0;1.252597301609739;0.17855585894031933;1.0;0.9270000000000007;12.0;1.0;1.0;0.9270000000000008;12.0;1.0;1.0;0.9270000000000007;12.0;1.0;Now
12:38:31 03/03/2020;Tuesday;0.9262;0.9270000000000007;1.0;1.252597301609739;0.17855585894031933;1.0;0.9270000000000007;12.0;1.0;1.0;0.9270000000000007;12.0;1.0;1.0;0.9270000000000007;12.0;1.0;Now
17:30:53 03/03/2020;Tuesday;0.9253;0.9270000000000007;1.0;1.252597301609739;0.17855585894031933;1.0;0.9270000000000007;12.0;1.0;1.0;0.9270000000000008;12.0;1.0;1.0;0.9270000000000007;12.0;1.0;Now
22:08:00 03/03/2020;Tuesday;0.9253;0.9270000000000007;1.0;1.252597301609739;0.17855585894031933;1.0;0.9270000000000007;12.0;1.0;1.0;0.9270000000000008;12.0;1.0;1.0;0.9270000000000007;12.0;1.0;Now
22:32:28 03/03/2020;Tuesday;0.9264;0.9270000000000007;1.0;1.252597301609739;0.17855585894031933;0.9884953703703704;0.9270000000000007;11.861944444444445;0.9884953703703704;1.0;0.9280000000000007;12.0;1.0;0.9884953703703704;0.9270000000000007;11.861944444444445;0.9884953703703704;Now
05:48:39 04/03/2020;Wednesday;0.9269;0.9270000000000007;1.0;1.252597301609739;0.17855585894031933;0.3826851851851852;0.9270000000000007;4.592222222222222;0.3826851851851852;1.0;0.9296666666666674;12.0;1.0;0.9298611111111111;0.9285000000000008;11.158333333333333;0.9298611111111111;Now
10:24:11 04/03/2020;Wednesday;0.9291;0.9300000000000007;1.0;1.2513992168768524;0.16375497268699715;0.5471759259259259;0.9300000000000007;6.566111111111111;0.5471759259259259;1.0;0.9310000000000007;12.0;1.0;0.5471759259259259;0.9300000000000007;6.566111111111111;0.5471759259259259;Now
16:58:09 04/03/2020;Wednesday;0.932;0.9320000000000007;1.0;1.2505998560690783;0.15387983776000133;0.5000462962962963;0.9320000000000007;6.000555555555556;0.5000462962962963;1.0;0.9326666666666674;12.0;1.0;0.5000462962962963;0.9320000000000007;6.000555555555556;0.5000462962962963;Now
22:58:11 04/03/2020;Wednesday;0.9322;0.9330000000000007;1.0;1.2501999840025593;0.1489399025367472;1.0;0.9330000000000007;12.0;1.0;1.0;0.9330000000000007;12.0;1.0;1.0;0.9330000000000007;12.0;1.0;Now
03:43:06 05/03/2020;Thursday;0.9325;0.9330000000000007;1.0;1.2501999840025593;0.1489399025367472;0.9538194444444444;0.9330000000000007;11.445833333333333;0.9538194444444444;1.0;0.9336666666666673;12.0;1.0;0.9538194444444444;0.9330000000000007;11.445833333333333;0.9538194444444444;Now
10:16:52 05/03/2020;Thursday;0.9319;0.9330000000000007;1.0;1.2501999840025593;0.1489399025367472;0.4069212962962963;0.9330000000000007;4.883055555555556;0.4069212962962963;1.0;0.9346666666666673;12.0;1.0;0.4069212962962963;0.9330000000000007;4.883055555555556;0.4069212962962963;Now
15:09:51 05/03/2020;Thursday;0.9348;0.9350000000000007;1.0;1.2493998559308381;0.13905528899267633;0.4991435185185185;0.9350000000000007;4.878333333333333;0.40652777777777777;1.0;0.9356666666666674;12.0;1.0;1.0;0.9355000000000007;12.0;1.0;Now
20:02:33 05/03/2020;Thursday;0.9359;0.9360000000000007;1.0;1.2489995996796792;0.134110607633361;1.0;0.9360000000000007;12.0;1.0;1.0;0.9360000000000007;12.0;1.0;1.0;0.9360000000000007;12.0;1.0;Now
02:03:10 06/03/2020;Friday;0.935;0.9360000000000007;1.0;1.2489995996796792;0.134110607633361;1.0;0.9360000000000007;12.0;1.0;1.0;0.9356666666666674;12.0;1.0;1.0;0.9360000000000007;12.0;1.0;Now
07:12:34 06/03/2020;Friday;0.9339;0.9360000000000007;1.0;1.2489995996796792;0.134110607633361;1.0;0.9360000000000007;12.0;1.0;1.0;0.9355000000000007;12.0;1.0;1.0;0.9360000000000007;12.0;1.0;Now
13:38:04 06/03/2020;Friday;0.933;0.9350000000000007;1.0;1.2493998559308381;0.13905528899267633;0.5706944444444444;0.9350000000000007;6.848333333333334;0.5706944444444444;1.0;0.9355000000000007;12.0;1.0;0.5706944444444444;0.9350000000000007;6.848333333333334;0.5706944444444444;Now
20:28:58 06/03/2020;Friday;0.9351;0.9360000000000007;1.0;1.2489995996796792;0.134110607633361;1.0;0.9360000000000007;12.0;1.0;1.0;0.9360000000000007;12.0;1.0;1.0;0.9360000000000007;12.0;1.0;Now
02:46:07 07/03/2020;Saturday;0.9321;0.9360000000000007;1.0;1.2489995996796792;0.134110607633361;1.0;0.9360000000000007;12.0;1.0;1.0;0.9345000000000008;12.0;1.0;1.0;0.9360000000000007;12.0;1.0;Now
09:36:02 07/03/2020;Saturday;0.9319;0.9330000000000007;1.0;1.2501999840025593;0.1489399025367472;1.0;0.9330000000000007;12.0;1.0;1.0;0.9330000000000007;12.0;1.0;1.0;0.9330000000000007;12.0;1.0;Now
16:34:45 07/03/2020;Saturday;0.9325;0.9330000000000007;1.0;1.2501999840025593;0.1489399025367472;1.0;0.9330000000000007;12.0;1.0;1.0;0.9330000000000007;12.0;1.0;1.0;0.9330000000000007;12.0;1.0;Now
22:34:28 07/03/2020;Saturday;0.9319;0.9330000000000007;1.0;1.2501999840025593;0.1489399025367472;1.0;0.9330000000000007;12.0;1.0;1.0;0.9330000000000007;12.0;1.0;1.0;0.9330000000000007;12.0;1.0;Now
04:43:12 08/03/2020;Sunday;0.933;0.9330000000000007;1.0;1.2501999840025593;0.1489399025367472;1.0;0.9330000000000007;12.0;1.0;1.0;0.9330000000000007;12.0;1.0;1.0;0.9330000000000007;12.0;1.0;Now
09:44:53 08/03/2020;Sunday;0.9306;0.9330000000000007;1.0;1.2501999840025593;0.1489399025367472;1.0;0.9330000000000007;12.0;1.0;1.0;0.9326666666666674;12.0;1.0;1.0;0.9330000000000007;12.0;1.0;Now
16:35:36 08/03/2020;Sunday;0.9311;0.9330000000000007;1.0;1.2501999840025593;0.1489399025367472;1.0;0.9330000000000007;12.0;1.0;1.0;0.9323333333333341;12.0;1.0;1.0;0.9325000000000008;12.0;1.0;Now
21:28:58 08/03/2020;Sunday;0.9304;0.9320000000000007;1.0;1.2505998560690783;0.15387983776000133;1.0;0.9320000000000007;12.0;1.0;1.0;0.9320000000000007;12.0;1.0;1.0;0.9320000000000007;12.0;1.0;Now
04:27:29 09/03/2020;Monday;0.9312;0.9320000000000007;1.0;1.2505998560690783;0.15387983776000133;0.4642361111111111;0.9320000000000007;5.570833333333334;0.4642361111111111;1.0;0.934333333333334;12.0;1.0;0.9997453703703704;0.9325000000000008;11.996944444444445;0.9997453703703704;Now
10:01:44 09/03/2020;Monday;0.9324;0.9330000000000007;1.0;1.2501999840025593;0.1489399025367472;0.5355092592592593;0.9330000000000007;6.426111111111111;0.5355092592592593;1.0;0.9355000000000007;12.0;1.0;0.5355092592592593;0.9330000000000007;6.426111111111111;0.5355092592592593;Now
16:27:18 09/03/2020;Monday;0.9371;0.9380000000000007;1.0;1.2481987021303937;0.1242164881256537;1.0;0.9380000000000007;12.0;1.0;1.0;0.9380000000000007;12.0;1.0;1.0;0.9380000000000007;12.0;1.0;Now
23:42:48 09/03/2020;Monday;0.9327;0.9380000000000007;1.0;1.2481987021303937;0.1242164881256537;1.0;0.9380000000000007;12.0;1.0;1.0;0.9360000000000007;12.0;1.0;1.0;0.9380000000000007;12.0;1.0;Now
05:17:45 10/03/2020;Tuesday;0.9333;0.9340000000000007;1.0;1.2497999839974392;0.1439983867869831;0.4190509259259259;0.9340000000000007;5.028611111111111;0.4190509259259259;1.0;0.9366666666666674;12.0;1.0;0.4190509259259259;0.9340000000000007;5.028611111111111;0.4190509259259259;Now
10:19:28 10/03/2020;Tuesday;0.9354;0.9360000000000007;1.0;1.2489995996796792;0.134110607633361;0.4367361111111111;0.9360000000000007;5.240833333333334;0.4367361111111111;1.0;0.9390000000000006;12.0;1.0;0.4367361111111111;0.9360000000000007;5.240833333333334;0.4367361111111111;Now
15:33:55 10/03/2020;Tuesday;0.9393;0.9400000000000007;1.0;1.2473972903610138;0.1143160160512881;0.3965740740740741;0.9400000000000007;4.7588888888888885;0.3965740740740741;1.0;0.9406666666666674;12.0;1.0;1.0;0.9405000000000008;12.0;1.0;Now
20:19:27 10/03/2020;Tuesday;0.9401;0.9410000000000007;1.0;1.2469963913339923;0.10936339397445369;1.0;0.9410000000000007;12.0;1.0;1.0;0.9410000000000007;12.0;1.0;1.0;0.9410000000000007;12.0;1.0;Now
01:33:48 11/03/2020;Wednesday;0.9402;0.9410000000000007;1.0;1.2469963913339923;0.10936339397445369;1.0;0.9410000000000007;12.0;1.0;1.0;0.9410000000000007;12.0;1.0;1.0;0.9410000000000007;12.0;1.0;Now
08:16:32 11/03/2020;Wednesday;0.9389;0.9410000000000007;1.0;1.2469963913339923;0.10936339397445369;1.0;0.9410000000000007;12.0;1.0;1.0;0.9400000000000007;12.0;1.0;1.0;0.9410000000000007;12.0;1.0;Now
15:39:36 11/03/2020;Wednesday;0.937;0.9390000000000007;1.0;1.247798060585125;0.1192670469241205;0.9908796296296296;0.9390000000000007;11.890555555555556;0.9908796296296296;1.0;0.9396666666666674;12.0;1.0;0.9908796296296296;0.9390000000000007;11.890555555555556;0.9908796296296296;Now
21:56:40 11/03/2020;Wednesday;0.9373;0.9380000000000007;1.0;1.2481987021303937;0.1242164881256537;0.46717592592592594;0.9380000000000007;5.606111111111111;0.46717592592592594;1.0;0.941333333333334;12.0;1.0;0.46717592592592594;0.9380000000000007;5.606111111111111;0.46717592592592594;Now
03:33:02 12/03/2020;Thursday;0.9411;0.9420000000000007;1.0;1.2465953633797935;0.10440917915844569;0.48787037037037034;0.9420000000000007;5.854444444444445;0.48787037037037034;1.0;0.9430000000000007;12.0;1.0;1.0;0.9430000000000007;12.0;1.0;Now
09:24:18 12/03/2020;Thursday;0.9431;0.9440000000000007;1.0;1.2457929201917946;0.09449596515586776;0.5700462962962963;0.9440000000000007;6.8405555555555555;0.5700462962962963;1.0;0.9465000000000008;12.0;1.0;0.5700462962962963;0.9440000000000007;6.8405555555555555;0.5700462962962963;Now
16:14:44 12/03/2020;Thursday;0.9486;0.9490000000000007;1.0;1.2437845472588889;0.06968494927507062;0.43166666666666664;0.9490000000000007;5.18;0.43166666666666664;1.0;0.9500000000000007;12.0;1.0;0.43166666666666664;0.9490000000000007;5.18;0.43166666666666664;Now
21:25:32 12/03/2020;Thursday;0.9499;0.9500000000000007;1.0;1.243382483389564;0.06471793698194853;0.4071296296296296;0.9500000000000007;4.885555555555555;0.4071296296296296;1.0;0.9516666666666674;12.0;1.0;0.9299768518518519;0.9505000000000008;11.159722222222221;0.9299768518518519;Now
02:18:40 13/03/2020;Friday;0.9501;0.9510000000000007;1.0;1.242980289465605;0.05974931802129201;0.5228472222222222;0.9510000000000007;6.274166666666667;0.5228472222222222;1.0;0.9536666666666674;12.0;1.0;0.5228472222222222;0.9510000000000007;6.274166666666667;0.5228472222222222;Now
08:35:07 13/03/2020;Friday;0.9537;0.9540000000000007;1.0;1.2417729261020307;0.04483380552023729;0.3847453703703704;0.9540000000000007;4.616944444444444;0.3847453703703704;1.0;0.9576666666666673;12.0;1.0;0.8965277777777778;0.9550000000000007;10.758333333333333;0.8965277777777778;Now
13:12:08 13/03/2020;Friday;0.9559;0.9560000000000007;1.0;1.2409673645990853;0.034882068512100545;0.5117824074074074;0.9560000000000007;6.141388888888889;0.5117824074074074;1.0;0.9606666666666674;12.0;1.0;0.5117824074074074;0.9560000000000007;6.141388888888889;0.5117824074074074;Now
19:20:37 13/03/2020;Friday;0.9629;0.9630000000000007;1.0;1.238143771942499;0.0;1.0;0.9630000000000007;12.0;1.0;1.0;0.9630000000000007;12.0;1.0;1.0;0.9630000000000007;12.0;1.0;Now
00:30:23 14/03/2020;Saturday;0.9616;0.9630000000000007;1.0;1.238143771942499;0.0;1.0;0.9630000000000007;12.0;1.0;1.0;0.9625000000000008;12.0;1.0;1.0;0.9630000000000007;12.0;1.0;Now
07:38:22 14/03/2020;Saturday;0.9588;0.9620000000000007;1.0;1.2385475364312826;0.004988021387450599;1.0;0.9620000000000007;12.0;1.0;1.0;0.9605000000000008;12.0;1.0;1.0;0.9620000000000007;12.0;1.0;Now
14:54:27 14/03/2020;Saturday;0.9567;0.9590000000000007;1.0;1.2397580409095958;0.01994233855789483;1.0;0.9590000000000007;12.0;1.0;1.0;0.9580000000000007;12.0;1.0;1.0;0.9590000000000007;12.0;1.0;Now
22:19:18 14/03/2020;Saturday;0.955;0.9570000000000007;1.0;1.2405643876881196;0.029903776695003097;1.0;0.9570000000000007;12.0;1.0;1.0;0.9560000000000007;12.0;1.0;1.0;0.9570000000000007;12.0;1.0;Now
05:25:54 15/03/2020;Sunday;0.9546;0.9550000000000007;1.0;1.2413702106946176;0.03985874426290784;1.0;0.9550000000000007;12.0;1.0;1.0;0.9550000000000007;12.0;1.0;1.0;0.9550000000000007;12.0;1.0;Now
12:33:54 15/03/2020;Sunday;0.9523;0.9550000000000007;1.0;1.2413702106946176;0.03985874426290784;1.0;0.9550000000000007;12.0;1.0;1.0;0.9536666666666674;12.0;1.0;1.0;0.9550000000000007;12.0;1.0;Now
17:44:03 15/03/2020;Sunday;0.952;0.9530000000000007;1.0;1.2421755109484325;0.04980725385435283;1.0;0.9530000000000007;12.0;1.0;1.0;0.9530000000000007;12.0;1.0;1.0;0.9530000000000007;12.0;1.0;Now
23:11:03 15/03/2020;Sunday;0.9482;0.9530000000000007;1.0;1.2421755109484325;0.04980725385435283;1.0;0.9530000000000007;12.0;1.0;1.0;0.9510000000000007;12.0;1.0;1.0;0.9530000000000007;12.0;1.0;Now
06:44:16 16/03/2020;Monday;0.9474;0.9490000000000007;1.0;1.2437845472588889;0.06968494927507062;1.0;0.9490000000000007;12.0;1.0;1.0;0.9483333333333341;12.0;1.0;1.0;0.9485000000000008;12.0;1.0;Now
11:20:44 16/03/2020;Monday;0.9457;0.9480000000000007;1.0;1.244186481199663;0.07465035645826286;1.0;0.9480000000000007;12.0;1.0;1.0;0.9473333333333341;12.0;1.0;1.0;0.9480000000000007;12.0;1.0;Now
16:55:27 16/03/2020;Monday;0.942;0.9480000000000007;1.0;1.244186481199663;0.07465035645826286;1.0;0.9480000000000007;12.0;1.0;1.0;0.9470000000000007;12.0;1.0;1.0;0.9470000000000007;12.0;1.0;Now
21:58:15 16/03/2020;Monday;0.9409;0.9460000000000007;1.0;1.244989959798873;0.08457636171269357;1.0;0.9460000000000007;12.0;1.0;1.0;0.9435000000000007;12.0;1.0;1.0;0.9460000000000007;12.0;1.0;Now
05:21:59 17/03/2020;Tuesday;0.9364;0.9410000000000007;1.0;1.2469963913339923;0.10936339397445369;1.0;0.9410000000000007;12.0;1.0;1.0;0.9390000000000007;12.0;1.0;1.0;0.9410000000000007;12.0;1.0;Now
12:21:36 17/03/2020;Tuesday;0.935;0.9370000000000007;1.0;1.2485992151206884;0.12916434118613537;1.0;0.9370000000000007;12.0;1.0;1.0;0.9355000000000007;12.0;1.0;1.0;0.9370000000000007;12.0;1.0;Now
18:13:39 17/03/2020;Tuesday;0.9341;0.9350000000000007;1.0;1.2493998559308381;0.13905528899267633;1.0;0.9350000000000007;12.0;1.0;1.0;0.9350000000000007;12.0;1.0;1.0;0.9350000000000007;12.0;1.0;Now
21:08:53 17/03/2020;Tuesday;0.9341;0.9350000000000007;1.0;1.2493998559308381;0.13905528899267633;1.0;0.9350000000000007;12.0;1.0;1.0;0.9350000000000008;12.0;1.0;1.0;0.9350000000000007;12.0;1.0;Now
23:31:56 17/03/2020;Tuesday;0.9337;0.9350000000000007;1.0;1.2493998559308381;0.13905528899267633;1.0;0.9350000000000007;12.0;1.0;1.0;0.9350000000000007;12.0;1.0;1.0;0.9350000000000007;12.0;1.0;Now
05:07:26 18/03/2020;Wednesday;0.9335;0.9350000000000007;1.0;1.2493998559308381;0.13905528899267633;0.5474305555555555;0.9350000000000007;6.569166666666667;0.5474305555555555;1.0;0.9366666666666674;12.0;1.0;0.5474305555555555;0.9350000000000007;6.569166666666667;0.5474305555555555;Now
11:41:35 18/03/2020;Wednesday;0.9366;0.9370000000000007;1.0;1.2485992151206884;0.12916434118613537;0.46372685185185186;0.9370000000000007;5.042222222222223;0.42018518518518516;1.0;0.9376666666666673;12.0;1.0;1.0;0.9375000000000007;12.0;1.0;Now
16:44:07 18/03/2020;Wednesday;0.9372;0.9380000000000007;1.0;1.2481987021303937;0.1242164881256537;1.0;0.9380000000000007;12.0;1.0;1.0;0.9380000000000007;12.0;1.0;1.0;0.9380000000000007;12.0;1.0;Now
23:10:14 18/03/2020;Wednesday;0.9351;0.9380000000000007;1.0;1.2481987021303937;0.1242164881256537;1.0;0.9380000000000007;12.0;1.0;1.0;0.9370000000000007;12.0;1.0;1.0;0.9380000000000007;12.0;1.0;Now
05:28:33 19/03/2020;Thursday;0.9346;0.9360000000000007;1.0;1.2489995996796792;0.134110607633361;1.0;0.9360000000000007;12.0;1.0;1.0;0.9355000000000007;12.0;1.0;1.0;0.9360000000000007;12.0;1.0;Now
11:54:12 19/03/2020;Thursday;0.9337;0.9350000000000007;1.0;1.2493998559308381;0.13905528899267633;1.0;0.9350000000000007;12.0;1.0;1.0;0.9345000000000008;12.0;1.0;1.0;0.9345000000000008;12.0;1.0;Now
17:38:08 19/03/2020;Thursday;0.9339;0.9340000000000007;1.0;1.2497999839974392;0.1439983867869831;0.5258564814814815;0.9340000000000007;6.310277777777777;0.5258564814814815;1.0;0.9350000000000008;12.0;1.0;0.5258564814814815;0.9340000000000007;6.310277777777777;0.5258564814814815;Now
23:56:45 19/03/2020;Thursday;0.9348;0.9350000000000007;1.0;1.2493998559308381;0.13905528899267633;0.38354166666666667;0.9350000000000007;4.6025;0.38354166666666667;1.0;0.9356666666666674;12.0;1.0;1.0;0.9355000000000007;12.0;1.0;Now
04:32:54 20/03/2020;Friday;0.9359;0.9360000000000007;1.0;1.2489995996796792;0.134110607633361;1.0;0.9360000000000007;12.0;1.0;1.0;0.9360000000000007;12.0;1.0;1.0;0.9360000000000007;12.0;1.0;Now
10:33:47 20/03/2020;Friday;0.936;0.9360000000000007;1.0;1.2489995996796792;0.134110607633361;0.9903472222222223;0.9360000000000007;11.884166666666667;0.9903472222222223;1.0;0.936333333333334;12.0;1.0;0.9903472222222223;0.9360000000000007;11.884166666666667;0.9903472222222223;Now
16:26:02 20/03/2020;Friday;0.9353;0.9360000000000007;1.0;1.2489995996796792;0.134110607633361;0.5011111111111111;0.9360000000000007;6.013333333333334;0.5011111111111111;1.0;0.9365000000000008;12.0;1.0;0.5011111111111111;0.9360000000000007;6.013333333333334;0.5011111111111111;Now
22:26:50 20/03/2020;Friday;0.9363;0.9370000000000007;1.0;1.2485992151206884;0.12916434118613537;0.5475462962962963;0.9370000000000007;6.570555555555556;0.5475462962962963;1.0;0.9385000000000008;12.0;1.0;0.5475462962962963;0.9370000000000007;6.570555555555556;0.5475462962962963;Now
05:01:04 21/03/2020;Saturday;0.94;0.9400000000000007;1.0;1.2473972903610138;0.1143160160512881;0.4776851851851852;0.9400000000000007;5.732222222222222;0.4776851851851852;1.0;0.9415000000000007;12.0;1.0;1.0;0.9415000000000007;12.0;1.0;Now
10:45:00 21/03/2020;Saturday;0.9423;0.9430000000000007;1.0;1.2461942063739502;0.09945337006562376;0.5244212962962963;0.9430000000000007;6.293055555555555;0.5244212962962963;1.0;0.9437500000000008;12.0;1.0;0.5244212962962963;0.9430000000000007;6.293055555555555;0.5244212962962963;Now
17:02:35 21/03/2020;Saturday;0.9432;0.9440000000000007;1.0;1.2457929201917946;0.09449596515586776;1.0;0.9440000000000007;12.0;1.0;1.0;0.9440000000000007;12.0;1.0;1.0;0.9440000000000007;12.0;1.0;Now
21:42:41 21/03/2020;Saturday;0.9432;0.9440000000000007;1.0;1.2457929201917946;0.09449596515586776;0.9860416666666667;0.9440000000000007;11.8325;0.9860416666666667;1.0;0.9442500000000007;12.0;1.0;0.9860416666666667;0.9440000000000007;11.8325;0.9860416666666667;Now
22:13:25 21/03/2020;Saturday;0.9434;0.9440000000000007;1.0;1.2457929201917946;0.09449596515586776;0.9433564814814814;0.9440000000000007;11.320277777777777;0.9433564814814814;1.0;0.944333333333334;12.0;1.0;0.9433564814814814;0.9440000000000007;11.320277777777777;0.9433564814814814;Now
03:57:30 22/03/2020;Sunday;0.9437;0.9440000000000007;1.0;1.2457929201917946;0.09449596515586776;0.46546296296296297;0.9440000000000007;5.585555555555556;0.46546296296296297;1.0;0.945333333333334;12.0;1.0;0.9670833333333333;0.9445000000000008;11.605;0.9670833333333333;Now
09:32:38 22/03/2020;Sunday;0.9445;0.9450000000000007;1.0;1.245391504708459;0.08953696288658881;0.54625;0.9450000000000007;6.019444444444445;0.5016203703703703;1.0;0.946333333333334;12.0;1.0;0.54625;0.9450000000000007;6.019444444444445;0.5016203703703703;Now
15:33:48 22/03/2020;Sunday;0.9464;0.9470000000000007;1.0;1.2445882853377654;0.07961416008660893;1.0;0.9470000000000007;12.0;1.0;1.0;0.9470000000000007;12.0;1.0;1.0;0.9470000000000007;12.0;1.0;Now
21:00:30 22/03/2020;Sunday;0.9444;0.9470000000000007;1.0;1.2445882853377654;0.07961416008660893;1.0;0.9470000000000007;12.0;1.0;1.0;0.9460000000000007;12.0;1.0;1.0;0.9470000000000007;12.0;1.0;Now
03:59:54 23/03/2020;Monday;0.9427;0.9450000000000007;1.0;1.245391504708459;0.08953696288658881;1.0;0.9450000000000007;12.0;1.0;1.0;0.9443333333333341;12.0;1.0;1.0;0.9450000000000007;12.0;1.0;Now
10:17:16 23/03/2020;Monday;0.9434;0.9440000000000007;1.0;1.2457929201917946;0.09449596515586776;1.0;0.9440000000000007;12.0;1.0;1.0;0.9440000000000007;12.0;1.0;1.0;0.9440000000000007;12.0;1.0;Now
15:36:20 23/03/2020;Monday;0.9421;0.9440000000000007;1.0;1.2457929201917946;0.09449596515586776;1.0;0.9440000000000007;12.0;1.0;1.0;0.9435000000000007;12.0;1.0;1.0;0.9440000000000007;12.0;1.0;Now
22:43:52 23/03/2020;Monday;0.9411;0.9430000000000007;1.0;1.2461942063739502;0.09945337006562376;1.0;0.9430000000000007;12.0;1.0;1.0;0.9430000000000007;12.0;1.0;1.0;0.9430000000000007;12.0;1.0;Now
05:51:32 24/03/2020;Tuesday;0.9428;0.9430000000000007;1.0;1.2461942063739502;0.09945337006562376;0.5479166666666667;0.9430000000000007;6.575;0.5479166666666667;1.0;0.9435000000000007;12.0;1.0;0.5479166666666667;0.9430000000000007;6.575;0.5479166666666667;Now
12:26:02 24/03/2020;Tuesday;0.9436;0.9440000000000007;1.0;1.2457929201917946;0.09449596515586776;0.6050231481481482;0.9440000000000007;7.260277777777778;0.6050231481481482;1.0;0.9460000000000006;12.0;1.0;0.6050231481481482;0.9440000000000007;7.260277777777778;0.6050231481481482;Now
19:41:39 24/03/2020;Tuesday;0.9468;0.9470000000000007;1.0;1.2445882853377654;0.07961416008660893;1.0;0.9470000000000007;12.0;1.0;1.0;0.9470000000000006;12.0;1.0;1.0;0.9470000000000007;12.0;1.0;Now
00:18:18 25/03/2020;Wednesday;0.9457;0.9470000000000007;1.0;1.2445882853377654;0.07961416008660893;0.9558564814814815;0.9470000000000007;11.470277777777778;0.9558564814814815;1.0;0.9486666666666674;12.0;1.0;0.9558564814814815;0.9470000000000007;11.470277777777778;0.9558564814814815;Now
06:18:16 25/03/2020;Wednesday;0.947;0.9470000000000007;1.0;1.2445882853377654;0.07961416008660893;0.45590277777777777;0.9470000000000007;5.470833333333333;0.45590277777777777;1.0;0.950333333333334;12.0;1.0;0.45590277777777777;0.9470000000000007;5.470833333333333;0.45590277777777777;Now
11:46:31 25/03/2020;Wednesday;0.9519;0.9520000000000007;1.0;1.242577965360725;0.05477909083297557;1.0;0.9520000000000007;12.0;1.0;1.0;0.9520000000000007;12.0;1.0;1.0;0.9520000000000007;12.0;1.0;Now
16:31:11 25/03/2020;Wednesday;0.9477;0.9520000000000007;1.0;1.242577965360725;0.05477909083297557;1.0;0.9520000000000007;12.0;1.0;1.0;0.9520000000000007;12.0;1.0;1.0;0.9520000000000007;12.0;1.0;Now
23:00:38 25/03/2020;Wednesday;0.949;0.9520000000000007;1.0;1.242577965360725;0.05477909083297557;0.47724537037037035;0.9520000000000007;5.726944444444444;0.47724537037037035;1.0;0.9530000000000007;12.0;1.0;0.47724537037037035;0.9520000000000007;5.726944444444444;0.47724537037037035;Now
04:44:15 26/03/2020;Thursday;0.953;0.9530000000000007;1.0;1.2421755109484325;0.04980725385435283;0.4083101851851852;0.9530000000000007;4.8997222222222225;0.4083101851851852;1.0;0.954333333333334;12.0;1.0;0.9778703703703704;0.9535000000000007;11.734444444444444;0.9778703703703704;Now
09:38:14 26/03/2020;Thursday;0.954;0.9540000000000007;1.0;1.2417729261020307;0.04483380552023729;0.5695601851851851;0.9540000000000007;6.834722222222222;0.5695601851851851;1.0;0.9550000000000007;12.0;1.0;0.5695601851851851;0.9540000000000007;6.834722222222222;0.5695601851851851;Now
16:28:19 26/03/2020;Thursday;0.9559;0.9560000000000007;1.0;1.2409673645990853;0.034882068512100545;1.0;0.9560000000000007;12.0;1.0;1.0;0.9560000000000007;12.0;1.0;1.0;0.9560000000000007;12.0;1.0;Now
21:38:44 26/03/2020;Thursday;0.9547;0.9560000000000007;1.0;1.2409673645990853;0.034882068512100545;1.0;0.9560000000000007;12.0;1.0;1.0;0.9556666666666674;12.0;1.0;1.0;0.9560000000000007;12.0;1.0;Now
03:14:28 27/03/2020;Friday;0.9522;0.9560000000000007;1.0;1.2409673645990853;0.034882068512100545;1.0;0.9560000000000007;12.0;1.0;1.0;0.9546666666666673;12.0;1.0;1.0;0.9560000000000007;12.0;1.0;Now
09:31:25 27/03/2020;Friday;0.952;0.9550000000000007;1.0;1.2413702106946176;0.03985874426290784;1.0;0.9550000000000007;12.0;1.0;1.0;0.9540000000000007;12.0;1.0;1.0;0.9540000000000007;12.0;1.0;Now
15:07:09 27/03/2020;Friday;0.9488;0.9530000000000007;1.0;1.2421755109484325;0.04980725385435283;1.0;0.9530000000000007;12.0;1.0;1.0;0.9510000000000007;12.0;1.0;1.0;0.9530000000000007;12.0;1.0;Now
22:22:41 27/03/2020;Friday;0.9443;0.9490000000000007;1.0;1.2437845472588889;0.06968494927507062;1.0;0.9490000000000007;12.0;1.0;1.0;0.9470000000000007;12.0;1.0;1.0;0.9470000000000007;12.0;1.0;Now
04:14:39 28/03/2020;Saturday;0.9435;0.9450000000000007;1.0;1.245391504708459;0.08953696288658881;1.0;0.9450000000000007;12.0;1.0;1.0;0.9450000000000007;12.0;1.0;1.0;0.9450000000000007;12.0;1.0;Now
15:00:10 28/03/2020;Saturday;0.9444;0.9450000000000007;1.0;1.245391504708459;0.08953696288658881;1.0;0.9450000000000007;12.0;1.0;1.0;0.9450000000000007;12.0;1.0;1.0;0.9450000000000007;12.0;1.0;Now
21:51:11 28/03/2020;Saturday;0.9402;0.9450000000000007;1.0;1.245391504708459;0.08953696288658881;1.0;0.9450000000000007;12.0;1.0;1.0;0.9430000000000007;12.0;1.0;1.0;0.9450000000000007;12.0;1.0;Now
05:23:47 29/03/2020;Sunday;0.9391;0.9410000000000007;1.0;1.2469963913339923;0.10936339397445369;1.0;0.9410000000000007;12.0;1.0;1.0;0.9405000000000008;12.0;1.0;1.0;0.9405000000000008;12.0;1.0;Now
11:15:45 29/03/2020;Sunday;0.9385;0.9400000000000007;1.0;1.2473972903610138;0.1143160160512881;1.0;0.9400000000000007;12.0;1.0;1.0;0.9393333333333341;12.0;1.0;1.0;0.9400000000000007;12.0;1.0;Now
17:49:37 29/03/2020;Sunday;0.939;0.9390000000000007;1.0;1.247798060585125;0.1192670469241205;1.0;0.9390000000000007;12.0;1.0;1.0;0.9390000000000006;12.0;1.0;1.0;0.9390000000000007;12.0;1.0;Now
22:51:37 29/03/2020;Sunday;0.9362;0.9390000000000007;1.0;1.247798060585125;0.1192670469241205;1.0;0.9390000000000007;12.0;1.0;1.0;0.9390000000000006;12.0;1.0;1.0;0.9390000000000007;12.0;1.0;Now
04:44:12 30/03/2020;Monday;0.9378;0.9390000000000007;1.0;1.247798060585125;0.1192670469241205;0.8265277777777778;0.9390000000000007;9.918333333333333;0.8265277777777778;1.0;0.9393333333333341;12.0;1.0;0.8265277777777778;0.9390000000000007;9.918333333333333;0.8265277777777778;Now
09:45:41 30/03/2020;Monday;0.9388;0.9390000000000007;1.0;1.247798060585125;0.1192670469241205;0.40780092592592593;0.9390000000000007;4.893611111111111;0.40780092592592593;1.0;0.9395000000000007;12.0;1.0;1.0;0.9395000000000007;12.0;1.0;Now
14:39:18 30/03/2020;Monday;0.9395;0.9400000000000007;1.0;1.2473972903610138;0.1143160160512881;1.0;0.9400000000000007;12.0;1.0;1.0;0.9400000000000007;12.0;1.0;1.0;0.9400000000000007;12.0;1.0;Now
21:46:41 30/03/2020;Monday;0.9393;0.9400000000000007;1.0;1.2473972903610138;0.1143160160512881;1.0;0.9400000000000007;12.0;1.0;1.0;0.9400000000000007;12.0;1.0;1.0;0.9400000000000007;12.0;1.0;Now
03:22:16 31/03/2020;Tuesday;0.9391;0.9400000000000007;1.0;1.2473972903610138;0.1143160160512881;1.0;0.9400000000000007;12.0;1.0;1.0;0.9400000000000007;12.0;1.0;1.0;0.9400000000000007;12.0;1.0;Now
08:15:36 31/03/2020;Tuesday;0.9393;0.9400000000000007;1.0;1.2473972903610138;0.1143160160512881;;;;;;;;;;;;;Now
14:24:02 31/03/2020;Tuesday;0.9396;0.9400000000000007;1.0;1.2473972903610138;0.1143160160512881;;;;;;;;;;;;;Now
19:53:24 31/03/2020;Tuesday;0.9427;0.9430000000000007;1.0;1.2461942063739502;0.09945337006562376;;;;;;;;;;;;;Now
