08:55:12 01/01/2020;Wednesday;0.918;0.9180000000000007;1.0;1.463557310118056;1.0;1.0;0.9180000000000007;12.0;1.0;1.0;0.9180000000000007;12.0;1.0;1.0;0.9180000000000007;12.0;1.0;Now
08:56:12 02/01/2020;Thursday;0.918;0.9180000000000007;1.0;1.463557310118056;1.0;1.0;0.9180000000000007;12.0;1.0;1.0;0.9180000000000007;12.0;1.0;1.0;0.9180000000000007;12.0;1.0;Now
20:55:29 02/01/2020;Thursday;0.918;0.9180000000000007;1.0;1.463557310118056;1.0;1.0;0.9180000000000007;12.0;1.0;1.0;0.9180000000000007;12.0;1.0;1.0;0.9180000000000007;12.0;1.0;Now
20:56:09 03/01/2020;Friday;0.918;0.9180000000000007;1.0;1.463557310118056;1.0;1.0;0.9180000000000007;12.0;1.0;1.0;0.9180000000000007;12.0;1.0;1.0;0.9180000000000007;12.0;1.0;Now
09:55:31 04/01/2020;Saturday;0.918;0.9180000000000007;1.0;1.463557310118056;1.0;0.45708333333333334;0.9180000000000007;5.485;0.45708333333333334;1.0;0.9240000000000007;12.0;1.0;0.45708333333333334;0.9180000000000007;5.485;0.45708333333333334;Now
15:24:37 04/01/2020;Saturday;0.9254;0.9260000000000007;1.0;1.4608216865860115;0.9598928588563383;0.4305555555555556;0.9260000000000007;5.166666666666667;0.4305555555555556;1.0;0.9270000000000007;12.0;1.0;1.0;0.9270000000000007;12.0;1.0;Now
20:34:37 04/01/2020;Saturday;0.928;0.9280000000000007;1.0;1.4601369798755182;0.9498543325905378;0.5933101851851852;0.9280000000000007;7.119722222222222;0.5933101851851852;1.0;0.9300000000000007;12.0;1.0;0.5933101851851852;0.9280000000000007;7.119722222222222;0.5933101851851852;Now
03:41:48 05/01/2020;Sunday;0.9317;0.9320000000000007;1.0;1.4587666023048373;0.9297631446022805;0.5593981481481481;0.9320000000000007;6.712777777777778;0.5593981481481481;1.0;0.9363333333333341;12.0;1.0;0.5593981481481481;0.9320000000000007;6.712777777777778;0.5593981481481481;Now
10:24:34 05/01/2020;Sunday;0.9365;0.9370000000000007;1.0;1.4570518178843193;0.9046225870734181;0.38331018518518517;0.9370000000000007;4.599722222222222;0.38331018518518517;1.0;0.9393333333333341;12.0;1.0;0.9421527777777777;0.9385000000000008;11.305833333333334;0.9421527777777777;Now
15:00:33 05/01/2020;Sunday;0.9397;0.9400000000000007;1.0;1.4560219778561034;0.8895240404776527;0.5588425925925926;0.9400000000000007;6.706111111111111;0.5588425925925926;1.0;0.9405000000000008;12.0;1.0;0.5588425925925926;0.9400000000000007;6.706111111111111;0.5588425925925926;Now
21:42:55 05/01/2020;Sunday;0.9404;0.9410000000000007;1.0;1.4556785359412288;0.8844888179065725;1.0;0.9410000000000007;12.0;1.0;1.0;0.9410000000000007;12.0;1.0;1.0;0.9410000000000007;12.0;1.0;Now
05:15:27 06/01/2020;Monday;0.94;0.9410000000000007;1.0;1.4556785359412288;0.8844888179065725;1.0;0.9410000000000007;12.0;1.0;1.0;0.9410000000000007;12.0;1.0;1.0;0.9410000000000007;12.0;1.0;Now
11:14:55 06/01/2020;Monday;0.9406;0.9410000000000007;1.0;1.4556785359412288;0.8844888179065725;1.0;0.9410000000000007;12.0;1.0;1.0;0.9410000000000007;12.0;1.0;1.0;0.9410000000000007;12.0;1.0;Now
18:31:06 06/01/2020;Monday;0.9389;0.9410000000000007;1.0;1.4556785359412288;0.8844888179065725;1.0;0.9410000000000007;12.0;1.0;1.0;0.9400000000000007;12.0;1.0;1.0;0.9400000000000007;12.0;1.0;Now
23:48:51 06/01/2020;Monday;0.9362;0.9390000000000007;1.0;1.456365338780074;0.894558075636215;1.0;0.9390000000000007;12.0;1.0;1.0;0.9380000000000007;12.0;1.0;1.0;0.9390000000000007;12.0;1.0;Now
07:04:46 07/01/2020;Tuesday;0.9338;0.9370000000000007;1.0;1.4570518178843193;0.9046225870734181;1.0;0.9370000000000007;12.0;1.0;1.0;0.9355000000000007;12.0;1.0;1.0;0.9370000000000007;12.0;1.0;Now
14:11:24 07/01/2020;Tuesday;0.9331;0.9340000000000007;1.0;1.4580809305384936;0.9197104695946126;1.0;0.9340000000000007;12.0;1.0;1.0;0.9340000000000007;12.0;1.0;1.0;0.9340000000000007;12.0;1.0;Now
02:19:45 08/01/2020;Wednesday;0.934;0.9340000000000007;1.0;1.4580809305384936;0.9197104695946126;1.0;0.9340000000000007;12.0;1.0;1.0;0.9340000000000007;12.0;1.0;1.0;0.9340000000000007;12.0;1.0;Now
08:53:05 08/01/2020;Wednesday;0.9332;0.9340000000000007;1.0;1.4580809305384936;0.9197104695946126;1.0;0.9340000000000007;12.0;1.0;1.0;0.9340000000000007;12.0;1.0;1.0;0.9340000000000007;12.0;1.0;Now
14:20:02 08/01/2020;Wednesday;0.9328;0.9340000000000007;1.0;1.4580809305384936;0.9197104695946126;1.0;0.9340000000000007;12.0;1.0;1.0;0.9340000000000007;12.0;1.0;1.0;0.9340000000000007;12.0;1.0;Now
20:37:40 08/01/2020;Wednesday;0.9327;0.9340000000000007;1.0;1.4580809305384936;0.9197104695946126;1.0;0.9340000000000007;12.0;1.0;1.0;0.9335000000000007;12.0;1.0;1.0;0.9340000000000007;12.0;1.0;Now
04:01:01 09/01/2020;Thursday;0.9328;0.9330000000000007;1.0;1.4584238067173751;0.9247373978762695;0.5000925925925926;0.9330000000000007;6.001111111111111;0.5000925925925926;1.0;0.9340000000000007;12.0;1.0;0.5000925925925926;0.9330000000000007;6.001111111111111;0.5000925925925926;Now
10:01:05 09/01/2020;Thursday;0.9339;0.9340000000000007;1.0;1.4580809305384936;0.9197104695946126;0.4430324074074074;0.9340000000000007;5.316388888888889;0.4430324074074074;1.0;0.9345000000000008;12.0;1.0;1.0;0.9345000000000008;12.0;1.0;Now
15:20:04 09/01/2020;Thursday;0.9342;0.9350000000000007;1.0;1.4577379737113247;0.9146823589235634;0.5926157407407407;0.9350000000000007;7.1113888888888885;0.5926157407407407;1.0;0.9395000000000007;12.0;1.0;0.5926157407407407;0.9350000000000007;7.1113888888888885;0.5926157407407407;Now
22:26:45 09/01/2020;Thursday;0.9431;0.9440000000000007;1.0;1.4546477236774542;0.8693760173068031;0.430787037037037;0.9440000000000007;5.169444444444444;0.430787037037037;1.0;0.9510000000000006;12.0;1.0;0.9894675925925925;0.9475000000000007;11.873611111111112;0.9894675925925925;Now
03:36:55 10/01/2020;Friday;0.9509;0.9510000000000007;1.0;1.4522396496446444;0.8340710990726357;0.5586805555555555;0.9510000000000007;6.704166666666667;0.5586805555555555;1.0;0.9566666666666674;12.0;1.0;0.5586805555555555;0.9510000000000007;6.704166666666667;0.5586805555555555;Now
10:19:10 10/01/2020;Friday;0.9577;0.9580000000000007;1.0;1.4498275759551547;0.7987075416313162;0.4300231481481481;0.9580000000000007;5.160277777777778;0.4300231481481481;1.0;0.9595000000000007;12.0;1.0;1.0;0.9595000000000007;12.0;1.0;Now
15:28:47 10/01/2020;Friday;0.961;0.9610000000000007;1.0;1.4487926007541587;0.7835337079585547;0.5810648148148149;0.9610000000000007;6.972777777777778;0.5810648148148149;1.0;0.9640000000000007;12.0;1.0;0.5810648148148149;0.9610000000000007;6.972777777777778;0.5810648148148149;Now
22:27:09 10/01/2020;Friday;0.9661;0.9670000000000007;1.0;1.4467204291085403;0.7531534748266205;1.0;0.9670000000000007;12.0;1.0;1.0;0.9670000000000009;12.0;1.0;1.0;0.9670000000000007;12.0;1.0;Now
03:37:09 11/01/2020;Saturday;0.9615;0.9670000000000007;1.0;1.4467204291085403;0.7531534748266205;1.0;0.9670000000000007;12.0;1.0;1.0;0.9670000000000007;12.0;1.0;1.0;0.9670000000000007;12.0;1.0;Now
09:20:55 11/01/2020;Saturday;0.9624;0.9670000000000007;1.0;1.4467204291085403;0.7531534748266205;1.0;0.9670000000000007;12.0;1.0;1.0;0.9650000000000007;12.0;1.0;1.0;0.9670000000000007;12.0;1.0;Now
16:54:05 11/01/2020;Saturday;0.9612;0.9630000000000007;1.0;1.4481022063376603;0.7734117938929137;1.0;0.9630000000000007;12.0;1.0;1.0;0.9625000000000008;12.0;1.0;1.0;0.9630000000000007;12.0;1.0;Now
23:43:19 11/01/2020;Saturday;0.9562;0.9620000000000007;1.0;1.4484474446799924;0.778473353994998;1.0;0.9620000000000007;12.0;1.0;1.0;0.9595000000000007;12.0;1.0;1.0;0.9620000000000007;12.0;1.0;Now
06:00:40 12/01/2020;Sunday;0.9551;0.9570000000000007;1.0;1.450172403543799;0.8037630796488789;1.0;0.9570000000000007;12.0;1.0;1.0;0.9565000000000008;12.0;1.0;1.0;0.9570000000000007;12.0;1.0;Now
12:25:51 12/01/2020;Sunday;0.9491;0.9560000000000007;1.0;1.4505171491574993;0.8088174158268547;1.0;0.9560000000000007;12.0;1.0;1.0;0.9535000000000007;12.0;1.0;1.0;0.9560000000000007;12.0;1.0;Now
19:33:13 12/01/2020;Sunday;0.9502;0.9510000000000007;1.0;1.4522396496446444;0.8340710990726357;0.5804861111111111;0.9510000000000007;6.965833333333333;0.5804861111111111;1.0;0.9520000000000007;12.0;1.0;0.5804861111111111;0.9510000000000007;6.965833333333333;0.5804861111111111;Now
02:31:10 13/01/2020;Monday;0.9529;0.9530000000000007;1.0;1.4515508947329403;0.8239732218853967;1.0;0.9530000000000007;12.0;1.0;1.0;0.9530000000000007;12.0;1.0;1.0;0.9530000000000007;12.0;1.0;Now
08:48:12 13/01/2020;Monday;0.9506;0.9530000000000007;1.0;1.4515508947329403;0.8239732218853967;0.5014351851851852;0.9530000000000007;6.017222222222222;0.5014351851851852;1.0;0.9540000000000007;12.0;1.0;0.5014351851851852;0.9530000000000007;6.017222222222222;0.5014351851851852;Now
14:49:14 13/01/2020;Monday;0.9545;0.9550000000000007;1.0;1.4508618128546906;0.8138705510219663;0.6046990740740741;0.9550000000000007;6.972777777777778;0.5810648148148149;1.0;0.9556666666666674;12.0;1.0;0.6046990740740741;0.9550000000000007;6.972777777777778;0.5810648148148149;Now
21:47:36 13/01/2020;Monday;0.9553;0.9560000000000007;1.0;1.4505171491574993;0.8088174158268547;1.0;0.9560000000000007;12.0;1.0;1.0;0.9560000000000007;12.0;1.0;1.0;0.9560000000000007;12.0;1.0;Now
02:32:13 14/01/2020;Tuesday;0.9541;0.9560000000000007;1.0;1.4505171491574993;0.8088174158268547;1.0;0.9560000000000007;12.0;1.0;1.0;0.9560000000000007;12.0;1.0;1.0;0.9560000000000007;12.0;1.0;Now
08:25:10 14/01/2020;Tuesday;0.9533;0.9560000000000007;1.0;1.4505171491574993;0.8088174158268547;1.0;0.9560000000000007;12.0;1.0;1.0;0.9546666666666673;12.0;1.0;1.0;0.9560000000000007;12.0;1.0;Now
14:42:41 14/01/2020;Tuesday;0.9516;0.9540000000000007;1.0;1.4512063946937388;0.8189224860899176;0.7991435185185185;0.9540000000000007;9.589722222222223;0.7991435185185185;1.0;0.9550000000000006;12.0;1.0;0.7991435185185185;0.9540000000000007;9.589722222222223;0.7991435185185185;Now
19:31:52 14/01/2020;Tuesday;0.9537;0.9540000000000007;1.0;1.4512063946937388;0.8189224860899176;0.6008796296296296;0.9540000000000007;4.77;0.3975;1.0;0.9560000000000007;12.0;1.0;0.6008796296296296;0.9540000000000007;4.77;0.3975;Now
00:18:04 15/01/2020;Wednesday;0.9567;0.9570000000000007;1.0;1.450172403543799;0.8037630796488789;1.0;0.9570000000000007;12.0;1.0;1.0;0.9570000000000007;12.0;1.0;1.0;0.9570000000000007;12.0;1.0;Now
05:05:26 15/01/2020;Wednesday;0.9537;0.9570000000000007;1.0;1.450172403543799;0.8037630796488789;1.0;0.9570000000000007;12.0;1.0;1.0;0.9570000000000007;12.0;1.0;1.0;0.9570000000000007;12.0;1.0;Now
11:05:07 15/01/2020;Wednesday;0.9522;0.9570000000000007;1.0;1.450172403543799;0.8037630796488789;1.0;0.9570000000000007;12.0;1.0;1.0;0.9570000000000007;12.0;1.0;1.0;0.9570000000000007;12.0;1.0;Now
18:37:20 15/01/2020;Wednesday;0.9562;0.9570000000000007;1.0;1.450172403543799;0.8037630796488789;0.6176388888888888;0.9570000000000007;7.411666666666667;0.6176388888888888;1.0;0.9590000000000007;12.0;1.0;0.6176388888888888;0.9570000000000007;7.411666666666667;0.6176388888888888;Now
02:02:02 16/01/2020;Thursday;0.9609;0.9610000000000007;1.0;1.4487926007541587;0.7835337079585547;1.0;0.9610000000000007;12.0;1.0;1.0;0.9610000000000007;12.0;1.0;1.0;0.9610000000000007;12.0;1.0;Now
08:35:55 16/01/2020;Thursday;0.9597;0.9610000000000007;1.0;1.4487926007541587;0.7835337079585547;1.0;0.9610000000000007;12.0;1.0;1.0;0.9603333333333341;12.0;1.0;1.0;0.9610000000000007;12.0;1.0;Now
14:02:35 16/01/2020;Thursday;0.9585;0.9600000000000007;1.0;1.4491376746189435;0.7885928566454243;0.9888194444444445;0.9600000000000007;11.865833333333333;0.9888194444444445;1.0;0.960333333333334;12.0;1.0;0.9888194444444445;0.9600000000000007;11.865833333333333;0.9888194444444445;Now
19:54:16 16/01/2020;Thursday;0.9592;0.9600000000000007;1.0;1.4491376746189435;0.7885928566454243;0.5003703703703704;0.9600000000000007;6.004444444444444;0.5003703703703704;1.0;0.9605000000000008;12.0;1.0;0.5003703703703704;0.9600000000000007;6.004444444444444;0.5003703703703704;Now
01:54:32 17/01/2020;Friday;0.9601;0.9610000000000007;1.0;1.4487926007541587;0.7835337079585547;1.0;0.9610000000000007;12.0;1.0;1.0;0.9610000000000007;12.0;1.0;1.0;0.9610000000000007;12.0;1.0;Now
09:01:39 17/01/2020;Friday;0.9542;0.9610000000000007;1.0;1.4487926007541587;0.7835337079585547;1.0;0.9610000000000007;12.0;1.0;1.0;0.9580000000000007;12.0;1.0;1.0;0.9610000000000007;12.0;1.0;Now
15:52:58 17/01/2020;Friday;0.954;0.9550000000000007;1.0;1.4508618128546906;0.8138705510219663;1.0;0.9550000000000007;12.0;1.0;1.0;0.9545000000000008;12.0;1.0;1.0;0.9550000000000007;12.0;1.0;Now
22:26:05 17/01/2020;Friday;0.9533;0.9540000000000007;1.0;1.4512063946937388;0.8189224860899176;1.0;0.9540000000000007;12.0;1.0;1.0;0.9540000000000007;12.0;1.0;1.0;0.9540000000000007;12.0;1.0;Now
04:10:25 18/01/2020;Saturday;0.9473;0.9540000000000007;1.0;1.4512063946937388;0.8189224860899176;1.0;0.9540000000000007;12.0;1.0;1.0;0.9520000000000007;12.0;1.0;1.0;0.9540000000000007;12.0;1.0;Now
10:10:15 18/01/2020;Saturday;0.9425;0.9540000000000007;1.0;1.4512063946937388;0.8189224860899176;1.0;0.9540000000000007;12.0;1.0;1.0;0.9490000000000007;12.0;1.0;1.0;0.9540000000000007;12.0;1.0;Now
15:38:01 18/01/2020;Saturday;0.9442;0.9480000000000007;1.0;1.4532721699667956;0.8492089416190014;1.0;0.9480000000000007;12.0;1.0;1.0;0.9460000000000007;12.0;1.0;1.0;0.9480000000000007;12.0;1.0;Now
20:47:09 18/01/2020;Saturday;0.9426;0.9450000000000007;1.0;1.4543039572248986;0.8643360366692624;1.0;0.9450000000000007;12.0;1.0;1.0;0.9440000000000006;12.0;1.0;1.0;0.9450000000000007;12.0;1.0;Now
02:39:05 19/01/2020;Sunday;0.9397;0.9450000000000007;1.0;1.4543039572248986;0.8643360366692624;1.0;0.9450000000000007;12.0;1.0;1.0;0.9436666666666674;12.0;1.0;1.0;0.9440000000000007;12.0;1.0;Now
08:30:20 19/01/2020;Sunday;0.9397;0.9430000000000007;1.0;1.4549914089093445;0.8744148071632847;1.0;0.9430000000000007;12.0;1.0;1.0;0.9420000000000007;12.0;1.0;1.0;0.9430000000000007;12.0;1.0;Now
08:31:20 19/01/2020;Sunday;0.9373;0.9430000000000007;1.0;1.4549914089093445;0.8744148071632847;1.0;0.9430000000000007;12.0;1.0;1.0;0.9415000000000007;12.0;1.0;1.0;0.9430000000000007;12.0;1.0;Now
15:54:42 19/01/2020;Sunday;0.937;0.9400000000000007;1.0;1.4560219778561034;0.8895240404776527;1.0;0.9400000000000007;12.0;1.0;1.0;0.9385000000000008;12.0;1.0;1.0;0.9400000000000007;12.0;1.0;Now
23:02:01 19/01/2020;Sunday;0.936;0.9370000000000007;1.0;1.4570518178843193;0.9046225870734181;0.5240046296296297;0.9370000000000007;6.288055555555555;0.5240046296296297;1.0;0.9396666666666674;12.0;1.0;0.5240046296296297;0.9370000000000007;6.288055555555555;0.5240046296296297;Now
05:19:18 20/01/2020;Monday;0.9404;0.9410000000000007;1.0;1.4556785359412288;0.8844888179065725;0.7686805555555556;0.9410000000000007;9.224166666666667;0.7686805555555556;1.0;0.9433333333333341;12.0;1.0;0.7686805555555556;0.9410000000000007;9.224166666666667;0.7686805555555556;Now
09:55:49 20/01/2020;Monday;0.9407;0.9410000000000007;1.0;1.4556785359412288;0.8844888179065725;0.38462962962962965;0.9410000000000007;4.615555555555556;0.38462962962962965;1.0;0.9445000000000008;12.0;1.0;1.0;0.9445000000000008;12.0;1.0;Now
14:32:45 20/01/2020;Monday;0.9473;0.9480000000000007;1.0;1.4532721699667956;0.8492089416190014;1.0;0.9480000000000007;12.0;1.0;1.0;0.9480000000000007;12.0;1.0;1.0;0.9480000000000007;12.0;1.0;Now
21:56:47 20/01/2020;Monday;0.9461;0.9480000000000007;1.0;1.4532721699667956;0.8492089416190014;1.0;0.9480000000000007;12.0;1.0;1.0;0.9480000000000007;12.0;1.0;1.0;0.9480000000000007;12.0;1.0;Now
03:06:22 21/01/2020;Tuesday;0.9474;0.9480000000000007;1.0;1.4532721699667956;0.8492089416190014;0.8609490740740741;0.9480000000000007;10.331388888888888;0.8609490740740741;1.0;0.9486666666666674;12.0;1.0;0.8609490740740741;0.9480000000000007;10.331388888888888;0.8609490740740741;Now
08:17:10 21/01/2020;Tuesday;0.9479;0.9480000000000007;1.0;1.4532721699667956;0.8492089416190014;0.4292824074074074;0.9480000000000007;5.151388888888889;0.4292824074074074;1.0;0.9500000000000007;12.0;1.0;0.4292824074074074;0.9480000000000007;5.151388888888889;0.4292824074074074;Now
13:26:15 21/01/2020;Tuesday;0.9496;0.9500000000000007;1.0;1.4525839046333948;0.8391182421687129;0.4375;0.9500000000000007;5.25;0.4375;1.0;0.952333333333334;12.0;1.0;0.4375;0.9500000000000007;5.25;0.4375;Now
18:41:15 21/01/2020;Tuesday;0.9518;0.9520000000000007;1.0;1.4518953130305225;0.8290227592620795;0.46824074074074074;0.9520000000000007;5.618888888888889;0.46824074074074074;1.0;0.9540000000000006;12.0;1.0;0.46824074074074074;0.9520000000000007;5.618888888888889;0.46824074074074074;Now
00:18:23 22/01/2020;Wednesday;0.955;0.9550000000000007;1.0;1.4508618128546906;0.8138705510219663;0.9306712962962963;0.9550000000000007;11.168055555555556;0.9306712962962963;1.0;0.9553333333333341;12.0;1.0;0.9306712962962963;0.9550000000000007;11.168055555555556;0.9306712962962963;Now
06:02:39 22/01/2020;Wednesday;0.9548;0.9550000000000007;1.0;1.4508618128546906;0.8138705510219663;0.45252314814814815;0.9550000000000007;5.4302777777777775;0.45252314814814815;1.0;0.9556666666666674;12.0;1.0;1.0;0.9555000000000007;12.0;1.0;Now
11:28:28 22/01/2020;Wednesday;0.9551;0.9560000000000007;1.0;1.4505171491574993;0.8088174158268547;1.0;0.9560000000000007;12.0;1.0;1.0;0.9560000000000007;12.0;1.0;1.0;0.9560000000000007;12.0;1.0;Now
17:36:53 22/01/2020;Wednesday;0.9553;0.9560000000000007;1.0;1.4505171491574993;0.8088174158268547;0.5131018518518519;0.9560000000000007;6.157222222222222;0.5131018518518519;1.0;0.9586666666666673;12.0;1.0;0.5131018518518519;0.9560000000000007;6.157222222222222;0.5131018518518519;Now
23:46:19 22/01/2020;Wednesday;0.9578;0.9580000000000007;1.0;1.4498275759551547;0.7987075416313162;0.3840972222222222;0.9580000000000007;4.609166666666667;0.3840972222222222;1.0;0.9606666666666674;12.0;1.0;1.0;0.9600000000000007;12.0;1.0;Now
04:22:52 23/01/2020;Thursday;0.9615;0.9620000000000007;1.0;1.4484474446799924;0.778473353994998;0.8254861111111111;0.9620000000000007;9.905833333333334;0.8254861111111111;1.0;0.9633333333333342;12.0;1.0;0.8254861111111111;0.9620000000000007;9.905833333333334;0.8254861111111111;Now
09:32:15 23/01/2020;Thursday;0.962;0.9620000000000007;1.0;1.4484474446799924;0.778473353994998;0.39578703703703705;0.9620000000000007;4.749444444444444;0.39578703703703705;1.0;0.9640000000000007;12.0;1.0;1.0;0.9640000000000007;12.0;1.0;Now
14:17:13 23/01/2020;Thursday;0.966;0.9660000000000007;1.0;1.4470659971127784;0.7582198681217369;0.6051388888888889;0.9660000000000007;7.261666666666667;0.6051388888888889;1.0;0.9680000000000007;12.0;1.0;0.6051388888888889;0.9660000000000007;7.261666666666667;0.6051388888888889;Now
21:32:55 23/01/2020;Thursday;0.9691;0.9700000000000008;1.0;1.4456832294800959;0.7379470286892439;1.0;0.9700000000000008;12.0;1.0;1.0;0.9700000000000008;12.0;1.0;1.0;0.9700000000000008;12.0;1.0;Now
03:24:40 24/01/2020;Friday;0.9663;0.9700000000000008;1.0;1.4456832294800959;0.7379470286892439;1.0;0.9700000000000008;12.0;1.0;1.0;0.9690000000000007;12.0;1.0;1.0;0.9700000000000008;12.0;1.0;Now
09:16:32 24/01/2020;Friday;0.9627;0.9700000000000008;1.0;1.4456832294800959;0.7379470286892439;1.0;0.9700000000000008;12.0;1.0;1.0;0.9666666666666673;12.0;1.0;1.0;0.9700000000000008;12.0;1.0;Now
14:18:10 24/01/2020;Friday;0.9618;0.9670000000000007;1.0;1.4467204291085403;0.7531534748266205;1.0;0.9670000000000007;12.0;1.0;1.0;0.9640000000000007;12.0;1.0;1.0;0.9670000000000007;12.0;1.0;Now
19:52:32 24/01/2020;Friday;0.9596;0.9630000000000007;1.0;1.4481022063376603;0.7734117938929137;1.0;0.9630000000000007;12.0;1.0;1.0;0.9612500000000008;12.0;1.0;1.0;0.9630000000000007;12.0;1.0;Now
01:44:56 25/01/2020;Saturday;0.9575;0.9620000000000007;1.0;1.4484474446799924;0.778473353994998;1.0;0.9620000000000007;12.0;1.0;1.0;0.9606666666666674;12.0;1.0;1.0;0.9610000000000007;12.0;1.0;Now
04:14:07 25/01/2020;Saturday;0.9575;0.9600000000000007;1.0;1.4491376746189435;0.7885928566454243;1.0;0.9600000000000007;12.0;1.0;1.0;0.9593333333333341;12.0;1.0;1.0;0.9600000000000007;12.0;1.0;Now
06:46:17 25/01/2020;Saturday;0.9573;0.9600000000000007;1.0;1.4491376746189435;0.7885928566454243;1.0;0.9600000000000007;12.0;1.0;1.0;0.9590000000000007;12.0;1.0;1.0;0.9600000000000007;12.0;1.0;Now
14:10:11 25/01/2020;Saturday;0.9546;0.9580000000000007;1.0;1.4498275759551547;0.7987075416313162;1.0;0.9580000000000007;12.0;1.0;1.0;0.9565000000000008;12.0;1.0;1.0;0.9580000000000007;12.0;1.0;Now
20:27:16 25/01/2020;Saturday;0.9539;0.9550000000000007;1.0;1.4508618128546906;0.8138705510219663;1.0;0.9550000000000007;12.0;1.0;1.0;0.9545000000000008;12.0;1.0;1.0;0.9550000000000007;12.0;1.0;Now
03:43:09 26/01/2020;Sunday;0.9527;0.9540000000000007;1.0;1.4512063946937388;0.8189224860899176;1.0;0.9540000000000007;12.0;1.0;1.0;0.953333333333334;12.0;1.0;1.0;0.9535000000000007;12.0;1.0;Now
08:36:13 26/01/2020;Sunday;0.9514;0.9530000000000007;1.0;1.4515508947329403;0.8239732218853967;1.0;0.9530000000000007;12.0;1.0;1.0;0.9530000000000007;12.0;1.0;1.0;0.9530000000000007;12.0;1.0;Now
14:03:01 26/01/2020;Sunday;0.9492;0.9530000000000007;1.0;1.4515508947329403;0.8239732218853967;1.0;0.9530000000000007;12.0;1.0;1.0;0.9515000000000007;12.0;1.0;1.0;0.9530000000000007;12.0;1.0;Now
21:10:31 26/01/2020;Sunday;0.9494;0.9500000000000007;1.0;1.4525839046333948;0.8391182421687129;1.0;0.9500000000000007;12.0;1.0;1.0;0.9500000000000007;12.0;1.0;1.0;0.9500000000000007;12.0;1.0;Now
03:53:17 27/01/2020;Monday;0.9499;0.9500000000000007;1.0;1.4525839046333948;0.8391182421687129;0.4412962962962963;0.9500000000000007;5.295555555555556;0.4412962962962963;1.0;0.9510000000000007;12.0;1.0;1.0;0.9510000000000007;12.0;1.0;Now
09:11:01 27/01/2020;Monday;0.9516;0.9520000000000007;1.0;1.4518953130305225;0.8290227592620795;0.6052546296296296;0.9520000000000007;7.263055555555556;0.6052546296296296;1.0;0.9535000000000007;12.0;1.0;0.6052546296296296;0.9520000000000007;7.263055555555556;0.6052546296296296;Now
16:26:48 27/01/2020;Monday;0.9549;0.9550000000000007;1.0;1.4508618128546906;0.8138705510219663;1.0;0.9550000000000007;12.0;1.0;1.0;0.9550000000000007;12.0;1.0;1.0;0.9550000000000007;12.0;1.0;Now
23:51:00 27/01/2020;Monday;0.9526;0.9550000000000007;1.0;1.4508618128546906;0.8138705510219663;1.0;0.9550000000000007;12.0;1.0;1.0;0.9550000000000006;12.0;1.0;1.0;0.9550000000000007;12.0;1.0;Now
05:01:17 28/01/2020;Tuesday;0.9545;0.9550000000000007;1.0;1.4508618128546906;0.8138705510219663;1.0;0.9550000000000007;12.0;1.0;1.0;0.9550000000000006;12.0;1.0;1.0;0.9550000000000007;12.0;1.0;Now
09:37:55 28/01/2020;Tuesday;0.9532;0.9550000000000007;1.0;1.4508618128546906;0.8138705510219663;1.0;0.9550000000000007;12.0;1.0;1.0;0.9546666666666673;12.0;1.0;1.0;0.9550000000000007;12.0;1.0;Now
16:53:09 28/01/2020;Tuesday;0.9497;0.9550000000000007;1.0;1.4508618128546906;0.8138705510219663;1.0;0.9550000000000007;12.0;1.0;1.0;0.9522500000000007;12.0;1.0;1.0;0.9545000000000008;12.0;1.0;Now
17:14:10 28/01/2020;Tuesday;0.9497;0.9540000000000007;1.0;1.4512063946937388;0.8189224860899176;1.0;0.9540000000000007;12.0;1.0;1.0;0.9513333333333341;12.0;1.0;1.0;0.9540000000000007;12.0;1.0;Now
23:35:31 28/01/2020;Tuesday;0.9465;0.9500000000000007;1.0;1.4525839046333948;0.8391182421687129;1.0;0.9500000000000007;12.0;1.0;1.0;0.9490000000000007;12.0;1.0;1.0;0.9500000000000007;12.0;1.0;Now
04:12:32 29/01/2020;Wednesday;0.9446;0.9500000000000007;1.0;1.4525839046333948;0.8391182421687129;1.0;0.9500000000000007;12.0;1.0;1.0;0.9485000000000008;12.0;1.0;1.0;0.9500000000000007;12.0;1.0;Now
11:18:55 29/01/2020;Wednesday;0.9423;0.9470000000000007;1.0;1.4536161804272816;0.8542524996714848;1.0;0.9470000000000007;12.0;1.0;1.0;0.944333333333334;12.0;1.0;1.0;0.9470000000000007;12.0;1.0;Now
16:37:26 29/01/2020;Wednesday;0.9411;0.9430000000000007;1.0;1.4549914089093445;0.8744148071632847;1.0;0.9430000000000007;12.0;1.0;1.0;0.9426666666666673;12.0;1.0;1.0;0.9430000000000007;12.0;1.0;Now
21:31:31 29/01/2020;Wednesday;0.9403;0.9430000000000007;1.0;1.4549914089093445;0.8744148071632847;1.0;0.9430000000000007;12.0;1.0;1.0;0.9425000000000008;12.0;1.0;1.0;0.9430000000000007;12.0;1.0;Now
04:22:10 30/01/2020;Thursday;0.9371;0.9420000000000007;1.0;1.4553350129781113;0.87945240708233;1.0;0.9420000000000007;12.0;1.0;1.0;0.9400000000000007;12.0;1.0;1.0;0.9400000000000007;12.0;1.0;Now
10:13:26 30/01/2020;Thursday;0.9364;0.9380000000000007;1.0;1.4567086187704112;0.8995909242219141;1.0;0.9380000000000007;12.0;1.0;1.0;0.937333333333334;12.0;1.0;1.0;0.9380000000000007;12.0;1.0;Now
16:38:54 30/01/2020;Thursday;0.9341;0.9370000000000007;1.0;1.4570518178843193;0.9046225870734181;1.0;0.9370000000000007;12.0;1.0;1.0;0.936333333333334;12.0;1.0;1.0;0.9370000000000007;12.0;1.0;Now
21:49:04 30/01/2020;Thursday;0.9329;0.9370000000000007;1.0;1.4570518178843193;0.9046225870734181;1.0;0.9370000000000007;12.0;1.0;1.0;0.9350000000000008;12.0;1.0;1.0;0.9370000000000007;12.0;1.0;Now
04:31:49 31/01/2020;Friday;0.9317;0.9350000000000007;1.0;1.4577379737113247;0.9146823589235634;1.0;0.9350000000000007;12.0;1.0;1.0;0.9340000000000007;12.0;1.0;1.0;0.9340000000000007;12.0;1.0;Now
09:24:34 31/01/2020;Friday;0.9312;0.9330000000000007;1.0;1.4584238067173751;0.9247373978762695;1.0;0.9330000000000007;12.0;1.0;1.0;0.9323333333333341;12.0;1.0;1.0;0.9330000000000007;12.0;1.0;Now
16:40:01 31/01/2020;Friday;0.9297;0.9320000000000007;1.0;1.4587666023048373;0.9297631446022805;1.0;0.9320000000000007;12.0;1.0;1.0;0.9316666666666674;12.0;1.0;1.0;0.9320000000000007;12.0;1.0;Now
16:40:01 31/01/2020;Friday;0.9297;0.9320000000000007;1.0;1.4587666023048373;0.9297631446022805;1.0;0.9320000000000007;12.0;1.0;1.0;0.9315000000000007;12.0;1.0;1.0;0.9320000000000007;12.0;1.0;Now
00:04:35 01/02/2020;Saturday;0.9304;0.9310000000000007;1.0;1.4591093173576817;0.9347877106054151;1.0;0.9310000000000007;12.0;1.0;1.0;0.9310000000000007;12.0;1.0;1.0;0.9310000000000007;12.0;1.0;Now
05:13:54 01/02/2020;Saturday;0.9303;0.9310000000000007;1.0;1.4591093173576817;0.9347877106054151;0.5833796296296296;0.9310000000000007;7.000555555555556;0.5833796296296296;1.0;0.9325000000000008;12.0;1.0;0.5833796296296296;0.9310000000000007;7.000555555555556;0.5833796296296296;Now
12:13:56 01/02/2020;Saturday;0.9333;0.9340000000000007;1.0;1.4580809305384936;0.9197104695946126;1.0;0.9340000000000007;12.0;1.0;1.0;0.9340000000000007;12.0;1.0;1.0;0.9340000000000007;12.0;1.0;Now
19:03:55 01/02/2020;Saturday;0.9317;0.9340000000000007;1.0;1.4580809305384936;0.9197104695946126;1.0;0.9340000000000007;12.0;1.0;1.0;0.9330000000000007;12.0;1.0;1.0;0.9330000000000007;12.0;1.0;Now
00:31:16 02/02/2020;Sunday;0.9291;0.9320000000000007;1.0;1.4587666023048373;0.9297631446022805;1.0;0.9320000000000007;12.0;1.0;1.0;0.9310000000000007;12.0;1.0;1.0;0.9320000000000007;12.0;1.0;Now
07:12:29 02/02/2020;Sunday;0.9277;0.9300000000000007;1.0;1.4594519519326423;0.9398110967174564;1.0;0.9300000000000007;12.0;1.0;1.0;0.9290000000000007;12.0;1.0;1.0;0.9300000000000007;12.0;1.0;Now
14:28:10 02/02/2020;Sunday;0.9255;0.9280000000000007;1.0;1.4601369798755182;0.9498543325905378;1.0;0.9280000000000007;12.0;1.0;1.0;0.9272500000000006;12.0;1.0;1.0;0.9280000000000007;12.0;1.0;Now
19:55:06 02/02/2020;Sunday;0.9261;0.9270000000000007;1.0;1.46047937335657;0.9548741840102803;1.0;0.9270000000000007;12.0;1.0;1.0;0.9270000000000007;12.0;1.0;1.0;0.9270000000000007;12.0;1.0;Now
00:48:29 03/02/2020;Monday;0.9255;0.9270000000000007;1.0;1.46047937335657;0.9548741840102803;1.0;0.9270000000000007;12.0;1.0;1.0;0.9270000000000008;12.0;1.0;1.0;0.9270000000000007;12.0;1.0;Now
01:13:43 03/02/2020;Monday;0.9255;0.9270000000000007;1.0;1.46047937335657;0.9548741840102803;1.0;0.9270000000000007;12.0;1.0;1.0;0.9270000000000007;12.0;1.0;1.0;0.9270000000000007;12.0;1.0;Now
06:57:00 03/02/2020;Monday;0.9213;0.9270000000000007;1.0;1.46047937335657;0.9548741840102803;1.0;0.9270000000000007;12.0;1.0;1.0;0.9245000000000008;12.0;1.0;1.0;0.9270000000000007;12.0;1.0;Now
14:21:26 03/02/2020;Monday;0.9202;0.9220000000000007;1.0;1.462190138114739;0.9799558090276725;1.0;0.9220000000000007;12.0;1.0;1.0;0.921333333333334;12.0;1.0;1.0;0.9220000000000007;12.0;1.0;Now
19:14:29 03/02/2020;Monday;0.9198;0.9210000000000007;1.0;1.4625320509308504;0.9849686133898117;1.0;0.9210000000000007;12.0;1.0;1.0;0.9210000000000007;12.0;1.0;1.0;0.9210000000000007;12.0;1.0;Now
23:51:14 03/02/2020;Monday;0.92;0.9210000000000007;1.0;1.4625320509308504;0.9849686133898117;1.0;0.9210000000000007;12.0;1.0;1.0;0.9210000000000007;12.0;1.0;1.0;0.9210000000000007;12.0;1.0;Now
11:35:01 04/02/2020;Tuesday;0.9205;0.9210000000000007;1.0;1.4625320509308504;0.9849686133898117;0.5868981481481481;0.9210000000000007;7.042777777777777;0.5868981481481481;1.0;0.9220000000000007;12.0;1.0;0.5868981481481481;0.9210000000000007;7.042777777777777;0.5868981481481481;Now
18:05:35 04/02/2020;Tuesday;0.9205;0.9210000000000007;1.0;1.4625320509308504;0.9849686133898117;0.044444444444444446;0.9210000000000007;0.5333333333333333;0.044444444444444446;1.0;0.9233333333333341;12.0;1.0;0.5073611111111112;0.9225000000000008;6.088333333333333;0.5073611111111112;Now
18:37:35 04/02/2020;Tuesday;0.9231;0.9240000000000007;1.0;1.4615060725156086;0.9699266821341244;0.46291666666666664;0.9240000000000007;5.555;0.46291666666666664;1.0;0.9245000000000008;12.0;1.0;1.0;0.9245000000000008;12.0;1.0;Now
00:10:53 05/02/2020;Wednesday;0.9248;0.9250000000000007;1.0;1.4611639196202455;0.9649103579556343;1.0;0.9250000000000007;12.0;1.0;1.0;0.9250000000000007;12.0;1.0;1.0;0.9250000000000007;12.0;1.0;Now
06:45:41 05/02/2020;Wednesday;0.9232;0.9250000000000007;1.0;1.4611639196202455;0.9649103579556343;0.5581481481481482;0.9250000000000007;6.697777777777778;0.5581481481481482;1.0;0.9265000000000008;12.0;1.0;0.5581481481481482;0.9250000000000007;6.697777777777778;0.5581481481481482;Now
13:27:33 05/02/2020;Wednesday;0.9277;0.9280000000000007;1.0;1.4601369798755182;0.9498543325905378;0.615625;0.9280000000000007;7.3875;0.615625;1.0;0.9295000000000007;12.0;1.0;0.615625;0.9280000000000007;7.3875;0.615625;Now
20:50:48 05/02/2020;Wednesday;0.9301;0.9310000000000007;1.0;1.4591093173576817;0.9347877106054151;0.5131712962962963;0.9310000000000007;6.158055555555555;0.5131712962962963;1.0;0.9320000000000007;12.0;1.0;0.5131712962962963;0.9310000000000007;6.158055555555555;0.5131712962962963;Now
03:00:17 06/02/2020;Thursday;0.9319;0.9320000000000007;1.0;1.4587666023048373;0.9297631446022805;0.41886574074074073;0.9320000000000007;5.026388888888889;0.41886574074074073;1.0;0.9330000000000007;12.0;1.0;0.9884722222222222;0.9325000000000008;11.861666666666666;0.9884722222222222;Now
08:01:52 06/02/2020;Thursday;0.9325;0.9330000000000007;1.0;1.4584238067173751;0.9247373978762695;0.5696064814814815;0.9330000000000007;6.835277777777778;0.5696064814814815;1.0;0.9335000000000007;12.0;1.0;0.5696064814814815;0.9330000000000007;6.835277777777778;0.5696064814814815;Now
14:51:59 06/02/2020;Thursday;0.9335;0.9340000000000007;1.0;1.4580809305384936;0.9197104695946126;1.0;0.9340000000000007;12.0;1.0;1.0;0.9340000000000007;12.0;1.0;1.0;0.9340000000000007;12.0;1.0;Now
20:55:22 06/02/2020;Thursday;0.9318;0.9340000000000007;1.0;1.4580809305384936;0.9197104695946126;1.0;0.9340000000000007;12.0;1.0;1.0;0.9340000000000007;12.0;1.0;1.0;0.9340000000000007;12.0;1.0;Now
01:42:43 07/02/2020;Friday;0.9291;0.9340000000000007;1.0;1.4580809305384936;0.9197104695946126;1.0;0.9340000000000007;12.0;1.0;1.0;0.9320000000000007;12.0;1.0;1.0;0.9340000000000007;12.0;1.0;Now
08:58:23 07/02/2020;Friday;0.9283;0.9300000000000007;1.0;1.4594519519326423;0.9398110967174564;0.5934953703703704;0.9300000000000007;7.121944444444445;0.5934953703703704;1.0;0.9330000000000007;12.0;1.0;0.5934953703703704;0.9300000000000007;7.121944444444445;0.5934953703703704;Now
16:05:42 07/02/2020;Friday;0.9351;0.9360000000000007;1.0;1.457394936178934;0.9096530650284028;0.5820833333333333;0.9360000000000007;6.985;0.5820833333333333;1.0;0.9365000000000008;12.0;1.0;0.5820833333333333;0.9360000000000007;6.985;0.5820833333333333;Now
23:04:48 07/02/2020;Friday;0.937;0.9370000000000007;1.0;1.4570518178843193;0.9046225870734181;1.0;0.9370000000000007;12.0;1.0;1.0;0.9370000000000007;12.0;1.0;1.0;0.9370000000000007;12.0;1.0;Now
04:07:10 08/02/2020;Saturday;0.9349;0.9370000000000007;1.0;1.4570518178843193;0.9046225870734181;1.0;0.9370000000000007;12.0;1.0;1.0;0.9370000000000007;12.0;1.0;1.0;0.9370000000000007;12.0;1.0;Now
10:56:46 08/02/2020;Saturday;0.9296;0.9370000000000007;1.0;1.4570518178843193;0.9046225870734181;1.0;0.9370000000000007;12.0;1.0;1.0;0.932333333333334;12.0;1.0;1.0;0.9370000000000007;12.0;1.0;Now
16:40:04 08/02/2020;Saturday;0.9276;0.9300000000000007;1.0;1.4594519519326423;0.9398110967174564;1.0;0.9300000000000007;12.0;1.0;1.0;0.9296666666666674;12.0;1.0;1.0;0.9300000000000007;12.0;1.0;Now
22:07:08 08/02/2020;Saturday;0.9281;0.9300000000000007;1.0;1.4594519519326423;0.9398110967174564;1.0;0.9300000000000007;12.0;1.0;1.0;0.929333333333334;12.0;1.0;1.0;0.9295000000000007;12.0;1.0;Now
02:59:54 09/02/2020;Sunday;0.9266;0.9290000000000007;1.0;1.4597945060863873;0.9448333037692174;1.0;0.9290000000000007;12.0;1.0;1.0;0.928333333333334;12.0;1.0;1.0;0.9290000000000007;12.0;1.0;Now
08:02:33 09/02/2020;Sunday;0.925;0.9290000000000007;1.0;1.4597945060863873;0.9448333037692174;1.0;0.9290000000000007;12.0;1.0;1.0;0.9276666666666674;12.0;1.0;1.0;0.9290000000000007;12.0;1.0;Now
12:46:45 09/02/2020;Sunday;0.9243;0.9270000000000007;1.0;1.46047937335657;0.9548741840102803;0.8261805555555556;0.9270000000000007;9.914166666666667;0.8261805555555556;1.0;0.9273333333333341;12.0;1.0;0.8261805555555556;0.9270000000000007;9.914166666666667;0.8261805555555556;Now
17:23:06 09/02/2020;Sunday;0.9265;0.9270000000000007;1.0;1.46047937335657;0.9548741840102803;0.569375;0.9270000000000007;5.308333333333334;0.4423611111111111;1.0;0.9277500000000007;12.0;1.0;0.569375;0.9270000000000007;5.308333333333334;0.4423611111111111;Now
22:41:36 09/02/2020;Sunday;0.9273;0.9280000000000007;1.0;1.4601369798755182;0.9498543325905378;1.0;0.9280000000000007;12.0;1.0;1.0;0.9280000000000007;12.0;1.0;1.0;0.9280000000000007;12.0;1.0;Now
02:25:58 10/02/2020;Monday;0.9273;0.9280000000000007;1.0;1.4601369798755182;0.9498543325905378;1.0;0.9280000000000007;12.0;1.0;1.0;0.9280000000000007;12.0;1.0;1.0;0.9280000000000007;12.0;1.0;Now
03:51:39 10/02/2020;Monday;0.9262;0.9280000000000007;1.0;1.4601369798755182;0.9498543325905378;1.0;0.9280000000000007;12.0;1.0;1.0;0.9276666666666674;12.0;1.0;1.0;0.9280000000000007;12.0;1.0;Now
10:17:13 10/02/2020;Monday;0.9236;0.9280000000000007;1.0;1.4601369798755182;0.9498543325905378;1.0;0.9280000000000007;12.0;1.0;1.0;0.9276666666666674;12.0;1.0;0.9070601851851852;0.9275000000000007;10.884722222222223;0.9070601851851852;Now
14:53:40 10/02/2020;Monday;0.9245;0.9270000000000007;1.0;1.46047937335657;0.9548741840102803;0.5231018518518519;0.9270000000000007;6.277222222222222;0.5231018518518519;1.0;0.9275000000000007;12.0;1.0;0.5231018518518519;0.9270000000000007;6.277222222222222;0.5231018518518519;Now
21:10:18 10/02/2020;Monday;0.9274;0.9280000000000007;1.0;1.4601369798755182;0.9498543325905378;1.0;0.9280000000000007;12.0;1.0;1.0;0.9280000000000007;12.0;1.0;1.0;0.9280000000000007;12.0;1.0;Now
03:44:49 11/02/2020;Tuesday;0.9253;0.9280000000000007;1.0;1.4601369798755182;0.9498543325905378;1.0;0.9280000000000007;12.0;1.0;1.0;0.9266666666666673;12.0;1.0;1.0;0.9280000000000007;12.0;1.0;Now
09:19:28 11/02/2020;Tuesday;0.9254;0.9260000000000007;1.0;1.4608216865860115;0.9598928588563383;0.8375694444444445;0.9260000000000007;10.050833333333333;0.8375694444444445;1.0;0.9270000000000008;12.0;1.0;0.8375694444444445;0.9260000000000007;10.050833333333333;0.8375694444444445;Now
14:46:18 11/02/2020;Tuesday;0.9249;0.9260000000000007;1.0;1.4608216865860115;0.9598928588563383;0.38363425925925926;0.9260000000000007;4.603611111111111;0.38363425925925926;1.0;0.9282500000000007;12.0;1.0;0.38363425925925926;0.9260000000000007;4.603611111111111;0.38363425925925926;Now
19:22:31 11/02/2020;Tuesday;0.9282;0.9290000000000007;1.0;1.4597945060863873;0.9448333037692174;1.0;0.9290000000000007;12.0;1.0;1.0;0.9290000000000007;12.0;1.0;1.0;0.9290000000000007;12.0;1.0;Now
22:20:34 11/02/2020;Tuesday;0.9282;0.9290000000000007;1.0;1.4597945060863873;0.9448333037692174;0.8019444444444445;0.9290000000000007;9.623333333333333;0.8019444444444445;1.0;0.930333333333334;12.0;1.0;0.8019444444444445;0.9290000000000007;9.623333333333333;0.8019444444444445;Now
02:22:16 12/02/2020;Wednesday;0.929;0.9290000000000007;1.0;1.4597945060863873;0.9448333037692174;0.46625;0.9290000000000007;5.595;0.46625;1.0;0.9310000000000007;12.0;1.0;1.0;0.9310000000000007;12.0;1.0;Now
07:57:58 12/02/2020;Wednesday;0.9321;0.9330000000000007;1.0;1.4584238067173751;0.9247373978762695;0.6154861111111111;0.9330000000000007;7.385833333333333;0.6154861111111111;1.0;0.9340000000000007;12.0;1.0;0.6154861111111111;0.9330000000000007;7.385833333333333;0.6154861111111111;Now
15:21:07 12/02/2020;Wednesday;0.9341;0.9350000000000007;1.0;1.4577379737113247;0.9146823589235634;0.5944675925925926;0.9350000000000007;7.133611111111111;0.5944675925925926;1.0;0.9355000000000007;12.0;1.0;0.5944675925925926;0.9350000000000007;7.133611111111111;0.5944675925925926;Now
22:29:08 12/02/2020;Wednesday;0.936;0.9360000000000007;1.0;1.457394936178934;0.9096530650284028;0.9996527777777777;0.9360000000000007;11.995833333333334;0.9996527777777777;1.0;0.9366666666666674;12.0;1.0;0.9996527777777777;0.9360000000000007;11.995833333333334;0.9996527777777777;Now
05:02:26 13/02/2020;Thursday;0.9359;0.9360000000000007;1.0;1.457394936178934;0.9096530650284028;0.45340277777777777;0.9360000000000007;5.440833333333333;0.45340277777777777;1.0;0.9370000000000007;12.0;1.0;1.0;0.9370000000000007;12.0;1.0;Now
10:28:53 13/02/2020;Thursday;0.9378;0.9380000000000007;1.0;1.4567086187704112;0.8995909242219141;0.604537037037037;0.9380000000000007;7.254444444444444;0.604537037037037;1.0;0.9390000000000007;12.0;1.0;0.604537037037037;0.9380000000000007;7.254444444444444;0.604537037037037;Now
17:44:09 13/02/2020;Thursday;0.9392;0.9400000000000007;1.0;1.4560219778561034;0.8895240404776527;1.0;0.9400000000000007;12.0;1.0;1.0;0.9400000000000007;12.0;1.0;1.0;0.9400000000000007;12.0;1.0;Now
23:20:34 13/02/2020;Thursday;0.9394;0.9400000000000007;1.0;1.4560219778561034;0.8895240404776527;1.0;0.9400000000000007;12.0;1.0;1.0;0.9400000000000007;12.0;1.0;1.0;0.9400000000000007;12.0;1.0;Now
06:11:04 14/02/2020;Friday;0.9378;0.9400000000000007;1.0;1.4560219778561034;0.8895240404776527;1.0;0.9400000000000007;12.0;1.0;1.0;0.9390000000000007;12.0;1.0;1.0;0.9400000000000007;12.0;1.0;Now
13:01:13 14/02/2020;Friday;0.9365;0.9380000000000007;1.0;1.4567086187704112;0.8995909242219141;0.49833333333333335;0.9380000000000007;5.583611111111111;0.4653009259259259;1.0;0.9386666666666675;12.0;1.0;1.0;0.9385000000000008;12.0;1.0;Now
18:36:14 14/02/2020;Friday;0.9381;0.9390000000000007;1.0;1.456365338780074;0.894558075636215;1.0;0.9390000000000007;12.0;1.0;1.0;0.9390000000000006;12.0;1.0;1.0;0.9390000000000007;12.0;1.0;Now
00:37:26 15/02/2020;Saturday;0.9376;0.9390000000000007;1.0;1.456365338780074;0.894558075636215;1.0;0.9390000000000007;12.0;1.0;1.0;0.9386666666666673;12.0;1.0;1.0;0.9390000000000007;12.0;1.0;Now
06:18:08 15/02/2020;Saturday;0.9347;0.9390000000000007;1.0;1.456365338780074;0.894558075636215;1.0;0.9390000000000007;12.0;1.0;1.0;0.9385000000000008;12.0;1.0;1.0;0.9385000000000008;12.0;1.0;Now
12:10:10 15/02/2020;Saturday;0.932;0.9380000000000007;1.0;1.4567086187704112;0.8995909242219141;1.0;0.9380000000000007;12.0;1.0;1.0;0.9350000000000007;12.0;1.0;1.0;0.9380000000000007;12.0;1.0;Now
19:09:49 15/02/2020;Saturday;0.9303;0.9320000000000007;1.0;1.4587666023048373;0.9297631446022805;1.0;0.9320000000000007;12.0;1.0;1.0;0.9313333333333341;12.0;1.0;1.0;0.9320000000000007;12.0;1.0;Now
00:41:27 16/02/2020;Sunday;0.9303;0.9310000000000007;1.0;1.4591093173576817;0.9347877106054151;1.0;0.9310000000000007;12.0;1.0;1.0;0.9310000000000006;12.0;1.0;1.0;0.9310000000000007;12.0;1.0;Now
01:51:40 16/02/2020;Sunday;0.9291;0.9310000000000007;1.0;1.4591093173576817;0.9347877106054151;1.0;0.9310000000000007;12.0;1.0;1.0;0.9310000000000006;12.0;1.0;1.0;0.9310000000000007;12.0;1.0;Now
07:18:30 16/02/2020;Sunday;0.9301;0.9310000000000007;1.0;1.4591093173576817;0.9347877106054151;1.0;0.9310000000000007;12.0;1.0;1.0;0.9310000000000006;12.0;1.0;1.0;0.9310000000000007;12.0;1.0;Now
13:27:23 16/02/2020;Sunday;0.9284;0.9310000000000007;1.0;1.4591093173576817;0.9347877106054151;1.0;0.9310000000000007;12.0;1.0;1.0;0.930333333333334;12.0;1.0;1.0;0.9310000000000007;12.0;1.0;Now
18:28:09 16/02/2020;Sunday;0.9277;0.9310000000000007;1.0;1.4591093173576817;0.9347877106054151;1.0;0.9310000000000007;12.0;1.0;1.0;0.929333333333334;12.0;1.0;1.0;0.9310000000000007;12.0;1.0;Now
23:54:37 16/02/2020;Sunday;0.9259;0.9290000000000007;1.0;1.4597945060863873;0.9448333037692174;1.0;0.9290000000000007;12.0;1.0;1.0;0.9285000000000008;12.0;1.0;1.0;0.9285000000000008;12.0;1.0;Now
05:38:35 17/02/2020;Monday;0.9254;0.9280000000000007;1.0;1.4601369798755182;0.9498543325905378;1.0;0.9280000000000007;12.0;1.0;1.0;0.9270000000000007;12.0;1.0;1.0;0.9280000000000007;12.0;1.0;Now
17:30:56 17/02/2020;Monday;0.9253;0.9260000000000007;1.0;1.4608216865860115;0.9598928588563383;1.0;0.9260000000000007;12.0;1.0;1.0;0.9260000000000007;12.0;1.0;1.0;0.9260000000000007;12.0;1.0;Now
23:22:12 17/02/2020;Monday;0.9238;0.9260000000000007;1.0;1.4608216865860115;0.9598928588563383;1.0;0.9260000000000007;12.0;1.0;1.0;0.9250000000000007;12.0;1.0;1.0;0.9260000000000007;12.0;1.0;Now
06:12:44 18/02/2020;Tuesday;0.9219;0.9240000000000007;1.0;1.4615060725156086;0.9699266821341244;1.0;0.9240000000000007;12.0;1.0;1.0;0.9240000000000007;12.0;1.0;1.0;0.9240000000000007;12.0;1.0;Now
18:13:32 18/02/2020;Tuesday;0.9236;0.9240000000000007;1.0;1.4615060725156086;0.9699266821341244;0.6164351851851851;0.9240000000000007;7.397222222222222;0.6164351851851851;1.0;0.9275000000000007;12.0;1.0;0.6164351851851851;0.9240000000000007;7.397222222222222;0.6164351851851851;Now
01:37:22 19/02/2020;Wednesday;0.9309;0.9310000000000007;1.0;1.4591093173576817;0.9347877106054151;0.4078935185185185;0.9310000000000007;4.894722222222223;0.4078935185185185;1.0;0.9346666666666673;12.0;1.0;0.8269212962962963;0.9325000000000008;9.923055555555555;0.8269212962962963;Now
06:31:03 19/02/2020;Wednesday;0.9334;0.9340000000000007;1.0;1.4580809305384936;0.9197104695946126;0.4190277777777778;0.9340000000000007;5.028333333333333;0.4190277777777778;1.0;0.938333333333334;12.0;1.0;0.4190277777777778;0.9340000000000007;5.028333333333333;0.4190277777777778;Now
11:32:45 19/02/2020;Wednesday;0.9382;0.9390000000000007;1.0;1.456365338780074;0.894558075636215;0.41810185185185184;0.9390000000000007;5.017222222222222;0.41810185185185184;1.0;0.9410000000000007;12.0;1.0;1.0;0.9405000000000008;12.0;1.0;Now
16:33:47 19/02/2020;Wednesday;0.9412;0.9420000000000007;1.0;1.4553350129781113;0.87945240708233;1.0;0.9420000000000007;12.0;1.0;1.0;0.9420000000000007;12.0;1.0;1.0;0.9420000000000007;12.0;1.0;Now
23:04:24 19/02/2020;Wednesday;0.941;0.9420000000000007;1.0;1.4553350129781113;0.87945240708233;1.0;0.9420000000000007;12.0;1.0;1.0;0.9420000000000007;12.0;1.0;1.0;0.9420000000000007;12.0;1.0;Now
04:05:59 20/02/2020;Thursday;0.9387;0.9420000000000007;1.0;1.4553350129781113;0.87945240708233;0.627800925925926;0.9420000000000007;7.533611111111111;0.627800925925926;1.0;0.9435000000000007;12.0;1.0;0.627800925925926;0.9420000000000007;7.533611111111111;0.627800925925926;Now
11:38:00 20/02/2020;Thursday;0.9449;0.9450000000000007;1.0;1.4543039572248986;0.8643360366692624;0.43115740740740743;0.9450000000000007;5.1738888888888885;0.43115740740740743;1.0;0.9500000000000007;12.0;1.0;0.43115740740740743;0.9450000000000007;5.1738888888888885;0.43115740740740743;Now
16:48:26 20/02/2020;Thursday;0.948;0.9480000000000007;1.0;1.4532721699667956;0.8492089416190014;0.3944212962962963;0.9480000000000007;4.733055555555556;0.3944212962962963;1.0;0.9580000000000007;12.0;1.0;0.8490740740740741;0.9525000000000008;10.188888888888888;0.8490740740740741;Now
21:32:25 20/02/2020;Thursday;0.9567;0.9570000000000007;1.0;1.450172403543799;0.8037630796488789;0.4546527777777778;0.9570000000000007;5.4558333333333335;0.4546527777777778;1.0;0.9650000000000007;12.0;1.0;0.4546527777777778;0.9570000000000007;5.4558333333333335;0.4546527777777778;Now
02:59:46 21/02/2020;Friday;0.9682;0.9690000000000007;1.0;1.4460290453514408;0.7430170559789222;1.0;0.9690000000000007;12.0;1.0;1.0;0.9690000000000007;12.0;1.0;1.0;0.9690000000000007;12.0;1.0;Now
07:44:40 21/02/2020;Friday;0.9648;0.9690000000000007;1.0;1.4460290453514408;0.7430170559789222;1.0;0.9690000000000007;12.0;1.0;1.0;0.9676666666666675;12.0;1.0;1.0;0.9690000000000007;12.0;1.0;Now
13:10:16 21/02/2020;Friday;0.9649;0.9690000000000007;1.0;1.4460290453514408;0.7430170559789222;0.908449074074074;0.9690000000000007;10.901388888888889;0.908449074074074;1.0;0.9686666666666675;12.0;1.0;0.908449074074074;0.9690000000000007;10.901388888888889;0.908449074074074;Now
18:12:19 21/02/2020;Friday;0.9648;0.9650000000000007;1.0;1.4474114826130127;0.7632850518206904;0.4889351851851852;0.9650000000000007;5.867222222222222;0.4889351851851852;1.0;0.9713333333333342;12.0;1.0;0.4889351851851852;0.9650000000000007;5.867222222222222;0.4889351851851852;Now
00:04:21 22/02/2020;Saturday;0.9713;0.9720000000000008;1.0;1.4449913494550752;0.7278033340277036;0.46449074074074076;0.9720000000000008;5.573888888888889;0.46449074074074076;1.0;0.9745000000000008;12.0;1.0;1.0;0.9745000000000008;12.0;1.0;Now
05:38:47 22/02/2020;Saturday;0.977;0.9770000000000008;1.0;1.4432601983010545;0.7024228228345435;0.5704166666666667;0.9770000000000008;6.845;0.5704166666666667;1.0;0.9810000000000008;12.0;1.0;0.5704166666666667;0.9770000000000008;6.845;0.5704166666666667;Now
12:29:29 22/02/2020;Saturday;0.985;0.9850000000000008;1.0;1.440486029088793;0.661750561154802;0.46618055555555554;0.9850000000000008;5.594166666666666;0.46618055555555554;1.0;0.9873333333333342;12.0;1.0;0.9998148148148148;0.9865000000000008;11.997777777777777;0.9998148148148148;Now
18:05:08 22/02/2020;Saturday;0.9877;0.9880000000000008;1.0;1.4394443372357262;0.6464782542420396;0.5336342592592592;0.9880000000000008;6.403611111111111;0.5336342592592592;1.0;0.9885000000000008;12.0;1.0;0.5336342592592592;0.9880000000000008;6.403611111111111;0.5336342592592592;Now
00:29:21 23/02/2020;Sunday;0.9882;0.9890000000000008;1.0;1.4390969390558785;0.6413850286322321;1.0;0.9890000000000008;12.0;1.0;1.0;0.9890000000000008;12.0;1.0;1.0;0.9890000000000008;12.0;1.0;Now
07:28:21 23/02/2020;Sunday;0.9859;0.9890000000000008;1.0;1.4390969390558785;0.6413850286322321;1.0;0.9890000000000008;12.0;1.0;1.0;0.9885000000000008;12.0;1.0;1.0;0.9890000000000008;12.0;1.0;Now
18:54:44 23/02/2020;Sunday;0.9875;0.9880000000000008;1.0;1.4394443372357262;0.6464782542420396;1.0;0.9880000000000008;12.0;1.0;1.0;0.9880000000000008;12.0;1.0;1.0;0.9880000000000008;12.0;1.0;Now
00:13:30 24/02/2020;Monday;0.9849;0.9880000000000008;1.0;1.4394443372357262;0.6464782542420396;1.0;0.9880000000000008;12.0;1.0;1.0;0.9880000000000008;12.0;1.0;1.0;0.9880000000000008;12.0;1.0;Now
06:30:38 24/02/2020;Monday;0.9878;0.9880000000000008;1.0;1.4394443372357262;0.6464782542420396;0.4998842592592593;0.9880000000000008;5.998611111111111;0.4998842592592593;1.0;0.9895000000000007;12.0;1.0;1.0;0.9895000000000007;12.0;1.0;Now
12:30:33 24/02/2020;Monday;0.9909;0.9910000000000008;1.0;1.4384018909887455;0.6311948871147325;0.5924074074074074;0.9910000000000008;7.108888888888889;0.5924074074074074;1.0;0.9915000000000007;12.0;1.0;0.5924074074074074;0.9910000000000008;7.108888888888889;0.5924074074074074;Now
19:37:05 24/02/2020;Monday;0.9912;0.9920000000000008;1.0;1.4380542409798036;0.6260979694234274;0.5002083333333334;0.9920000000000008;6.0025;0.5002083333333334;1.0;0.9925000000000008;12.0;1.0;0.5002083333333334;0.9920000000000008;6.0025;0.5002083333333334;Now
01:37:14 25/02/2020;Tuesday;0.9924;0.9930000000000008;1.0;1.437706506906051;0.620999819252877;1.0;0.9930000000000008;12.0;1.0;1.0;0.9930000000000008;12.0;1.0;1.0;0.9930000000000008;12.0;1.0;Now
14:19:43 25/02/2020;Tuesday;0.9976;0.9980000000000008;1.0;1.4359665734271112;0.5954905498658453;1.0;0.9980000000000008;12.0;1.0;1.0;0.9980000000000008;12.0;1.0;1.0;0.9980000000000008;12.0;1.0;Now
19:54:38 25/02/2020;Tuesday;0.9968;0.9980000000000008;1.0;1.4359665734271112;0.5954905498658453;1.0;0.9980000000000008;12.0;1.0;1.0;0.9980000000000008;12.0;1.0;1.0;0.9980000000000008;12.0;1.0;Now
02:36:43 26/02/2020;Wednesday;0.998;0.9980000000000008;1.0;1.4359665734271112;0.5954905498658453;0.6048148148148148;0.9980000000000008;7.257777777777778;0.6048148148148148;1.0;1.0005000000000006;12.0;1.0;0.6048148148148148;0.9980000000000008;7.257777777777778;0.6048148148148148;Now
09:52:11 26/02/2020;Wednesday;1.0023;1.0030000000000003;1.0;1.4342245291445825;0.5699503338604389;1.0;1.0030000000000003;12.0;1.0;1.0;1.0030000000000003;12.0;1.0;1.0;1.0030000000000003;12.0;1.0;Now
14:46:05 26/02/2020;Wednesday;1.0029;1.0030000000000003;1.0;1.4342245291445825;0.5699503338604389;0.8140972222222222;1.0030000000000003;9.769166666666667;0.8140972222222222;1.0;1.0046666666666668;12.0;1.0;0.8140972222222222;1.0030000000000003;9.769166666666667;0.8140972222222222;Now
19:21:39 26/02/2020;Wednesday;1.0023;1.0030000000000003;1.0;1.4342245291445825;0.5699503338604389;0.43136574074074074;1.0030000000000003;5.176388888888889;0.43136574074074074;1.0;1.0066666666666666;12.0;1.0;0.43136574074074074;1.0030000000000003;5.176388888888889;0.43136574074074074;Now
00:32:14 27/02/2020;Thursday;1.007;1.0079999999999998;1.0;1.432480366357599;0.5443790583337959;0.45467592592592593;1.0079999999999998;5.456111111111111;0.45467592592592593;1.0;1.0084999999999997;12.0;1.0;1.0;1.0084999999999997;12.0;1.0;Now
05:59:36 27/02/2020;Thursday;1.0081;1.0089999999999997;1.0;1.4321312788986909;0.5392610661020781;0.5699537037037037;1.0089999999999997;6.839444444444444;0.5699537037037037;1.0;1.0099999999999996;12.0;1.0;0.5699537037037037;1.0089999999999997;6.839444444444444;0.5699537037037037;Now
12:49:58 27/02/2020;Thursday;1.0107;1.0109999999999995;1.0;1.4314328485821473;0.5290213372225372;0.43020833333333336;1.0109999999999995;5.1625;0.43020833333333336;1.0;1.014999999999999;12.0;1.0;0.43020833333333336;1.0109999999999995;5.1625;0.43020833333333336;Now
17:59:43 27/02/2020;Thursday;1.0166;1.0169999999999988;1.0;1.4293355099485918;0.4982721293667328;1.0;1.0169999999999988;12.0;1.0;1.0;1.0169999999999988;12.0;1.0;1.0;1.0169999999999988;12.0;1.0;Now
22:50:29 27/02/2020;Thursday;1.0112;1.0169999999999988;1.0;1.4293355099485918;0.4982721293667328;1.0;1.0169999999999988;12.0;1.0;1.0;1.0153333333333323;12.0;1.0;1.0;1.0169999999999988;12.0;1.0;Now
03:49:05 28/02/2020;Friday;1.0058;1.0169999999999988;1.0;1.4293355099485918;0.4982721293667328;1.0;1.0169999999999988;12.0;1.0;1.0;1.014499999999999;12.0;1.0;1.0;1.0169999999999988;12.0;1.0;Now
10:05:15 28/02/2020;Friday;1.0047;1.0119999999999993;1.0;1.4310835055998656;0.5238995987472705;1.0;1.0119999999999993;12.0;1.0;1.0;1.0084999999999997;12.0;1.0;1.0;1.0119999999999993;12.0;1.0;Now
21:32:11 28/02/2020;Friday;0.9987;1.0050000000000001;1.0;1.433527118683145;0.5597255571379507;1.0;1.0050000000000001;12.0;1.0;1.0;1.0020000000000004;12.0;1.0;1.0;1.0020000000000004;12.0;1.0;Now
02:33:30 29/02/2020;Saturday;0.9949;0.9990000000000008;1.0;1.4356183336806476;0.5903849859972634;1.0;0.9990000000000008;12.0;1.0;1.0;0.9970000000000008;12.0;1.0;1.0;0.9990000000000008;12.0;1.0;Now
09:57:30 29/02/2020;Saturday;0.9888;0.9950000000000008;1.0;1.4370107863199912;0.6107998178949418;1.0;0.9950000000000008;12.0;1.0;1.0;0.9910000000000008;12.0;1.0;1.0;0.9950000000000008;12.0;1.0;Now
16:14:10 29/02/2020;Saturday;0.9883;0.9890000000000008;1.0;1.4390969390558785;0.6413850286322321;0.4302546296296296;0.9890000000000008;5.163055555555555;0.4302546296296296;1.0;0.9902500000000007;12.0;1.0;0.4302546296296296;0.9890000000000008;5.163055555555555;0.4302546296296296;Now
21:23:57 29/02/2020;Saturday;0.9897;0.9900000000000008;1.0;1.4387494569938157;0.6362905732202228;0.44305555555555554;0.9900000000000008;5.316666666666666;0.44305555555555554;1.0;0.9912500000000007;12.0;1.0;0.44305555555555554;0.9900000000000008;5.316666666666666;0.44305555555555554;Now
21:23:57 29/02/2020;Saturday;0.9897;0.9900000000000008;1.0;1.4387494569938157;0.6362905732202228;0.44305555555555554;0.9900000000000008;5.316666666666666;0.44305555555555554;1.0;0.9916666666666675;12.0;1.0;0.44305555555555554;0.9900000000000008;5.316666666666666;0.44305555555555554;Now
02:42:57 01/03/2020;Sunday;0.9918;0.9920000000000008;1.0;1.4380542409798036;0.6260979694234274;0.4767824074074074;0.9920000000000008;5.721388888888889;0.4767824074074074;1.0;0.9926666666666675;12.0;1.0;0.4767824074074074;0.9920000000000008;5.721388888888889;0.4767824074074074;Now
08:26:14 01/03/2020;Sunday;0.9925;0.9930000000000008;1.0;1.437706506906051;0.620999819252877;1.0;0.9930000000000008;12.0;1.0;1.0;0.9930000000000008;12.0;1.0;1.0;0.9930000000000008;12.0;1.0;Now
13:36:04 01/03/2020;Sunday;0.9927;0.9930000000000008;1.0;1.437706506906051;0.620999819252877;1.0;0.9930000000000008;12.0;1.0;1.0;0.9930000000000008;12.0;1.0;1.0;0.9930000000000008;12.0;1.0;Now
19:02:30 01/03/2020;Sunday;0.9929;0.9930000000000008;1.0;1.437706506906051;0.620999819252877;0.5703935185185185;0.9930000000000008;6.844722222222222;0.5703935185185185;1.0;0.9935000000000007;12.0;1.0;0.5703935185185185;0.9930000000000008;6.844722222222222;0.5703935185185185;Now
01:53:11 02/03/2020;Monday;0.9932;0.9940000000000008;1.0;1.4373586887064758;0.6159004357085792;1.0;0.9940000000000008;12.0;1.0;1.0;0.9940000000000008;12.0;1.0;1.0;0.9940000000000008;12.0;1.0;Now
07:44:56 02/03/2020;Monday;0.99;0.9940000000000008;1.0;1.4373586887064758;0.6159004357085792;1.0;0.9940000000000008;12.0;1.0;1.0;0.9913333333333342;12.0;1.0;1.0;0.9940000000000008;12.0;1.0;Now
14:43:07 02/03/2020;Monday;0.9871;0.9900000000000008;1.0;1.4387494569938157;0.6362905732202228;1.0;0.9900000000000008;12.0;1.0;1.0;0.9893333333333341;12.0;1.0;1.0;0.9900000000000008;12.0;1.0;Now
19:19:31 02/03/2020;Monday;0.9852;0.9900000000000008;1.0;1.4387494569938157;0.6362905732202228;1.0;0.9900000000000008;12.0;1.0;1.0;0.9890000000000008;12.0;1.0;1.0;0.9900000000000008;12.0;1.0;Now
02:27:19 03/03/2020;Tuesday;0.9878;0.9880000000000008;1.0;1.4394443372357262;0.6464782542420396;1.0;0.9880000000000008;12.0;1.0;1.0;0.9880000000000008;12.0;1.0;1.0;0.9880000000000008;12.0;1.0;Now
09:58:28 03/03/2020;Tuesday;0.986;0.9880000000000008;1.0;1.4394443372357262;0.6464782542420396;0.919537037037037;0.9880000000000008;11.034444444444444;0.919537037037037;1.0;0.9900000000000008;12.0;1.0;0.919537037037037;0.9880000000000008;11.034444444444444;0.919537037037037;Now
14:43:28 03/03/2020;Tuesday;0.9877;0.9880000000000008;1.0;1.4394443372357262;0.6464782542420396;0.5237037037037037;0.9880000000000008;6.2844444444444445;0.5237037037037037;1.0;0.9920000000000008;12.0;1.0;0.5237037037037037;0.9880000000000008;6.2844444444444445;0.5237037037037037;Now
21:00:32 03/03/2020;Tuesday;0.9931;0.9940000000000008;1.0;1.4373586887064758;0.6159004357085792;1.0;0.9940000000000008;12.0;1.0;1.0;0.9940000000000008;12.0;1.0;1.0;0.9940000000000008;12.0;1.0;Now
01:53:35 04/03/2020;Wednesday;0.9926;0.9940000000000008;1.0;1.4373586887064758;0.6159004357085792;1.0;0.9940000000000008;12.0;1.0;1.0;0.9940000000000008;12.0;1.0;1.0;0.9940000000000008;12.0;1.0;Now
08:19:23 04/03/2020;Wednesday;0.9923;0.9940000000000008;1.0;1.4373586887064758;0.6159004357085792;1.0;0.9940000000000008;12.0;1.0;1.0;0.9935000000000007;12.0;1.0;1.0;0.9940000000000008;12.0;1.0;Now
15:51:11 04/03/2020;Wednesday;0.9917;0.9930000000000008;1.0;1.437706506906051;0.620999819252877;0.3841435185185185;0.9930000000000008;4.6097222222222225;0.3841435185185185;1.0;0.9956666666666675;12.0;1.0;0.8019675925925925;0.9940000000000008;9.623611111111112;0.8019675925925925;Now
20:27:46 04/03/2020;Wednesday;0.9943;0.9950000000000008;1.0;1.4370107863199912;0.6107998178949418;0.41782407407407407;0.9950000000000008;5.013888888888889;0.41782407407407407;1.0;0.9986666666666674;12.0;1.0;0.41782407407407407;0.9950000000000008;5.013888888888889;0.41782407407407407;Now
01:28:36 05/03/2020;Thursday;0.999;0.9990000000000008;1.0;1.4356183336806476;0.5903849859972634;0.46608796296296295;0.9990000000000008;5.593055555555556;0.46608796296296295;1.0;1.0013333333333339;12.0;1.0;0.46608796296296295;0.9990000000000008;5.593055555555556;0.46608796296296295;Now
07:04:11 05/03/2020;Thursday;1.0013;1.0020000000000004;1.0;1.4345731072343437;0.5750608582004573;0.48842592592592593;1.0020000000000004;5.861111111111111;0.48842592592592593;1.0;1.002666666666667;12.0;1.0;0.48842592592592593;1.0020000000000004;5.861111111111111;0.48842592592592593;Now
12:55:51 05/03/2020;Thursday;1.0025;1.0030000000000003;1.0;1.4342245291445825;0.5699503338604389;1.0;1.0030000000000003;12.0;1.0;1.0;1.0030000000000003;12.0;1.0;1.0;1.0030000000000003;12.0;1.0;Now
18:47:10 05/03/2020;Thursday;1.0028;1.0030000000000003;1.0;1.4342245291445825;0.5699503338604389;1.0;1.0030000000000003;12.0;1.0;1.0;1.0030000000000003;12.0;1.0;1.0;1.0030000000000003;12.0;1.0;Now
01:46:10 06/03/2020;Friday;1.0015;1.0030000000000003;1.0;1.4342245291445825;0.5699503338604389;1.0;1.0030000000000003;12.0;1.0;1.0;1.0025000000000004;12.0;1.0;1.0;1.0030000000000003;12.0;1.0;Now
08:03:16 06/03/2020;Friday;1.0017;1.0020000000000004;1.0;1.4345731072343437;0.5750608582004573;1.0;1.0020000000000004;12.0;1.0;1.0;1.0020000000000004;12.0;1.0;1.0;1.0020000000000004;12.0;1.0;Now
15:11:05 06/03/2020;Friday;1.0017;1.0020000000000004;1.0;1.4345731072343437;0.5750608582004573;1.0;1.0020000000000004;12.0;1.0;1.0;1.0020000000000004;12.0;1.0;1.0;1.0020000000000004;12.0;1.0;Now
15:27:21 06/03/2020;Friday;1.0005;1.0020000000000004;1.0;1.4345731072343437;0.5750608582004573;1.0;1.0020000000000004;12.0;1.0;1.0;1.0020000000000004;12.0;1.0;1.0;1.0020000000000004;12.0;1.0;Now
21:27:25 06/03/2020;Friday;0.9996;1.0020000000000004;1.0;1.4345731072343437;0.5750608582004573;1.0;1.0020000000000004;12.0;1.0;1.0;1.0010000000000006;12.0;1.0;1.0;1.0020000000000004;12.0;1.0;Now
04:51:35 07/03/2020;Saturday;0.9987;1.0000000000000007;1.0;1.4352700094407322;0.5852781833651028;1.0;1.0000000000000007;12.0;1.0;1.0;0.9995000000000007;12.0;1.0;1.0;1.0000000000000007;12.0;1.0;Now
10:59:36 07/03/2020;Saturday;0.9973;0.9990000000000008;1.0;1.4356183336806476;0.5903849859972634;1.0;0.9990000000000008;12.0;1.0;1.0;0.9985000000000008;12.0;1.0;1.0;0.9990000000000008;12.0;1.0;Now
18:07:04 07/03/2020;Saturday;0.996;0.9980000000000008;1.0;1.4359665734271112;0.5954905498658453;1.0;0.9980000000000008;12.0;1.0;1.0;0.9970000000000008;12.0;1.0;1.0;0.9980000000000008;12.0;1.0;Now
00:32:14 08/03/2020;Sunday;0.9946;0.9960000000000008;1.0;1.4366627996854373;0.6056979649152913;1.0;0.9960000000000008;12.0;1.0;1.0;0.9953333333333342;12.0;1.0;1.0;0.9960000000000008;12.0;1.0;Now
06:40:08 08/03/2020;Sunday;0.9942;0.9950000000000008;1.0;1.4370107863199912;0.6107998178949418;1.0;0.9950000000000008;12.0;1.0;1.0;0.9950000000000008;12.0;1.0;1.0;0.9950000000000008;12.0;1.0;Now
12:07:21 08/03/2020;Sunday;0.9945;0.9950000000000008;1.0;1.4370107863199912;0.6107998178949418;1.0;0.9950000000000008;12.0;1.0;1.0;0.9950000000000008;12.0;1.0;1.0;0.9950000000000008;12.0;1.0;Now
18:40:56 08/03/2020;Sunday;0.9923;0.9950000000000008;1.0;1.4370107863199912;0.6107998178949418;1.0;0.9950000000000008;12.0;1.0;1.0;0.9936666666666675;12.0;1.0;1.0;0.9950000000000008;12.0;1.0;Now
00:49:35 09/03/2020;Monday;0.9914;0.9930000000000008;1.0;1.437706506906051;0.620999819252877;1.0;0.9930000000000008;12.0;1.0;1.0;0.9926666666666675;12.0;1.0;1.0;0.9930000000000008;12.0;1.0;Now
06:32:30 09/03/2020;Monday;0.9911;0.9930000000000008;1.0;1.437706506906051;0.620999819252877;1.0;0.9930000000000008;12.0;1.0;1.0;0.9923333333333342;12.0;1.0;1.0;0.9930000000000008;12.0;1.0;Now
11:34:09 09/03/2020;Monday;0.9919;0.9920000000000008;1.0;1.4380542409798036;0.6260979694234274;1.0;0.9920000000000008;12.0;1.0;1.0;0.9920000000000008;12.0;1.0;1.0;0.9920000000000008;12.0;1.0;Now
16:44:01 09/03/2020;Monday;0.9913;0.9920000000000008;1.0;1.4380542409798036;0.6260979694234274;0.6049305555555555;0.9920000000000008;7.259166666666666;0.6049305555555555;1.0;0.9925000000000008;12.0;1.0;0.6049305555555555;0.9920000000000008;7.259166666666666;0.6049305555555555;Now
23:59:34 09/03/2020;Monday;0.9924;0.9930000000000008;1.0;1.437706506906051;0.620999819252877;0.4768981481481481;0.9930000000000008;5.722777777777778;0.4768981481481481;1.0;0.9960000000000008;12.0;1.0;0.4768981481481481;0.9930000000000008;5.722777777777778;0.4768981481481481;Now
05:42:56 10/03/2020;Tuesday;0.9966;0.9970000000000008;1.0;1.4363147287415803;0.6005948758718772;0.4534722222222222;0.9970000000000008;5.441666666666666;0.4534722222222222;1.0;0.9980000000000008;12.0;1.0;0.4534722222222222;0.9970000000000008;5.441666666666666;0.4534722222222222;Now
11:09:26 10/03/2020;Tuesday;0.9979;0.9980000000000008;1.0;1.4359665734271112;0.5954905498658453;0.4714583333333333;0.9980000000000008;5.6575;0.4714583333333333;1.0;1.000333333333334;12.0;1.0;0.4714583333333333;0.9980000000000008;5.6575;0.4714583333333333;Now
16:48:53 10/03/2020;Tuesday;0.9985;0.9990000000000008;1.0;1.4356183336806476;0.5903849859972634;0.40673611111111113;0.9990000000000008;4.880833333333333;0.40673611111111113;1.0;1.0043333333333335;12.0;1.0;0.8916203703703703;1.0015000000000005;10.699444444444444;0.8916203703703703;Now
21:41:44 10/03/2020;Tuesday;1.0032;1.0040000000000002;1.0;1.4338758663147937;0.564838567141778;0.48488425925925926;1.0040000000000002;5.818611111111111;0.48488425925925926;1.0;1.007;12.0;1.0;1.0;1.007;12.0;1.0;Now
03:30:51 11/03/2020;Wednesday;1.0098;1.0099999999999996;1.0;1.4317821063276355;0.5341418260360491;1.0;1.0099999999999996;12.0;1.0;1.0;1.0099999999999996;12.0;1.0;1.0;1.0099999999999996;12.0;1.0;Now
09:48:16 11/03/2020;Wednesday;1.0066;1.0099999999999996;1.0;1.4317821063276355;0.5341418260360491;1.0;1.0099999999999996;12.0;1.0;1.0;1.0099999999999996;12.0;1.0;1.0;1.0099999999999996;12.0;1.0;Now
17:20:28 11/03/2020;Wednesday;1.0099;1.0099999999999996;1.0;1.4317821063276355;0.5341418260360491;0.4992361111111111;1.0099999999999996;5.448888888888889;0.4540740740740741;1.0;1.0119999999999993;12.0;1.0;1.0;1.0114999999999994;12.0;1.0;Now
22:47:24 11/03/2020;Wednesday;1.0129;1.0129999999999992;1.0;1.4307340773183537;0.5187766096948573;1.0;1.0129999999999992;12.0;1.0;1.0;1.0129999999999992;12.0;1.0;1.0;1.0129999999999992;12.0;1.0;Now
04:47:57 12/03/2020;Thursday;1.0095;1.0129999999999992;1.0;1.4307340773183537;0.5187766096948573;1.0;1.0129999999999992;12.0;1.0;1.0;1.0129999999999992;12.0;1.0;1.0;1.0129999999999992;12.0;1.0;Now
18:03:56 12/03/2020;Thursday;1.01;1.0109999999999995;1.0;1.4314328485821473;0.5290213372225372;0.9309027777777777;1.0109999999999995;11.170833333333333;0.9309027777777777;1.0;1.012666666666666;12.0;1.0;0.9309027777777777;1.0109999999999995;11.170833333333333;0.9309027777777777;Now
23:39:41 12/03/2020;Thursday;1.0108;1.0109999999999995;1.0;1.4314328485821473;0.5290213372225372;0.46458333333333335;1.0109999999999995;5.575;0.46458333333333335;1.0;1.0134999999999992;12.0;1.0;1.0;1.0134999999999992;12.0;1.0;Now
05:14:11 13/03/2020;Friday;1.0152;1.015999999999999;1.0;1.4296852800529218;0.5034001299040413;0.547037037037037;1.015999999999999;6.564444444444445;0.547037037037037;1.0;1.0179999999999987;12.0;1.0;0.547037037037037;1.015999999999999;6.564444444444445;0.547037037037037;Now
11:48:03 13/03/2020;Friday;1.0193;1.0199999999999985;1.0;1.4282856857085706;0.48288059303969233;0.5010185185185185;1.0199999999999985;6.012222222222222;0.5010185185185185;1.0;1.0226666666666648;12.0;1.0;0.5010185185185185;1.0199999999999985;6.012222222222222;0.5010185185185185;Now
17:48:47 13/03/2020;Friday;1.0216;1.0219999999999982;1.0;1.4275853739794346;0.4726132806569726;0.4889351851851852;1.0219999999999982;5.867222222222222;0.4889351851851852;1.0;1.023999999999998;12.0;1.0;1.0;1.023999999999998;12.0;1.0;Now
23:40:49 13/03/2020;Friday;1.025;1.0259999999999978;1.0;1.4261837188805664;0.4520635309467007;1.0;1.0259999999999978;12.0;1.0;1.0;1.0259999999999978;12.0;1.0;1.0;1.0259999999999978;12.0;1.0;Now
06:56:40 14/03/2020;Saturday;1.0198;1.0259999999999978;1.0;1.4261837188805664;0.4520635309467007;1.0;1.0259999999999978;12.0;1.0;1.0;1.023999999999998;12.0;1.0;1.0;1.023999999999998;12.0;1.0;Now
12:24:04 14/03/2020;Saturday;1.0212;1.0219999999999982;1.0;1.4275853739794346;0.4726132806569726;1.0;1.0219999999999982;12.0;1.0;1.0;1.0219999999999982;12.0;1.0;1.0;1.0219999999999982;12.0;1.0;Now
19:23:15 14/03/2020;Saturday;1.0145;1.0219999999999982;1.0;1.4275853739794346;0.4726132806569726;1.0;1.0219999999999982;12.0;1.0;1.0;1.0196666666666652;12.0;1.0;1.0;1.0219999999999982;12.0;1.0;Now
00:07:57 15/03/2020;Sunday;1.0119;1.0219999999999982;1.0;1.4275853739794346;0.4726132806569726;1.0;1.0219999999999982;12.0;1.0;1.0;1.0163333333333322;12.0;1.0;1.0;1.0219999999999982;12.0;1.0;Now
06:33:42 15/03/2020;Sunday;1.0115;1.014999999999999;1.0;1.4300349646075095;0.5085268761914308;1.0;1.014999999999999;12.0;1.0;1.0;1.0129999999999992;12.0;1.0;1.0;1.0134999999999992;12.0;1.0;Now
11:26:24 15/03/2020;Sunday;1.0065;1.0119999999999993;1.0;1.4310835055998656;0.5238995987472705;1.0;1.0119999999999993;12.0;1.0;1.0;1.0109999999999995;12.0;1.0;1.0;1.0119999999999993;12.0;1.0;Now
16:53:58 15/03/2020;Sunday;1.0089;1.0119999999999993;1.0;1.4310835055998656;0.5238995987472705;1.0;1.0119999999999993;12.0;1.0;1.0;1.0099999999999996;12.0;1.0;1.0;1.0119999999999993;12.0;1.0;Now
23:18:55 15/03/2020;Sunday;1.0048;1.0089999999999997;1.0;1.4321312788986909;0.5392610661020781;1.0;1.0089999999999997;12.0;1.0;1.0;1.0089999999999997;12.0;1.0;1.0;1.0089999999999997;12.0;1.0;Now
04:46:37 16/03/2020;Monday;1.0036;1.0089999999999997;1.0;1.4321312788986909;0.5392610661020781;1.0;1.0089999999999997;12.0;1.0;1.0;1.0065;12.0;1.0;1.0;1.0089999999999997;12.0;1.0;Now
11:20:54 16/03/2020;Monday;1.0029;1.0040000000000002;1.0;1.4338758663147937;0.564838567141778;1.0;1.0040000000000002;12.0;1.0;1.0;1.0040000000000002;12.0;1.0;1.0;1.0040000000000002;12.0;1.0;Now
18:44:29 16/03/2020;Monday;1.0038;1.0040000000000002;1.0;1.4338758663147937;0.564838567141778;0.5011342592592593;1.0040000000000002;6.0136111111111115;0.5011342592592593;1.0;1.007;12.0;1.0;0.5011342592592593;1.0040000000000002;6.0136111111111115;0.5011342592592593;Now
00:45:18 17/03/2020;Tuesday;1.0059;1.006;1.0;1.4331782861877305;0.5546113029413455;0.48939814814814814;1.006;5.872777777777777;0.48939814814814814;1.0;1.0084999999999997;12.0;1.0;1.0;1.0084999999999997;12.0;1.0;Now
06:37:40 17/03/2020;Tuesday;1.01;1.0109999999999995;1.0;1.4314328485821473;0.5290213372225372;0.5594444444444444;1.0109999999999995;6.713333333333333;0.5594444444444444;1.0;1.0134999999999992;12.0;1.0;0.5594444444444444;1.0109999999999995;6.713333333333333;0.5594444444444444;Now
13:20:28 17/03/2020;Tuesday;1.0155;1.015999999999999;1.0;1.4296852800529218;0.5034001299040413;0.6283796296296297;1.015999999999999;7.540555555555556;0.6283796296296297;1.0;1.0189999999999986;12.0;1.0;0.6283796296296297;1.015999999999999;7.540555555555556;0.6283796296296297;Now
20:52:54 17/03/2020;Tuesday;1.0212;1.0219999999999982;1.0;1.4275853739794346;0.4726132806569726;0.4892592592592593;1.0219999999999982;5.871111111111111;0.4892592592592593;1.0;1.0253333333333312;12.0;1.0;0.4892592592592593;1.0219999999999982;5.871111111111111;0.4892592592592593;Now
02:45:10 18/03/2020;Wednesday;1.0251;1.0259999999999978;1.0;1.4261837188805664;0.4520635309467007;0.38381944444444444;1.0259999999999978;4.605833333333333;0.38381944444444444;1.0;1.0283333333333309;12.0;1.0;0.8159722222222222;1.0269999999999977;9.791666666666666;0.8159722222222222;Now
07:21:31 18/03/2020;Wednesday;1.0279;1.0279999999999976;1.0;1.4254823744964378;0.44178107874702266;0.4876388888888889;1.0279999999999976;5.185833333333333;0.4321527777777778;1.0;1.0299999999999974;12.0;1.0;1.0;1.0294999999999974;12.0;1.0;Now
12:32:40 18/03/2020;Wednesday;1.0304;1.0309999999999973;1.0;1.4244297104455532;0.4263479077821077;1.0;1.0309999999999973;12.0;1.0;1.0;1.0309999999999973;12.0;1.0;1.0;1.0309999999999973;12.0;1.0;Now
18:41:34 18/03/2020;Wednesday;1.0276;1.0309999999999973;1.0;1.4244297104455532;0.4263479077821077;1.0;1.0309999999999973;12.0;1.0;1.0;1.0294999999999974;12.0;1.0;1.0;1.0309999999999973;12.0;1.0;Now
01:24:56 19/03/2020;Thursday;1.0249;1.0279999999999976;1.0;1.4254823744964378;0.44178107874702266;1.0;1.0279999999999976;12.0;1.0;1.0;1.0279999999999976;12.0;1.0;1.0;1.0279999999999976;12.0;1.0;Now
08:49:25 19/03/2020;Thursday;1.0274;1.0279999999999976;1.0;1.4254823744964378;0.44178107874702266;0.4782175925925926;1.0279999999999976;5.738611111111111;0.4782175925925926;1.0;1.0326666666666637;12.0;1.0;0.4782175925925926;1.0279999999999976;5.738611111111111;0.4782175925925926;Now
14:33:44 19/03/2020;Thursday;1.0329;1.032999999999997;1.0;1.4237275020171531;0.41605278777739574;0.47756944444444444;1.032999999999997;5.730833333333333;0.47756944444444444;1.0;1.0356666666666634;12.0;1.0;0.47756944444444444;1.032999999999997;5.730833333333333;0.47756944444444444;Now
20:17:35 19/03/2020;Thursday;1.0362;1.0369999999999966;1.0;1.4223220451079295;0.39544729949683444;1.0;1.0369999999999966;12.0;1.0;1.0;1.0369999999999966;12.0;1.0;1.0;1.0369999999999966;12.0;1.0;Now
01:45:29 20/03/2020;Friday;1.0364;1.0369999999999966;1.0;1.4223220451079295;0.39544729949683444;0.9669212962962963;1.0369999999999966;11.603055555555555;0.9669212962962963;1.0;1.0373333333333299;12.0;1.0;0.9669212962962963;1.0369999999999966;11.603055555555555;0.9669212962962963;Now
07:21:14 20/03/2020;Friday;1.036;1.0369999999999966;1.0;1.4223220451079295;0.39544729949683444;0.5006018518518518;1.0369999999999966;6.0072222222222225;0.5006018518518518;1.0;1.0376666666666632;12.0;1.0;0.5006018518518518;1.0369999999999966;6.0072222222222225;0.5006018518518518;Now
13:21:40 20/03/2020;Friday;1.0375;1.0379999999999965;1.0;1.4219704638282764;0.3902927452091774;1.0;1.0379999999999965;12.0;1.0;1.0;1.0379999999999965;12.0;1.0;1.0;1.0379999999999965;12.0;1.0;Now
18:31:43 20/03/2020;Friday;1.0374;1.0379999999999965;1.0;1.4219704638282764;0.3902927452091774;1.0;1.0379999999999965;12.0;1.0;1.0;1.0379999999999965;12.0;1.0;1.0;1.0379999999999965;12.0;1.0;Now
23:50:37 20/03/2020;Friday;1.0342;1.0379999999999965;1.0;1.4219704638282764;0.3902927452091774;1.0;1.0379999999999965;12.0;1.0;1.0;1.0364999999999966;12.0;1.0;1.0;1.0379999999999965;12.0;1.0;Now
06:58:36 21/03/2020;Saturday;1.0303;1.0349999999999968;1.0;1.4230249470757717;0.40575258752502147;1.0;1.0349999999999968;12.0;1.0;1.0;1.0323333333333304;12.0;1.0;1.0;1.0349999999999968;12.0;1.0;Now
12:17:36 21/03/2020;Saturday;1.0279;1.0309999999999973;1.0;1.4244297104455532;0.4263479077821077;1.0;1.0309999999999973;12.0;1.0;1.0;1.0299999999999974;12.0;1.0;1.0;1.0309999999999973;12.0;1.0;Now
18:09:57 21/03/2020;Saturday;1.024;1.0309999999999973;1.0;1.4244297104455532;0.4263479077821077;1.0;1.0309999999999973;12.0;1.0;1.0;1.029666666666664;12.0;1.0;1.0;1.0309999999999973;12.0;1.0;Now
23:41:40 21/03/2020;Saturday;1.024;1.0279999999999976;1.0;1.4254823744964378;0.44178107874702266;0.06351851851851852;1.0279999999999976;0.7622222222222222;0.06351851851851852;1.0;1.0343333333333302;12.0;1.0;0.6576388888888889;1.0289999999999975;7.891666666666667;0.6576388888888889;Now
00:27:24 22/03/2020;Sunday;1.029;1.0299999999999974;1.0;1.4247806848775018;0.43149356503906827;0.5941203703703704;1.0299999999999974;7.129444444444444;0.5941203703703704;1.0;1.0374999999999965;12.0;1.0;0.5941203703703704;1.0299999999999974;7.129444444444444;0.5941203703703704;Now
07:35:10 22/03/2020;Sunday;1.044;1.0449999999999957;1.0;1.4195069566578404;0.3541751184101199;0.606712962962963;1.0449999999999957;7.280555555555556;0.606712962962963;1.0;1.0529999999999948;12.0;1.0;0.606712962962963;1.0449999999999957;7.280555555555556;0.606712962962963;Now
14:52:00 22/03/2020;Sunday;1.0606;1.060999999999994;1.0;1.413859964777278;0.27138423079790086;0.4647685185185185;1.060999999999994;5.577222222222222;0.4647685185185185;1.0;1.072333333333326;12.0;1.0;0.4647685185185185;1.060999999999994;5.577222222222222;0.4647685185185185;Now
20:26:38 22/03/2020;Sunday;1.0721;1.0729999999999926;1.0;1.4096098751072963;0.2090734105148958;0.4899074074074074;1.0729999999999926;5.878888888888889;0.4899074074074074;1.0;1.0833333333333248;12.0;1.0;0.4899074074074074;1.0729999999999926;5.878888888888889;0.4899074074074074;Now
02:19:22 23/03/2020;Monday;1.0829;1.0829999999999915;1.0;1.4060583202698274;0.1570038514263426;0.4432638888888889;1.0829999999999915;5.319166666666667;0.4432638888888889;1.0;1.0943333333333236;12.0;1.0;0.9904398148148148;1.088499999999991;11.885277777777778;0.9904398148148148;Now
07:38:31 23/03/2020;Monday;1.0931;1.0939999999999903;1.0;1.4021412197064922;0.09957500446427758;0.5471759259259259;1.0939999999999903;6.566111111111111;0.5471759259259259;1.0;1.1043333333333225;12.0;1.0;0.5471759259259259;1.0939999999999903;6.566111111111111;0.5471759259259259;Now
14:12:29 23/03/2020;Monday;1.1059;1.105999999999989;1.0;1.3978555004005282;0.036741815945110515;0.40800925925925924;1.105999999999989;4.896111111111111;0.40800925925925924;1.0;1.1106666666666551;12.0;1.0;1.0;1.1094999999999886;12.0;1.0;Now
19:06:15 23/03/2020;Monday;1.1124;1.1129999999999882;1.0;1.3953494186045343;0.0;1.0;1.1129999999999882;12.0;1.0;1.0;1.1129999999999882;12.0;1.0;1.0;1.1129999999999882;12.0;1.0;Now
00:16:52 24/03/2020;Tuesday;1.1102;1.1129999999999882;1.0;1.3953494186045343;0.0;1.0;1.1129999999999882;12.0;1.0;1.0;1.1119999999999883;12.0;1.0;1.0;1.1129999999999882;12.0;1.0;Now
07:24:10 24/03/2020;Tuesday;1.1035;1.1109999999999884;1.0;1.3960659010233047;0.010504391836073537;1.0;1.1109999999999884;12.0;1.0;1.0;1.1063333333333223;12.0;1.0;1.0;1.1109999999999884;12.0;1.0;Now
13:16:50 24/03/2020;Tuesday;1.1016;1.1039999999999892;1.0;1.398570698963771;0.047227385098072484;1.0;1.1039999999999892;12.0;1.0;1.0;1.1029999999999893;12.0;1.0;1.0;1.1029999999999893;12.0;1.0;Now
17:09:15 24/03/2020;Tuesday;1.1016;1.1039999999999892;1.0;1.398570698963771;0.047227385098072484;1.0;1.1039999999999892;12.0;1.0;1.0;1.102666666666656;12.0;1.0;1.0;1.1029999999999893;12.0;1.0;Now
19:32:52 24/03/2020;Tuesday;1.0955;1.1019999999999894;1.0;1.3992855319769482;0.05770759489953656;1.0;1.1019999999999894;12.0;1.0;1.0;1.1019999999999894;12.0;1.0;1.0;1.1019999999999894;12.0;1.0;Now
01:00:19 25/03/2020;Wednesday;1.0929;1.1019999999999894;1.0;1.3992855319769482;0.05770759489953656;1.0;1.1019999999999894;12.0;1.0;1.0;1.09749999999999;12.0;1.0;1.0;1.1019999999999894;12.0;1.0;Now
08:16:20 25/03/2020;Wednesday;1.0745;1.0929999999999904;1.0;1.4024977718342406;0.10480243665484383;1.0;1.0929999999999904;12.0;1.0;1.0;1.088499999999991;12.0;1.0;1.0;1.0929999999999904;12.0;1.0;Now
15:23:46 25/03/2020;Wednesday;1.0831;1.0839999999999914;1.0;1.4057026712644494;0.15178965996716978;1.0;1.0839999999999914;12.0;1.0;1.0;1.0839999999999914;12.0;1.0;1.0;1.0839999999999914;12.0;1.0;Now
22:35:42 25/03/2020;Wednesday;1.0714;1.0839999999999914;1.0;1.4057026712644494;0.15178965996716978;1.0;1.0839999999999914;12.0;1.0;1.0;1.077999999999992;12.0;1.0;1.0;1.0839999999999914;12.0;1.0;Now
05:01:49 26/03/2020;Thursday;1.0659;1.0719999999999927;1.0;1.4099645385611679;0.21427315274415495;1.0;1.0719999999999927;12.0;1.0;1.0;1.068999999999993;12.0;1.0;1.0;1.0719999999999927;12.0;1.0;Now
11:18:12 26/03/2020;Thursday;1.0633;1.0659999999999934;1.0;1.4120906486483107;0.245444180611529;1.0;1.0659999999999934;12.0;1.0;1.0;1.0646666666666602;12.0;1.0;1.0;1.0659999999999934;12.0;1.0;Now
18:01:26 26/03/2020;Thursday;1.0521;1.0639999999999936;1.0;1.4127986409959512;0.2558240990041121;1.0;1.0639999999999936;12.0;1.0;1.0;1.0603333333333274;12.0;1.0;1.0;1.0639999999999936;12.0;1.0;Now
22:45:59 26/03/2020;Thursday;1.0482;1.0639999999999936;1.0;1.4127986409959512;0.2558240990041121;1.0;1.0639999999999936;12.0;1.0;1.0;1.0584999999999942;12.0;1.0;1.0;1.0584999999999942;12.0;1.0;Now
04:38:00 27/03/2020;Friday;1.0487;1.0529999999999948;1.0;1.416686274374113;0.3128209257919803;1.0;1.0529999999999948;12.0;1.0;1.0;1.0503333333333285;12.0;1.0;1.0;1.0529999999999948;12.0;1.0;Now
10:55:39 27/03/2020;Friday;1.0441;1.0489999999999953;1.0;1.4180973168298445;0.3335083041058474;1.0;1.0489999999999953;12.0;1.0;1.0;1.0489999999999953;12.0;1.0;1.0;1.0489999999999953;12.0;1.0;Now
15:57:05 27/03/2020;Friday;1.0455;1.0489999999999953;1.0;1.4180973168298445;0.3335083041058474;1.0;1.0489999999999953;12.0;1.0;1.0;1.0489999999999953;12.0;1.0;1.0;1.0489999999999953;12.0;1.0;Now
04:40:12 28/03/2020;Saturday;1.051;1.051999999999995;1.0;1.41703916671347;0.3179947016048131;0.5241666666666667;1.051999999999995;6.29;0.5241666666666667;1.0;1.0549999999999946;12.0;1.0;0.5241666666666667;1.051999999999995;6.29;0.5241666666666667;Now
10:57:36 28/03/2020;Saturday;1.057;1.0579999999999943;1.0;1.4149204924659216;0.28693269102897645;0.5466898148148148;1.0579999999999943;6.560277777777777;0.5466898148148148;1.0;1.0619999999999938;12.0;1.0;0.5466898148148148;1.0579999999999943;6.560277777777777;0.5466898148148148;Now
17:31:13 28/03/2020;Saturday;1.0652;1.0659999999999934;1.0;1.4120906486483107;0.245444180611529;0.5008564814814814;1.0659999999999934;6.010277777777778;0.5008564814814814;1.0;1.068999999999993;12.0;1.0;0.5008564814814814;1.0659999999999934;6.010277777777778;0.5008564814814814;Now
23:31:50 28/03/2020;Saturday;1.0683;1.068999999999993;1.0;1.4110279940525656;0.22986453766750986;0.3959259259259259;1.068999999999993;4.751111111111111;0.3959259259259259;1.0;1.072333333333326;12.0;1.0;0.9432407407407407;1.070499999999993;11.318888888888889;0.9432407407407407;Now
04:16:54 29/03/2020;Sunday;1.0712;1.0719999999999927;1.0;1.4099645385611679;0.21427315274415495;0.5473148148148148;1.0719999999999927;6.567777777777778;0.5473148148148148;1.0;1.0739999999999925;12.0;1.0;0.5473148148148148;1.0719999999999927;6.567777777777778;0.5473148148148148;Now
10:50:58 29/03/2020;Sunday;1.0759;1.0759999999999923;1.0;1.4085453489327235;0.19346632824111343;0.5825462962962963;1.0759999999999923;6.990555555555556;0.5825462962962963;1.0;1.0774999999999921;12.0;1.0;0.5825462962962963;1.0759999999999923;6.990555555555556;0.5825462962962963;Now
17:50:24 29/03/2020;Sunday;1.0785;1.078999999999992;1.0;1.4074800176201465;0.1778474417906236;0.5347453703703704;1.078999999999992;6.416944444444445;0.5347453703703704;1.0;1.0826666666666582;12.0;1.0;0.5347453703703704;1.078999999999992;6.416944444444445;0.5347453703703704;Now
00:15:25 30/03/2020;Monday;1.0813;1.0819999999999916;1.0;1.4064138793399361;0.16221672433912382;0.45525462962962965;1.0819999999999916;5.463055555555556;0.45525462962962965;1.0;1.086999999999991;12.0;1.0;0.45525462962962965;1.0819999999999916;5.463055555555556;0.45525462962962965;Now
05:43:12 30/03/2020;Monday;1.0866;1.086999999999991;1.0;1.4046351839534736;0.13613916429447914;0.4876388888888889;1.086999999999991;5.851666666666667;0.4876388888888889;1.0;1.0894999999999908;12.0;1.0;1.0;1.0894999999999908;12.0;1.0;Now
11:34:18 30/03/2020;Monday;1.0917;1.0919999999999905;1.0;1.402854233340018;0.11002854023124202;0.629537037037037;1.0919999999999905;7.554444444444444;0.629537037037037;1.0;1.0939999999999903;12.0;1.0;0.629537037037037;1.0919999999999905;7.554444444444444;0.629537037037037;Now
19:07:34 30/03/2020;Monday;1.0956;1.09599999999999;1.0;1.4014278433083918;0.08911615018406562;0.6171527777777778;1.09599999999999;7.405833333333334;0.6171527777777778;1.0;1.0979999999999899;12.0;1.0;0.6171527777777778;1.09599999999999;7.405833333333334;0.6171527777777778;Now
02:31:55 31/03/2020;Tuesday;1.0996;1.0999999999999897;1.0;1.4000000000000037;0.0681824535588735;0.4533564814814815;1.0999999999999897;5.440277777777778;0.4533564814814815;1.0;1.1019999999999894;12.0;1.0;1.0;1.1019999999999894;12.0;1.0;Now
07:58:20 31/03/2020;Tuesday;1.1031;1.1039999999999892;1.0;1.398570698963771;0.047227385098072484;1.0;1.1039999999999892;12.0;1.0;1.0;1.1039999999999892;12.0;1.0;1.0;1.1039999999999892;12.0;1.0;Now
14:40:48 31/03/2020;Tuesday;1.103;1.1039999999999892;1.0;1.398570698963771;0.047227385098072484;;;;;;;;;;;;;Now
21:31:59 31/03/2020;Tuesday;1.0993;1.1039999999999892;1.0;1.398570698963771;0.047227385098072484;;;;;;;;;;;;;Now
