13:16:34 31/12/2019;0.918;;;;;;;
08:55:12 01/01/2020;0.918;0.9180000000000007;1.0;1.463557310118056;0.9180000000000007;12.0;0.9180000000000007;12.0
08:56:12 02/01/2020;0.918;0.9180000000000007;1.0;1.463557310118056;0.9180000000000007;12.0;0.9180000000000007;12.0
20:55:29 02/01/2020;0.918;0.9180000000000007;1.0;1.463557310118056;0.9180000000000007;12.0;0.9180000000000007;12.0
20:56:09 03/01/2020;0.918;0.9180000000000007;1.0;1.463557310118056;0.9180000000000007;12.0;0.9180000000000007;12.0
09:55:31 04/01/2020;0.918;0.9180000000000007;1.0;1.463557310118056;0.9180000000000007;5.485;0.9180000000000007;5.485
15:24:37 04/01/2020;0.9254;0.9260000000000007;1.0;1.4608216865860115;0.9260000000000007;5.166666666666667;0.9270000000000007;12.0
20:34:37 04/01/2020;0.928;0.9280000000000007;1.0;1.4601369798755182;0.9280000000000007;7.119722222222222;0.9280000000000007;7.119722222222222
03:41:48 05/01/2020;0.9317;0.9320000000000007;1.0;1.4587666023048373;0.9320000000000007;6.712777777777778;0.9320000000000007;6.712777777777778
10:24:34 05/01/2020;0.9365;0.9370000000000007;1.0;1.4570518178843193;0.9370000000000007;4.599722222222222;0.9385000000000008;11.305833333333334
15:00:33 05/01/2020;0.9397;0.9400000000000007;1.0;1.4560219778561034;0.9400000000000007;6.706111111111111;0.9400000000000007;6.706111111111111
21:42:55 05/01/2020;0.9404;0.9410000000000007;1.0;1.4556785359412288;0.9410000000000007;12.0;0.9410000000000007;12.0
05:15:27 06/01/2020;0.94;0.9410000000000007;1.0;1.4556785359412288;0.9410000000000007;12.0;0.9410000000000007;12.0
11:14:55 06/01/2020;0.9406;0.9410000000000007;1.0;1.4556785359412288;0.9410000000000007;12.0;0.9410000000000007;12.0
18:31:06 06/01/2020;0.9389;0.9410000000000007;1.0;1.4556785359412288;0.9410000000000007;12.0;0.9400000000000007;12.0
23:48:51 06/01/2020;0.9362;0.9390000000000007;1.0;1.456365338780074;0.9390000000000007;12.0;0.9390000000000007;12.0
07:04:46 07/01/2020;0.9338;0.9370000000000007;1.0;1.4570518178843193;0.9370000000000007;12.0;0.9370000000000007;12.0
14:11:24 07/01/2020;0.9331;0.9340000000000007;1.0;1.4580809305384936;0.9340000000000007;12.0;0.9340000000000007;12.0
02:19:45 08/01/2020;0.934;0.9340000000000007;1.0;1.4580809305384936;0.9340000000000007;12.0;0.9340000000000007;12.0
08:53:05 08/01/2020;0.9332;0.9340000000000007;1.0;1.4580809305384936;0.9340000000000007;12.0;0.9340000000000007;12.0
14:20:02 08/01/2020;0.9328;0.9340000000000007;1.0;1.4580809305384936;0.9340000000000007;12.0;0.9340000000000007;12.0
20:37:40 08/01/2020;0.9327;0.9340000000000007;1.0;1.4580809305384936;0.9340000000000007;12.0;0.9340000000000007;12.0
04:01:01 09/01/2020;0.9328;0.9330000000000007;1.0;1.4584238067173751;0.9330000000000007;6.001111111111111;0.9330000000000007;6.001111111111111
10:01:05 09/01/2020;0.9339;0.9340000000000007;1.0;1.4580809305384936;0.9340000000000007;5.316388888888889;0.9345000000000008;12.0
15:20:04 09/01/2020;0.9342;0.9350000000000007;1.0;1.4577379737113247;0.9350000000000007;7.1113888888888885;0.9350000000000007;7.1113888888888885
22:26:45 09/01/2020;0.9431;0.9440000000000007;1.0;1.4546477236774542;0.9440000000000007;5.169444444444444;0.9475000000000007;11.873611111111112
03:36:55 10/01/2020;0.9509;0.9510000000000007;1.0;1.4522396496446444;0.9510000000000007;6.704166666666667;0.9510000000000007;6.704166666666667
10:19:10 10/01/2020;0.9577;0.9580000000000007;1.0;1.4498275759551547;0.9580000000000007;5.160277777777778;0.9595000000000007;12.0
15:28:47 10/01/2020;0.961;0.9610000000000007;1.0;1.4487926007541587;0.9610000000000007;6.972777777777778;0.9610000000000007;6.972777777777778
22:27:09 10/01/2020;0.9661;0.9670000000000007;1.0;1.4467204291085403;0.9670000000000007;12.0;0.9670000000000007;12.0
03:37:09 11/01/2020;0.9615;0.9670000000000007;1.0;1.4467204291085403;0.9670000000000007;12.0;0.9670000000000007;12.0
09:20:55 11/01/2020;0.9624;0.9670000000000007;1.0;1.4467204291085403;0.9670000000000007;12.0;0.9670000000000007;12.0
16:54:05 11/01/2020;0.9612;0.9630000000000007;1.0;1.4481022063376603;0.9630000000000007;12.0;0.9630000000000007;12.0
23:43:19 11/01/2020;0.9562;0.9620000000000007;1.0;1.4484474446799924;0.9620000000000007;12.0;0.9620000000000007;12.0
06:00:40 12/01/2020;0.9551;0.9570000000000007;1.0;1.450172403543799;0.9570000000000007;12.0;0.9570000000000007;12.0
12:25:51 12/01/2020;0.9491;0.9560000000000007;1.0;1.4505171491574993;0.9560000000000007;12.0;0.9560000000000007;12.0
19:33:13 12/01/2020;0.9502;0.9510000000000007;1.0;1.4522396496446444;0.9510000000000007;6.965833333333333;0.9510000000000007;6.965833333333333
02:31:10 13/01/2020;0.9529;0.9530000000000007;1.0;1.4515508947329403;0.9530000000000007;12.0;0.9530000000000007;12.0
08:48:12 13/01/2020;0.9506;0.9530000000000007;1.0;1.4515508947329403;0.9530000000000007;6.017222222222222;0.9530000000000007;6.017222222222222
14:49:14 13/01/2020;0.9545;0.9550000000000007;1.0;1.4508618128546906;0.9550000000000007;6.972777777777778;0.9550000000000007;6.972777777777778
21:47:36 13/01/2020;0.9553;0.9560000000000007;1.0;1.4505171491574993;0.9560000000000007;12.0;0.9560000000000007;12.0
02:32:13 14/01/2020;0.9541;0.9560000000000007;1.0;1.4505171491574993;0.9560000000000007;12.0;0.9560000000000007;12.0
08:25:10 14/01/2020;0.9533;0.9560000000000007;1.0;1.4505171491574993;0.9560000000000007;12.0;0.9560000000000007;12.0
14:42:41 14/01/2020;0.9516;0.9540000000000007;1.0;1.4512063946937388;0.9540000000000007;9.589722222222223;0.9540000000000007;9.589722222222223
19:31:52 14/01/2020;0.9537;0.9540000000000007;1.0;1.4512063946937388;0.9540000000000007;4.77;0.9540000000000007;4.77
00:18:04 15/01/2020;0.9567;0.9570000000000007;1.0;1.450172403543799;0.9570000000000007;12.0;0.9570000000000007;12.0
05:05:26 15/01/2020;0.9537;0.9570000000000007;1.0;1.450172403543799;0.9570000000000007;12.0;0.9570000000000007;12.0
11:05:07 15/01/2020;0.9522;0.9570000000000007;1.0;1.450172403543799;0.9570000000000007;12.0;0.9570000000000007;12.0
18:37:20 15/01/2020;0.9562;0.9570000000000007;1.0;1.450172403543799;0.9570000000000007;7.411666666666667;0.9570000000000007;7.411666666666667
02:02:02 16/01/2020;0.9609;0.9610000000000007;1.0;1.4487926007541587;0.9610000000000007;12.0;0.9610000000000007;12.0
08:35:55 16/01/2020;0.9597;0.9610000000000007;1.0;1.4487926007541587;0.9610000000000007;12.0;0.9610000000000007;12.0
14:02:35 16/01/2020;0.9585;0.9600000000000007;1.0;1.4491376746189435;0.9600000000000007;11.865833333333333;0.9600000000000007;11.865833333333333
19:54:16 16/01/2020;0.9592;0.9600000000000007;1.0;1.4491376746189435;0.9600000000000007;6.004444444444444;0.9600000000000007;6.004444444444444
01:54:32 17/01/2020;0.9601;0.9610000000000007;1.0;1.4487926007541587;0.9610000000000007;12.0;0.9610000000000007;12.0
09:01:39 17/01/2020;0.9542;0.9610000000000007;1.0;1.4487926007541587;0.9610000000000007;12.0;0.9610000000000007;12.0
15:52:58 17/01/2020;0.954;0.9550000000000007;1.0;1.4508618128546906;0.9550000000000007;12.0;0.9550000000000007;12.0
22:26:05 17/01/2020;0.9533;0.9540000000000007;1.0;1.4512063946937388;0.9540000000000007;12.0;0.9540000000000007;12.0
04:10:25 18/01/2020;0.9473;0.9540000000000007;1.0;1.4512063946937388;0.9540000000000007;12.0;0.9540000000000007;12.0
10:10:15 18/01/2020;0.9425;0.9540000000000007;1.0;1.4512063946937388;0.9540000000000007;12.0;0.9540000000000007;12.0
15:38:01 18/01/2020;0.9442;0.9480000000000007;1.0;1.4532721699667956;0.9480000000000007;12.0;0.9480000000000007;12.0
20:47:09 18/01/2020;0.9426;0.9450000000000007;1.0;1.4543039572248986;0.9450000000000007;12.0;0.9450000000000007;12.0
02:39:05 19/01/2020;0.9397;0.9450000000000007;1.0;1.4543039572248986;0.9450000000000007;12.0;0.9440000000000007;12.0
08:30:20 19/01/2020;0.9397;0.9430000000000007;1.0;1.4549914089093445;0.9430000000000007;12.0;0.9430000000000007;12.0
08:31:20 19/01/2020;0.9373;0.9430000000000007;1.0;1.4549914089093445;0.9430000000000007;12.0;0.9430000000000007;12.0
15:54:42 19/01/2020;0.937;0.9400000000000007;1.0;1.4560219778561034;0.9400000000000007;12.0;0.9400000000000007;12.0
23:02:01 19/01/2020;0.936;0.9370000000000007;1.0;1.4570518178843193;0.9370000000000007;6.288055555555555;0.9370000000000007;6.288055555555555
05:19:18 20/01/2020;0.9404;0.9410000000000007;1.0;1.4556785359412288;0.9410000000000007;9.224166666666667;0.9410000000000007;9.224166666666667
09:55:49 20/01/2020;0.9407;0.9410000000000007;1.0;1.4556785359412288;0.9410000000000007;4.615555555555556;0.9445000000000008;12.0
14:32:45 20/01/2020;0.9473;0.9480000000000007;1.0;1.4532721699667956;0.9480000000000007;12.0;0.9480000000000007;12.0
21:56:47 20/01/2020;0.9461;0.9480000000000007;1.0;1.4532721699667956;0.9480000000000007;12.0;0.9480000000000007;12.0
03:06:22 21/01/2020;0.9474;0.9480000000000007;1.0;1.4532721699667956;0.9480000000000007;10.331388888888888;0.9480000000000007;10.331388888888888
08:17:10 21/01/2020;0.9479;0.9480000000000007;1.0;1.4532721699667956;0.9480000000000007;5.151388888888889;0.9480000000000007;5.151388888888889
13:26:15 21/01/2020;0.9496;0.9500000000000007;1.0;1.4525839046333948;0.9500000000000007;5.25;0.9500000000000007;5.25
18:41:15 21/01/2020;0.9518;0.9520000000000007;1.0;1.4518953130305225;0.9520000000000007;5.618888888888889;0.9520000000000007;5.618888888888889
00:18:23 22/01/2020;0.955;0.9550000000000007;1.0;1.4508618128546906;0.9550000000000007;11.168055555555556;0.9550000000000007;11.168055555555556
06:02:39 22/01/2020;0.9548;0.9550000000000007;1.0;1.4508618128546906;0.9550000000000007;5.4302777777777775;0.9555000000000007;12.0
11:28:28 22/01/2020;0.9551;0.9560000000000007;1.0;1.4505171491574993;0.9560000000000007;12.0;0.9560000000000007;12.0
17:36:53 22/01/2020;0.9553;0.9560000000000007;1.0;1.4505171491574993;0.9560000000000007;6.157222222222222;0.9560000000000007;6.157222222222222
23:46:19 22/01/2020;0.9578;0.9580000000000007;1.0;1.4498275759551547;0.9580000000000007;4.609166666666667;0.9600000000000007;12.0
04:22:52 23/01/2020;0.9615;0.9620000000000007;1.0;1.4484474446799924;0.9620000000000007;9.905833333333334;0.9620000000000007;9.905833333333334
09:32:15 23/01/2020;0.962;0.9620000000000007;1.0;1.4484474446799924;0.9620000000000007;4.749444444444444;0.9640000000000007;12.0
14:17:13 23/01/2020;0.966;0.9660000000000007;1.0;1.4470659971127784;0.9660000000000007;7.261666666666667;0.9660000000000007;7.261666666666667
21:32:55 23/01/2020;0.9691;0.9700000000000008;1.0;1.4456832294800959;0.9700000000000008;12.0;0.9700000000000008;12.0
03:24:40 24/01/2020;0.9663;0.9700000000000008;1.0;1.4456832294800959;0.9700000000000008;12.0;0.9700000000000008;12.0
09:16:32 24/01/2020;0.9627;0.9700000000000008;1.0;1.4456832294800959;0.9700000000000008;12.0;0.9700000000000008;12.0
14:18:10 24/01/2020;0.9618;0.9670000000000007;1.0;1.4467204291085403;0.9670000000000007;12.0;0.9670000000000007;12.0
19:52:32 24/01/2020;0.9596;0.9630000000000007;1.0;1.4481022063376603;0.9630000000000007;12.0;0.9630000000000007;12.0
01:44:56 25/01/2020;0.9575;0.9620000000000007;1.0;1.4484474446799924;0.9620000000000007;12.0;0.9610000000000007;12.0
04:14:07 25/01/2020;0.9575;0.9600000000000007;1.0;1.4491376746189435;0.9600000000000007;12.0;0.9600000000000007;12.0
06:46:17 25/01/2020;0.9573;0.9600000000000007;1.0;1.4491376746189435;0.9600000000000007;12.0;0.9600000000000007;12.0
14:10:11 25/01/2020;0.9546;0.9580000000000007;1.0;1.4498275759551547;0.9580000000000007;12.0;0.9580000000000007;12.0
20:27:16 25/01/2020;0.9539;0.9550000000000007;1.0;1.4508618128546906;0.9550000000000007;12.0;0.9550000000000007;12.0
03:43:09 26/01/2020;0.9527;0.9540000000000007;1.0;1.4512063946937388;0.9540000000000007;12.0;0.9535000000000007;12.0
08:36:13 26/01/2020;0.9514;0.9530000000000007;1.0;1.4515508947329403;0.9530000000000007;12.0;0.9530000000000007;12.0
14:03:01 26/01/2020;0.9492;0.9530000000000007;1.0;1.4515508947329403;0.9530000000000007;12.0;0.9530000000000007;12.0
21:10:31 26/01/2020;0.9494;0.9500000000000007;1.0;1.4525839046333948;0.9500000000000007;12.0;0.9500000000000007;12.0
03:53:17 27/01/2020;0.9499;0.9500000000000007;1.0;1.4525839046333948;0.9500000000000007;5.295555555555556;0.9510000000000007;12.0
09:11:01 27/01/2020;0.9516;0.9520000000000007;1.0;1.4518953130305225;0.9520000000000007;7.263055555555556;0.9520000000000007;7.263055555555556
16:26:48 27/01/2020;0.9549;0.9550000000000007;1.0;1.4508618128546906;0.9550000000000007;12.0;0.9550000000000007;12.0
23:51:00 27/01/2020;0.9526;0.9550000000000007;1.0;1.4508618128546906;0.9550000000000007;12.0;0.9550000000000007;12.0
05:01:17 28/01/2020;0.9545;0.9550000000000007;1.0;1.4508618128546906;0.9550000000000007;12.0;0.9550000000000007;12.0
09:37:55 28/01/2020;0.9532;0.9550000000000007;1.0;1.4508618128546906;0.9550000000000007;12.0;0.9550000000000007;12.0
16:53:09 28/01/2020;0.9497;0.9550000000000007;1.0;1.4508618128546906;0.9550000000000007;12.0;0.9545000000000008;12.0
17:14:10 28/01/2020;0.9497;0.9540000000000007;1.0;1.4512063946937388;0.9540000000000007;12.0;0.9540000000000007;12.0
23:35:31 28/01/2020;0.9465;0.9500000000000007;1.0;1.4525839046333948;0.9500000000000007;12.0;0.9500000000000007;12.0
04:12:32 29/01/2020;0.9446;0.9500000000000007;1.0;1.4525839046333948;0.9500000000000007;12.0;0.9500000000000007;12.0
11:18:55 29/01/2020;0.9423;0.9470000000000007;1.0;1.4536161804272816;0.9470000000000007;12.0;0.9470000000000007;12.0
16:37:26 29/01/2020;0.9411;0.9430000000000007;1.0;1.4549914089093445;0.9430000000000007;12.0;0.9430000000000007;12.0
21:31:31 29/01/2020;0.9403;0.9430000000000007;1.0;1.4549914089093445;0.9430000000000007;12.0;0.9430000000000007;12.0
04:22:10 30/01/2020;0.9371;0.9420000000000007;1.0;1.4553350129781113;0.9420000000000007;12.0;0.9400000000000007;12.0
10:13:26 30/01/2020;0.9364;0.9380000000000007;1.0;1.4567086187704112;0.9380000000000007;12.0;0.9380000000000007;12.0
16:38:54 30/01/2020;0.9341;0.9370000000000007;1.0;1.4570518178843193;0.9370000000000007;12.0;0.9370000000000007;12.0
21:49:04 30/01/2020;0.9329;0.9370000000000007;1.0;1.4570518178843193;0.9370000000000007;12.0;0.9370000000000007;12.0
04:31:49 31/01/2020;0.9317;0.9350000000000007;1.0;1.4577379737113247;0.9350000000000007;12.0;0.9340000000000007;12.0
09:24:34 31/01/2020;0.9312;0.9330000000000007;1.0;1.4584238067173751;0.9330000000000007;12.0;0.9330000000000007;12.0
16:40:01 31/01/2020;0.9297;0.9320000000000007;1.0;1.4587666023048373;0.9320000000000007;12.0;0.9320000000000007;12.0
16:40:01 31/01/2020;0.9297;0.9320000000000007;1.0;1.4587666023048373;0.9320000000000007;12.0;0.9320000000000007;12.0
00:04:35 01/02/2020;0.9304;0.9310000000000007;1.0;1.4591093173576817;0.9310000000000007;12.0;0.9310000000000007;12.0
05:13:54 01/02/2020;0.9303;0.9310000000000007;1.0;1.4591093173576817;0.9310000000000007;7.000555555555556;0.9310000000000007;7.000555555555556
12:13:56 01/02/2020;0.9333;0.9340000000000007;1.0;1.4580809305384936;0.9340000000000007;12.0;0.9340000000000007;12.0
19:03:55 01/02/2020;0.9317;0.9340000000000007;1.0;1.4580809305384936;0.9340000000000007;12.0;0.9330000000000007;12.0
00:31:16 02/02/2020;0.9291;0.9320000000000007;1.0;1.4587666023048373;0.9320000000000007;12.0;0.9320000000000007;12.0
07:12:29 02/02/2020;0.9277;0.9300000000000007;1.0;1.4594519519326423;0.9300000000000007;12.0;0.9300000000000007;12.0
14:28:10 02/02/2020;0.9255;0.9280000000000007;1.0;1.4601369798755182;0.9280000000000007;12.0;0.9280000000000007;12.0
19:55:06 02/02/2020;0.9261;0.9270000000000007;1.0;1.46047937335657;0.9270000000000007;12.0;0.9270000000000007;12.0
00:48:29 03/02/2020;0.9255;0.9270000000000007;1.0;1.46047937335657;0.9270000000000007;12.0;0.9270000000000007;12.0
01:13:43 03/02/2020;0.9255;0.9270000000000007;1.0;1.46047937335657;0.9270000000000007;12.0;0.9270000000000007;12.0
06:57:00 03/02/2020;0.9213;0.9270000000000007;1.0;1.46047937335657;0.9270000000000007;12.0;0.9270000000000007;12.0
14:21:26 03/02/2020;0.9202;0.9220000000000007;1.0;1.462190138114739;0.9220000000000007;12.0;0.9220000000000007;12.0
19:14:29 03/02/2020;0.9198;0.9210000000000007;1.0;1.4625320509308504;0.9210000000000007;12.0;0.9210000000000007;12.0
23:51:14 03/02/2020;0.92;0.9210000000000007;1.0;1.4625320509308504;0.9210000000000007;12.0;0.9210000000000007;12.0
11:35:01 04/02/2020;0.9205;0.9210000000000007;1.0;1.4625320509308504;0.9210000000000007;7.042777777777777;0.9210000000000007;7.042777777777777
18:05:35 04/02/2020;0.9205;0.9210000000000007;1.0;1.4625320509308504;0.9210000000000007;0.5333333333333333;0.9225000000000008;6.088333333333333
18:37:35 04/02/2020;0.9231;0.9240000000000007;1.0;1.4615060725156086;0.9240000000000007;5.555;0.9245000000000008;12.0
00:10:53 05/02/2020;0.9248;0.9250000000000007;1.0;1.4611639196202455;0.9250000000000007;12.0;0.9250000000000007;12.0
06:45:41 05/02/2020;0.9232;0.9250000000000007;1.0;1.4611639196202455;0.9250000000000007;6.697777777777778;0.9250000000000007;6.697777777777778
13:27:33 05/02/2020;0.9277;0.9280000000000007;1.0;1.4601369798755182;0.9280000000000007;7.3875;0.9280000000000007;7.3875
20:50:48 05/02/2020;0.9301;0.9310000000000007;1.0;1.4591093173576817;0.9310000000000007;6.158055555555555;0.9310000000000007;6.158055555555555
03:00:17 06/02/2020;0.9319;0.9320000000000007;1.0;1.4587666023048373;0.9320000000000007;5.026388888888889;0.9325000000000008;11.861666666666666
08:01:52 06/02/2020;0.9325;0.9330000000000007;1.0;1.4584238067173751;0.9330000000000007;6.835277777777778;0.9330000000000007;6.835277777777778
14:51:59 06/02/2020;0.9335;0.9340000000000007;1.0;1.4580809305384936;0.9340000000000007;12.0;0.9340000000000007;12.0
20:55:22 06/02/2020;0.9318;0.9340000000000007;1.0;1.4580809305384936;0.9340000000000007;12.0;0.9340000000000007;12.0
01:42:43 07/02/2020;0.9291;0.9340000000000007;1.0;1.4580809305384936;0.9340000000000007;12.0;0.9340000000000007;12.0
08:58:23 07/02/2020;0.9283;0.9300000000000007;1.0;1.4594519519326423;0.9300000000000007;7.121944444444445;0.9300000000000007;7.121944444444445
16:05:42 07/02/2020;0.9351;0.9360000000000007;1.0;1.457394936178934;0.9360000000000007;6.985;0.9360000000000007;6.985
23:04:48 07/02/2020;0.937;0.9370000000000007;1.0;1.4570518178843193;0.9370000000000007;12.0;0.9370000000000007;12.0
04:07:10 08/02/2020;0.9349;0.9370000000000007;1.0;1.4570518178843193;0.9370000000000007;12.0;0.9370000000000007;12.0
10:56:46 08/02/2020;0.9296;0.9370000000000007;1.0;1.4570518178843193;0.9370000000000007;12.0;0.9370000000000007;12.0
16:40:04 08/02/2020;0.9276;0.9300000000000007;1.0;1.4594519519326423;0.9300000000000007;12.0;0.9300000000000007;12.0
22:07:08 08/02/2020;0.9281;0.9300000000000007;1.0;1.4594519519326423;0.9300000000000007;12.0;0.9295000000000007;12.0
02:59:54 09/02/2020;0.9266;0.9290000000000007;1.0;1.4597945060863873;0.9290000000000007;12.0;0.9290000000000007;12.0
08:02:33 09/02/2020;0.925;0.9290000000000007;1.0;1.4597945060863873;0.9290000000000007;12.0;0.9290000000000007;12.0
12:46:45 09/02/2020;0.9243;0.9270000000000007;1.0;1.46047937335657;0.9270000000000007;9.914166666666667;0.9270000000000007;9.914166666666667
17:23:06 09/02/2020;0.9265;0.9270000000000007;1.0;1.46047937335657;0.9270000000000007;5.308333333333334;0.9270000000000007;5.308333333333334
22:41:36 09/02/2020;0.9273;0.9280000000000007;1.0;1.4601369798755182;0.9280000000000007;12.0;0.9280000000000007;12.0
02:25:58 10/02/2020;0.9273;0.9280000000000007;1.0;1.4601369798755182;0.9280000000000007;12.0;0.9280000000000007;12.0
03:51:39 10/02/2020;0.9262;0.9280000000000007;1.0;1.4601369798755182;0.9280000000000007;12.0;0.9280000000000007;12.0
10:17:13 10/02/2020;0.9236;0.9280000000000007;1.0;1.4601369798755182;0.9280000000000007;12.0;0.9275000000000007;10.884722222222223
14:53:40 10/02/2020;0.9245;0.9270000000000007;1.0;1.46047937335657;0.9270000000000007;6.277222222222222;0.9270000000000007;6.277222222222222
21:10:18 10/02/2020;0.9274;0.9280000000000007;1.0;1.4601369798755182;0.9280000000000007;12.0;0.9280000000000007;12.0
03:44:49 11/02/2020;0.9253;0.9280000000000007;1.0;1.4601369798755182;0.9280000000000007;12.0;0.9280000000000007;12.0
09:19:28 11/02/2020;0.9254;0.9260000000000007;1.0;1.4608216865860115;0.9260000000000007;10.050833333333333;0.9260000000000007;10.050833333333333
14:46:18 11/02/2020;0.9249;0.9260000000000007;1.0;1.4608216865860115;0.9260000000000007;4.603611111111111;0.9260000000000007;4.603611111111111
19:22:31 11/02/2020;0.9282;0.9290000000000007;1.0;1.4597945060863873;0.9290000000000007;12.0;0.9290000000000007;12.0
22:20:34 11/02/2020;0.9282;0.9290000000000007;1.0;1.4597945060863873;0.9290000000000007;9.623333333333333;0.9290000000000007;9.623333333333333
02:22:16 12/02/2020;0.929;0.9290000000000007;1.0;1.4597945060863873;0.9290000000000007;5.595;0.9310000000000007;12.0
07:57:58 12/02/2020;0.9321;0.9330000000000007;1.0;1.4584238067173751;0.9330000000000007;7.385833333333333;0.9330000000000007;7.385833333333333
15:21:07 12/02/2020;0.9341;0.9350000000000007;1.0;1.4577379737113247;0.9350000000000007;7.133611111111111;0.9350000000000007;7.133611111111111
22:29:08 12/02/2020;0.936;0.9360000000000007;1.0;1.457394936178934;0.9360000000000007;11.995833333333334;0.9360000000000007;11.995833333333334
05:02:26 13/02/2020;0.9359;0.9360000000000007;1.0;1.457394936178934;0.9360000000000007;5.440833333333333;0.9370000000000007;12.0
10:28:53 13/02/2020;0.9378;0.9380000000000007;1.0;1.4567086187704112;0.9380000000000007;7.254444444444444;0.9380000000000007;7.254444444444444
17:44:09 13/02/2020;0.9392;0.9400000000000007;1.0;1.4560219778561034;0.9400000000000007;12.0;0.9400000000000007;12.0
23:20:34 13/02/2020;0.9394;0.9400000000000007;1.0;1.4560219778561034;0.9400000000000007;12.0;0.9400000000000007;12.0
06:11:04 14/02/2020;0.9378;0.9400000000000007;1.0;1.4560219778561034;0.9400000000000007;12.0;0.9400000000000007;12.0
13:01:13 14/02/2020;0.9365;0.9380000000000007;1.0;1.4567086187704112;0.9380000000000007;5.583611111111111;0.9385000000000008;12.0
18:36:14 14/02/2020;0.9381;0.9390000000000007;1.0;1.456365338780074;0.9390000000000007;12.0;0.9390000000000007;12.0
00:37:26 15/02/2020;0.9376;0.9390000000000007;1.0;1.456365338780074;0.9390000000000007;12.0;0.9390000000000007;12.0
06:18:08 15/02/2020;0.9347;0.9390000000000007;1.0;1.456365338780074;0.9390000000000007;12.0;0.9385000000000008;12.0
12:10:10 15/02/2020;0.932;0.9380000000000007;1.0;1.4567086187704112;0.9380000000000007;12.0;0.9380000000000007;12.0
19:09:49 15/02/2020;0.9303;0.9320000000000007;1.0;1.4587666023048373;0.9320000000000007;12.0;0.9320000000000007;12.0
00:41:27 16/02/2020;0.9303;0.9310000000000007;1.0;1.4591093173576817;0.9310000000000007;12.0;0.9310000000000007;12.0
01:51:40 16/02/2020;0.9291;0.9310000000000007;1.0;1.4591093173576817;0.9310000000000007;12.0;0.9310000000000007;12.0
07:18:30 16/02/2020;0.9301;0.9310000000000007;1.0;1.4591093173576817;0.9310000000000007;12.0;0.9310000000000007;12.0
13:27:23 16/02/2020;0.9284;0.9310000000000007;1.0;1.4591093173576817;0.9310000000000007;12.0;0.9310000000000007;12.0
18:28:09 16/02/2020;0.9277;0.9310000000000007;1.0;1.4591093173576817;0.9310000000000007;12.0;0.9310000000000007;12.0
23:54:37 16/02/2020;0.9259;0.9290000000000007;1.0;1.4597945060863873;0.9290000000000007;12.0;0.9285000000000008;12.0
05:38:35 17/02/2020;0.9254;0.9280000000000007;1.0;1.4601369798755182;0.9280000000000007;12.0;0.9280000000000007;12.0
17:30:56 17/02/2020;0.9253;0.9260000000000007;1.0;1.4608216865860115;0.9260000000000007;12.0;0.9260000000000007;12.0
23:22:12 17/02/2020;0.9238;0.9260000000000007;1.0;1.4608216865860115;0.9260000000000007;12.0;0.9260000000000007;12.0
06:12:44 18/02/2020;0.9219;0.9240000000000007;1.0;1.4615060725156086;0.9240000000000007;12.0;0.9240000000000007;12.0
18:13:32 18/02/2020;0.9236;0.9240000000000007;1.0;1.4615060725156086;0.9240000000000007;7.397222222222222;0.9240000000000007;7.397222222222222
01:37:22 19/02/2020;0.9309;0.9310000000000007;1.0;1.4591093173576817;0.9310000000000007;4.894722222222223;0.9325000000000008;9.923055555555555
06:31:03 19/02/2020;0.9334;0.9340000000000007;1.0;1.4580809305384936;0.9340000000000007;5.028333333333333;0.9340000000000007;5.028333333333333
11:32:45 19/02/2020;0.9382;0.9390000000000007;1.0;1.456365338780074;0.9390000000000007;5.017222222222222;0.9405000000000008;12.0
16:33:47 19/02/2020;0.9412;0.9420000000000007;1.0;1.4553350129781113;0.9420000000000007;12.0;0.9420000000000007;12.0
23:04:24 19/02/2020;0.941;0.9420000000000007;1.0;1.4553350129781113;0.9420000000000007;12.0;0.9420000000000007;12.0
04:05:59 20/02/2020;0.9387;0.9420000000000007;1.0;1.4553350129781113;0.9420000000000007;7.533611111111111;0.9420000000000007;7.533611111111111
11:38:00 20/02/2020;0.9449;0.9450000000000007;1.0;1.4543039572248986;0.9450000000000007;5.1738888888888885;0.9450000000000007;5.1738888888888885
16:48:26 20/02/2020;0.948;0.9480000000000007;1.0;1.4532721699667956;0.9480000000000007;4.733055555555556;0.9525000000000008;10.188888888888888
21:32:25 20/02/2020;0.9567;0.9570000000000007;1.0;1.450172403543799;0.9570000000000007;5.4558333333333335;0.9570000000000007;5.4558333333333335
02:59:46 21/02/2020;0.9682;0.9690000000000007;1.0;1.4460290453514408;0.9690000000000007;12.0;0.9690000000000007;12.0
07:44:40 21/02/2020;0.9648;0.9690000000000007;1.0;1.4460290453514408;0.9690000000000007;12.0;0.9690000000000007;12.0
13:10:16 21/02/2020;0.9649;0.9690000000000007;1.0;1.4460290453514408;0.9690000000000007;10.901388888888889;0.9690000000000007;10.901388888888889
18:12:19 21/02/2020;0.9648;0.9650000000000007;1.0;1.4474114826130127;0.9650000000000007;5.867222222222222;0.9650000000000007;5.867222222222222
00:04:21 22/02/2020;0.9713;0.9720000000000008;1.0;1.4449913494550752;0.9720000000000008;5.573888888888889;0.9745000000000008;12.0
05:38:47 22/02/2020;0.977;0.9770000000000008;1.0;1.4432601983010545;0.9770000000000008;6.845;0.9770000000000008;6.845
12:29:29 22/02/2020;0.985;0.9850000000000008;1.0;1.440486029088793;0.9850000000000008;5.594166666666666;0.9865000000000008;11.997777777777777
18:05:08 22/02/2020;0.9877;0.9880000000000008;1.0;1.4394443372357262;0.9880000000000008;6.403611111111111;0.9880000000000008;6.403611111111111
00:29:21 23/02/2020;0.9882;0.9890000000000008;1.0;1.4390969390558785;0.9890000000000008;12.0;0.9890000000000008;12.0
07:28:21 23/02/2020;0.9859;0.9890000000000008;1.0;1.4390969390558785;0.9890000000000008;12.0;0.9890000000000008;12.0
18:54:44 23/02/2020;0.9875;0.9880000000000008;1.0;1.4394443372357262;0.9880000000000008;12.0;0.9880000000000008;12.0
00:13:30 24/02/2020;0.9849;0.9880000000000008;1.0;1.4394443372357262;0.9880000000000008;12.0;0.9880000000000008;12.0
06:30:38 24/02/2020;0.9878;0.9880000000000008;1.0;1.4394443372357262;0.9880000000000008;5.998611111111111;0.9895000000000007;12.0
12:30:33 24/02/2020;0.9909;0.9910000000000008;1.0;1.4384018909887455;0.9910000000000008;7.108888888888889;0.9910000000000008;7.108888888888889
19:37:05 24/02/2020;0.9912;0.9920000000000008;1.0;1.4380542409798036;0.9920000000000008;6.0025;0.9920000000000008;6.0025
01:37:14 25/02/2020;0.9924;0.9930000000000008;1.0;1.437706506906051;0.9930000000000008;12.0;0.9930000000000008;12.0
14:19:43 25/02/2020;0.9976;0.9980000000000008;1.0;1.4359665734271112;0.9980000000000008;12.0;0.9980000000000008;12.0
19:54:38 25/02/2020;0.9968;0.9980000000000008;1.0;1.4359665734271112;0.9980000000000008;12.0;0.9980000000000008;12.0
02:36:43 26/02/2020;0.998;0.9980000000000008;1.0;1.4359665734271112;0.9980000000000008;7.257777777777778;0.9980000000000008;7.257777777777778
09:52:11 26/02/2020;1.0023;1.0030000000000003;1.0;1.4342245291445825;1.0030000000000003;12.0;1.0030000000000003;12.0
14:46:05 26/02/2020;1.0029;1.0030000000000003;1.0;1.4342245291445825;1.0030000000000003;9.769166666666667;1.0030000000000003;9.769166666666667
19:21:39 26/02/2020;1.0023;1.0030000000000003;1.0;1.4342245291445825;1.0030000000000003;5.176388888888889;1.0030000000000003;5.176388888888889
00:32:14 27/02/2020;1.007;1.0079999999999998;1.0;1.432480366357599;1.0079999999999998;5.456111111111111;1.0084999999999997;12.0
05:59:36 27/02/2020;1.0081;1.0089999999999997;1.0;1.4321312788986909;1.0089999999999997;6.839444444444444;1.0089999999999997;6.839444444444444
12:49:58 27/02/2020;1.0107;1.0109999999999995;1.0;1.4314328485821473;1.0109999999999995;5.1625;1.0109999999999995;5.1625
17:59:43 27/02/2020;1.0166;1.0169999999999988;1.0;1.4293355099485918;1.0169999999999988;12.0;1.0169999999999988;12.0
22:50:29 27/02/2020;1.0112;1.0169999999999988;1.0;1.4293355099485918;1.0169999999999988;12.0;1.0169999999999988;12.0
03:49:05 28/02/2020;1.0058;1.0169999999999988;1.0;1.4293355099485918;1.0169999999999988;12.0;1.0169999999999988;12.0
10:05:15 28/02/2020;1.0047;1.0119999999999993;1.0;1.4310835055998656;1.0119999999999993;12.0;1.0119999999999993;12.0
21:32:11 28/02/2020;0.9987;1.0050000000000001;1.0;1.433527118683145;1.0050000000000001;12.0;1.0020000000000004;12.0
02:33:30 29/02/2020;0.9949;0.9990000000000008;1.0;1.4356183336806476;0.9990000000000008;12.0;0.9990000000000008;12.0
09:57:30 29/02/2020;0.9888;0.9950000000000008;1.0;1.4370107863199912;0.9950000000000008;12.0;0.9950000000000008;12.0
16:14:10 29/02/2020;0.9883;0.9890000000000008;1.0;1.4390969390558785;0.9890000000000008;5.163055555555555;0.9890000000000008;5.163055555555555
21:23:57 29/02/2020;0.9897;0.9900000000000008;1.0;1.4387494569938157;0.9900000000000008;5.316666666666666;0.9900000000000008;5.316666666666666
21:23:57 29/02/2020;0.9897;0.9900000000000008;1.0;1.4387494569938157;0.9900000000000008;5.316666666666666;0.9900000000000008;5.316666666666666
02:42:57 01/03/2020;0.9918;0.9920000000000008;1.0;1.4380542409798036;0.9920000000000008;5.721388888888889;0.9920000000000008;5.721388888888889
08:26:14 01/03/2020;0.9925;0.9930000000000008;1.0;1.437706506906051;0.9930000000000008;12.0;0.9930000000000008;12.0
13:36:04 01/03/2020;0.9927;0.9930000000000008;1.0;1.437706506906051;0.9930000000000008;12.0;0.9930000000000008;12.0
19:02:30 01/03/2020;0.9929;0.9930000000000008;1.0;1.437706506906051;0.9930000000000008;6.844722222222222;0.9930000000000008;6.844722222222222
01:53:11 02/03/2020;0.9932;0.9940000000000008;1.0;1.4373586887064758;0.9940000000000008;12.0;0.9940000000000008;12.0
07:44:56 02/03/2020;0.99;0.9940000000000008;1.0;1.4373586887064758;0.9940000000000008;12.0;0.9940000000000008;12.0
14:43:07 02/03/2020;0.9871;0.9900000000000008;1.0;1.4387494569938157;0.9900000000000008;12.0;0.9900000000000008;12.0
19:19:31 02/03/2020;0.9852;0.9900000000000008;1.0;1.4387494569938157;0.9900000000000008;12.0;0.9900000000000008;12.0
02:27:19 03/03/2020;0.9878;0.9880000000000008;1.0;1.4394443372357262;0.9880000000000008;12.0;0.9880000000000008;12.0
09:58:28 03/03/2020;0.986;0.9880000000000008;1.0;1.4394443372357262;0.9880000000000008;11.034444444444444;0.9880000000000008;11.034444444444444
14:43:28 03/03/2020;0.9877;0.9880000000000008;1.0;1.4394443372357262;0.9880000000000008;6.2844444444444445;0.9880000000000008;6.2844444444444445
21:00:32 03/03/2020;0.9931;0.9940000000000008;1.0;1.4373586887064758;0.9940000000000008;12.0;0.9940000000000008;12.0
01:53:35 04/03/2020;0.9926;0.9940000000000008;1.0;1.4373586887064758;0.9940000000000008;12.0;0.9940000000000008;12.0
08:19:23 04/03/2020;0.9923;0.9940000000000008;1.0;1.4373586887064758;0.9940000000000008;12.0;0.9940000000000008;12.0
15:51:11 04/03/2020;0.9917;0.9930000000000008;1.0;1.437706506906051;0.9930000000000008;4.6097222222222225;0.9940000000000008;9.623611111111112
20:27:46 04/03/2020;0.9943;0.9950000000000008;1.0;1.4370107863199912;0.9950000000000008;5.013888888888889;0.9950000000000008;5.013888888888889
01:28:36 05/03/2020;0.999;0.9990000000000008;1.0;1.4356183336806476;0.9990000000000008;5.593055555555556;0.9990000000000008;5.593055555555556
07:04:11 05/03/2020;1.0013;1.0020000000000004;1.0;1.4345731072343437;1.0020000000000004;5.861111111111111;1.0020000000000004;5.861111111111111
12:55:51 05/03/2020;1.0025;1.0030000000000003;1.0;1.4342245291445825;1.0030000000000003;12.0;1.0030000000000003;12.0
18:47:10 05/03/2020;1.0028;1.0030000000000003;1.0;1.4342245291445825;1.0030000000000003;12.0;1.0030000000000003;12.0
01:46:10 06/03/2020;1.0015;1.0030000000000003;1.0;1.4342245291445825;1.0030000000000003;12.0;1.0030000000000003;12.0
08:03:16 06/03/2020;1.0017;1.0020000000000004;1.0;1.4345731072343437;1.0020000000000004;12.0;1.0020000000000004;12.0
15:11:05 06/03/2020;1.0017;1.0020000000000004;1.0;1.4345731072343437;1.0020000000000004;12.0;1.0020000000000004;12.0
15:27:21 06/03/2020;1.0005;1.0020000000000004;1.0;1.4345731072343437;1.0020000000000004;12.0;1.0020000000000004;12.0
21:27:25 06/03/2020;0.9996;1.0020000000000004;1.0;1.4345731072343437;1.0020000000000004;12.0;1.0020000000000004;12.0
04:51:35 07/03/2020;0.9987;1.0000000000000007;1.0;1.4352700094407322;1.0000000000000007;12.0;1.0000000000000007;12.0
10:59:36 07/03/2020;0.9973;0.9990000000000008;1.0;1.4356183336806476;0.9990000000000008;12.0;0.9990000000000008;12.0
18:07:04 07/03/2020;0.996;0.9980000000000008;1.0;1.4359665734271112;0.9980000000000008;12.0;0.9980000000000008;12.0
00:32:14 08/03/2020;0.9946;0.9960000000000008;1.0;1.4366627996854373;0.9960000000000008;12.0;0.9960000000000008;12.0
06:40:08 08/03/2020;0.9942;0.9950000000000008;1.0;1.4370107863199912;0.9950000000000008;12.0;0.9950000000000008;12.0
12:07:21 08/03/2020;0.9945;0.9950000000000008;1.0;1.4370107863199912;0.9950000000000008;12.0;0.9950000000000008;12.0
18:40:56 08/03/2020;0.9923;0.9950000000000008;1.0;1.4370107863199912;0.9950000000000008;12.0;0.9950000000000008;12.0
00:49:35 09/03/2020;0.9914;0.9930000000000008;1.0;1.437706506906051;0.9930000000000008;12.0;0.9930000000000008;12.0
06:32:30 09/03/2020;0.9911;0.9930000000000008;1.0;1.437706506906051;0.9930000000000008;12.0;0.9930000000000008;12.0
11:34:09 09/03/2020;0.9919;0.9920000000000008;1.0;1.4380542409798036;0.9920000000000008;12.0;0.9920000000000008;12.0
16:44:01 09/03/2020;0.9913;0.9920000000000008;1.0;1.4380542409798036;0.9920000000000008;7.259166666666666;0.9920000000000008;7.259166666666666
23:59:34 09/03/2020;0.9924;0.9930000000000008;1.0;1.437706506906051;0.9930000000000008;5.722777777777778;0.9930000000000008;5.722777777777778
05:42:56 10/03/2020;0.9966;0.9970000000000008;1.0;1.4363147287415803;0.9970000000000008;5.441666666666666;0.9970000000000008;5.441666666666666
11:09:26 10/03/2020;0.9979;0.9980000000000008;1.0;1.4359665734271112;0.9980000000000008;5.6575;0.9980000000000008;5.6575
16:48:53 10/03/2020;0.9985;0.9990000000000008;1.0;1.4356183336806476;0.9990000000000008;4.880833333333333;1.0015000000000005;10.699444444444444
21:41:44 10/03/2020;1.0032;1.0040000000000002;1.0;1.4338758663147937;1.0040000000000002;5.818611111111111;1.007;12.0
03:30:51 11/03/2020;1.0098;1.0099999999999996;1.0;1.4317821063276355;1.0099999999999996;12.0;1.0099999999999996;12.0
09:48:16 11/03/2020;1.0066;1.0099999999999996;1.0;1.4317821063276355;1.0099999999999996;12.0;1.0099999999999996;12.0
17:20:28 11/03/2020;1.0099;1.0099999999999996;1.0;1.4317821063276355;1.0099999999999996;5.448888888888889;1.0114999999999994;12.0
22:47:24 11/03/2020;1.0129;1.0129999999999992;1.0;1.4307340773183537;1.0129999999999992;12.0;1.0129999999999992;12.0
04:47:57 12/03/2020;1.0095;1.0129999999999992;1.0;1.4307340773183537;1.0129999999999992;12.0;1.0129999999999992;12.0
18:03:56 12/03/2020;1.01;1.0109999999999995;1.0;1.4314328485821473;1.0109999999999995;11.170833333333333;1.0109999999999995;11.170833333333333
23:39:41 12/03/2020;1.0108;1.0109999999999995;1.0;1.4314328485821473;1.0109999999999995;5.575;1.0134999999999992;12.0
05:14:11 13/03/2020;1.0152;1.015999999999999;1.0;1.4296852800529218;1.015999999999999;6.564444444444445;1.015999999999999;6.564444444444445
11:48:03 13/03/2020;1.0193;1.0199999999999985;1.0;1.4282856857085706;1.0199999999999985;6.012222222222222;1.0199999999999985;6.012222222222222
17:48:47 13/03/2020;1.0216;1.0219999999999982;1.0;1.4275853739794346;1.0219999999999982;5.867222222222222;1.023999999999998;12.0
23:40:49 13/03/2020;1.025;1.0259999999999978;1.0;1.4261837188805664;1.0259999999999978;12.0;1.0259999999999978;12.0
06:56:40 14/03/2020;1.0198;1.0259999999999978;1.0;1.4261837188805664;1.0259999999999978;12.0;1.023999999999998;12.0
12:24:04 14/03/2020;1.0212;1.0219999999999982;1.0;1.4275853739794346;1.0219999999999982;12.0;1.0219999999999982;12.0
19:23:15 14/03/2020;1.0145;1.0219999999999982;1.0;1.4275853739794346;1.0219999999999982;12.0;1.0219999999999982;12.0
00:07:57 15/03/2020;1.0119;1.0219999999999982;1.0;1.4275853739794346;1.0219999999999982;12.0;1.0219999999999982;12.0
06:33:42 15/03/2020;1.0115;1.014999999999999;1.0;1.4300349646075095;1.014999999999999;12.0;1.0134999999999992;12.0
11:26:24 15/03/2020;1.0065;1.0119999999999993;1.0;1.4310835055998656;1.0119999999999993;12.0;1.0119999999999993;12.0
16:53:58 15/03/2020;1.0089;1.0119999999999993;1.0;1.4310835055998656;1.0119999999999993;12.0;1.0119999999999993;12.0
23:18:55 15/03/2020;1.0048;1.0089999999999997;1.0;1.4321312788986909;1.0089999999999997;12.0;1.0089999999999997;12.0
04:46:37 16/03/2020;1.0036;1.0089999999999997;1.0;1.4321312788986909;1.0089999999999997;12.0;1.0089999999999997;12.0
11:20:54 16/03/2020;1.0029;1.0040000000000002;1.0;1.4338758663147937;1.0040000000000002;12.0;1.0040000000000002;12.0
18:44:29 16/03/2020;1.0038;1.0040000000000002;1.0;1.4338758663147937;1.0040000000000002;6.0136111111111115;1.0040000000000002;6.0136111111111115
00:45:18 17/03/2020;1.0059;1.006;1.0;1.4331782861877305;1.006;5.872777777777777;1.0084999999999997;12.0
06:37:40 17/03/2020;1.01;1.0109999999999995;1.0;1.4314328485821473;1.0109999999999995;6.713333333333333;1.0109999999999995;6.713333333333333
13:20:28 17/03/2020;1.0155;1.015999999999999;1.0;1.4296852800529218;1.015999999999999;7.540555555555556;1.015999999999999;7.540555555555556
20:52:54 17/03/2020;1.0212;1.0219999999999982;1.0;1.4275853739794346;1.0219999999999982;5.871111111111111;1.0219999999999982;5.871111111111111
02:45:10 18/03/2020;1.0251;1.0259999999999978;1.0;1.4261837188805664;1.0259999999999978;4.605833333333333;1.0269999999999977;9.791666666666666
07:21:31 18/03/2020;1.0279;1.0279999999999976;1.0;1.4254823744964378;1.0279999999999976;5.185833333333333;1.0294999999999974;12.0
12:32:40 18/03/2020;1.0304;1.0309999999999973;1.0;1.4244297104455532;1.0309999999999973;12.0;1.0309999999999973;12.0
18:41:34 18/03/2020;1.0276;1.0309999999999973;1.0;1.4244297104455532;1.0309999999999973;12.0;1.0309999999999973;12.0
01:24:56 19/03/2020;1.0249;1.0279999999999976;1.0;1.4254823744964378;1.0279999999999976;12.0;1.0279999999999976;12.0
08:49:25 19/03/2020;1.0274;1.0279999999999976;1.0;1.4254823744964378;1.0279999999999976;5.738611111111111;1.0279999999999976;5.738611111111111
14:33:44 19/03/2020;1.0329;1.032999999999997;1.0;1.4237275020171531;1.032999999999997;5.730833333333333;1.032999999999997;5.730833333333333
20:17:35 19/03/2020;1.0362;1.0369999999999966;1.0;1.4223220451079295;1.0369999999999966;12.0;1.0369999999999966;12.0
01:45:29 20/03/2020;1.0364;1.0369999999999966;1.0;1.4223220451079295;1.0369999999999966;11.603055555555555;1.0369999999999966;11.603055555555555
07:21:14 20/03/2020;1.036;1.0369999999999966;1.0;1.4223220451079295;1.0369999999999966;6.0072222222222225;1.0369999999999966;6.0072222222222225
13:21:40 20/03/2020;1.0375;1.0379999999999965;1.0;1.4219704638282764;1.0379999999999965;12.0;1.0379999999999965;12.0
18:31:43 20/03/2020;1.0374;1.0379999999999965;1.0;1.4219704638282764;1.0379999999999965;12.0;1.0379999999999965;12.0
23:50:37 20/03/2020;1.0342;1.0379999999999965;1.0;1.4219704638282764;1.0379999999999965;12.0;1.0379999999999965;12.0
06:58:36 21/03/2020;1.0303;1.0349999999999968;1.0;1.4230249470757717;1.0349999999999968;12.0;1.0349999999999968;12.0
12:17:36 21/03/2020;1.0279;1.0309999999999973;1.0;1.4244297104455532;1.0309999999999973;12.0;1.0309999999999973;12.0
18:09:57 21/03/2020;1.024;1.0309999999999973;1.0;1.4244297104455532;1.0309999999999973;12.0;1.0309999999999973;12.0
23:41:40 21/03/2020;1.024;1.0279999999999976;1.0;1.4254823744964378;1.0279999999999976;0.7622222222222222;1.0289999999999975;7.891666666666667
00:27:24 22/03/2020;1.029;1.0299999999999974;1.0;1.4247806848775018;1.0299999999999974;7.129444444444444;1.0299999999999974;7.129444444444444
07:35:10 22/03/2020;1.044;1.0449999999999957;1.0;1.4195069566578404;1.0449999999999957;7.280555555555556;1.0449999999999957;7.280555555555556
14:52:00 22/03/2020;1.0606;1.060999999999994;1.0;1.413859964777278;1.060999999999994;5.577222222222222;1.060999999999994;5.577222222222222
20:26:38 22/03/2020;1.0721;1.0729999999999926;1.0;1.4096098751072963;1.0729999999999926;5.878888888888889;1.0729999999999926;5.878888888888889
02:19:22 23/03/2020;1.0829;1.0829999999999915;1.0;1.4060583202698274;1.0829999999999915;5.319166666666667;1.088499999999991;11.885277777777778
07:38:31 23/03/2020;1.0931;1.0939999999999903;1.0;1.4021412197064922;1.0939999999999903;6.566111111111111;1.0939999999999903;6.566111111111111
14:12:29 23/03/2020;1.1059;1.105999999999989;1.0;1.3978555004005282;1.105999999999989;4.896111111111111;1.1094999999999886;12.0
19:06:15 23/03/2020;1.1124;1.1129999999999882;1.0;1.3953494186045343;1.1129999999999882;12.0;1.1129999999999882;12.0
00:16:52 24/03/2020;1.1102;1.1129999999999882;1.0;1.3953494186045343;1.1129999999999882;12.0;1.1129999999999882;12.0
07:24:10 24/03/2020;1.1035;1.1109999999999884;1.0;1.3960659010233047;1.1109999999999884;12.0;1.1109999999999884;12.0
13:16:50 24/03/2020;1.1016;1.1039999999999892;1.0;1.398570698963771;1.1039999999999892;12.0;1.1029999999999893;12.0
17:09:15 24/03/2020;1.1016;1.1039999999999892;1.0;1.398570698963771;1.1039999999999892;12.0;1.1029999999999893;12.0
19:32:52 24/03/2020;1.0955;1.1019999999999894;1.0;1.3992855319769482;1.1019999999999894;12.0;1.1019999999999894;12.0
01:00:19 25/03/2020;1.0929;1.1019999999999894;1.0;1.3992855319769482;1.1019999999999894;12.0;1.1019999999999894;12.0
08:16:20 25/03/2020;1.0745;1.0929999999999904;1.0;1.4024977718342406;1.0929999999999904;12.0;1.0929999999999904;12.0
15:23:46 25/03/2020;1.0831;1.0839999999999914;1.0;1.4057026712644494;1.0839999999999914;12.0;1.0839999999999914;12.0
22:35:42 25/03/2020;1.0714;1.0839999999999914;1.0;1.4057026712644494;1.0839999999999914;12.0;1.0839999999999914;12.0
05:01:49 26/03/2020;1.0659;1.0719999999999927;1.0;1.4099645385611679;1.0719999999999927;12.0;1.0719999999999927;12.0
11:18:12 26/03/2020;1.0633;1.0659999999999934;1.0;1.4120906486483107;1.0659999999999934;12.0;1.0659999999999934;12.0
18:01:26 26/03/2020;1.0521;1.0639999999999936;1.0;1.4127986409959512;1.0639999999999936;12.0;1.0639999999999936;12.0
22:45:59 26/03/2020;1.0482;1.0639999999999936;1.0;1.4127986409959512;1.0639999999999936;12.0;1.0584999999999942;12.0
04:38:00 27/03/2020;1.0487;1.0529999999999948;1.0;1.416686274374113;1.0529999999999948;12.0;1.0529999999999948;12.0
10:55:39 27/03/2020;1.0441;1.0489999999999953;1.0;1.4180973168298445;1.0489999999999953;12.0;1.0489999999999953;12.0
15:57:05 27/03/2020;1.0455;1.0489999999999953;1.0;1.4180973168298445;1.0489999999999953;12.0;1.0489999999999953;12.0
04:40:12 28/03/2020;1.051;1.051999999999995;1.0;1.41703916671347;1.051999999999995;6.29;1.051999999999995;6.29
10:57:36 28/03/2020;1.057;1.0579999999999943;1.0;1.4149204924659216;1.0579999999999943;6.560277777777777;1.0579999999999943;6.560277777777777
17:31:13 28/03/2020;1.0652;1.0659999999999934;1.0;1.4120906486483107;1.0659999999999934;6.010277777777778;1.0659999999999934;6.010277777777778
23:31:50 28/03/2020;1.0683;1.068999999999993;1.0;1.4110279940525656;1.068999999999993;4.751111111111111;1.070499999999993;11.318888888888889
04:16:54 29/03/2020;1.0712;1.0719999999999927;1.0;1.4099645385611679;1.0719999999999927;6.567777777777778;1.0719999999999927;6.567777777777778
10:50:58 29/03/2020;1.0759;1.0759999999999923;1.0;1.4085453489327235;1.0759999999999923;6.990555555555556;1.0759999999999923;6.990555555555556
17:50:24 29/03/2020;1.0785;1.078999999999992;1.0;1.4074800176201465;1.078999999999992;6.416944444444445;1.078999999999992;6.416944444444445
00:15:25 30/03/2020;1.0813;1.0819999999999916;1.0;1.4064138793399361;1.0819999999999916;5.463055555555556;1.0819999999999916;5.463055555555556
05:43:12 30/03/2020;1.0866;1.086999999999991;1.0;1.4046351839534736;1.086999999999991;5.851666666666667;1.0894999999999908;12.0
11:34:18 30/03/2020;1.0917;1.0919999999999905;1.0;1.402854233340018;1.0919999999999905;7.554444444444444;1.0919999999999905;7.554444444444444
19:07:34 30/03/2020;1.0956;1.09599999999999;1.0;1.4014278433083918;1.09599999999999;7.405833333333334;1.09599999999999;7.405833333333334
02:31:55 31/03/2020;1.0996;1.0999999999999897;1.0;1.4000000000000037;1.0999999999999897;5.440277777777778;1.1019999999999894;12.0
07:58:20 31/03/2020;1.1031;1.1039999999999892;1.0;1.398570698963771;1.1039999999999892;12.0;1.1039999999999892;12.0
14:40:48 31/03/2020;1.103;1.1039999999999892;1.0;1.398570698963771;;;;
21:31:59 31/03/2020;1.0993;1.1039999999999892;1.0;1.398570698963771;;;;
