16:16:32 30/06/2020;0.5712;;;;;;;
16:16:59 01/07/2020;0.5712;0.5720000000000004;1.0;1.1541230437002805;0.5720000000000004;12.0;0.5720000000000004;12.0
16:17:28 02/07/2020;0.5712;0.5720000000000004;1.0;1.1541230437002805;0.5720000000000004;12.0;0.5720000000000004;12.0
16:17:32 03/07/2020;0.5712;0.5720000000000004;1.0;1.1541230437002805;0.5720000000000004;12.0;0.5720000000000004;12.0
16:18:20 04/07/2020;0.5712;0.5720000000000004;1.0;1.1541230437002805;0.5720000000000004;12.0;0.5720000000000004;12.0
16:19:08 05/07/2020;0.5712;0.5720000000000004;1.0;1.1541230437002805;0.5720000000000004;12.0;0.5720000000000004;12.0
16:19:45 06/07/2020;0.5712;0.5720000000000004;1.0;1.1541230437002805;0.5720000000000004;12.0;0.5720000000000004;12.0
16:19:55 07/07/2020;0.5712;0.5720000000000004;1.0;1.1541230437002805;0.5720000000000004;12.0;0.5720000000000004;12.0
16:20:20 08/07/2020;0.5712;0.5720000000000004;1.0;1.1541230437002805;0.5720000000000004;12.0;0.5720000000000004;12.0
16:20:28 09/07/2020;0.5712;0.5720000000000004;1.0;1.1541230437002805;0.5720000000000004;12.0;0.5720000000000004;12.0
21:10:00 09/07/2020;0.5712;0.5720000000000004;1.0;1.1541230437002805;0.5720000000000004;12.0;0.5720000000000004;12.0
21:10:21 10/07/2020;0.5712;0.5720000000000004;1.0;1.1541230437002805;0.5720000000000004;12.0;0.5720000000000004;12.0
21:10:44 11/07/2020;0.5712;0.5720000000000004;1.0;1.1541230437002805;0.5720000000000004;12.0;0.5720000000000004;12.0
21:11:32 12/07/2020;0.5712;0.5720000000000004;1.0;1.1541230437002805;0.5720000000000004;12.0;0.5720000000000004;12.0
21:12:00 13/07/2020;0.5712;0.5720000000000004;1.0;1.1541230437002805;0.5720000000000004;12.0;0.5720000000000004;12.0
21:12:30 14/07/2020;0.5712;0.5720000000000004;1.0;1.1541230437002805;0.5720000000000004;12.0;0.5720000000000004;12.0
21:12:49 15/07/2020;0.5712;0.5720000000000004;1.0;1.1541230437002805;0.5720000000000004;12.0;0.5720000000000004;12.0
21:13:21 16/07/2020;0.5712;0.5720000000000004;1.0;1.1541230437002805;0.5720000000000004;12.0;0.5720000000000004;12.0
21:13:34 17/07/2020;0.5712;0.5720000000000004;1.0;1.1541230437002805;0.5720000000000004;12.0;0.5720000000000004;12.0
21:13:59 18/07/2020;0.5712;0.5720000000000004;1.0;1.1541230437002805;0.5720000000000004;12.0;0.5720000000000004;12.0
21:14:47 19/07/2020;0.5712;0.5720000000000004;1.0;1.1541230437002805;0.5720000000000004;12.0;0.5720000000000004;12.0
21:14:52 20/07/2020;0.5712;0.5720000000000004;1.0;1.1541230437002805;0.5720000000000004;12.0;0.5720000000000004;12.0
21:15:17 21/07/2020;0.5712;0.5720000000000004;1.0;1.1541230437002805;0.5720000000000004;12.0;0.5720000000000004;12.0
21:16:14 22/07/2020;0.5712;0.5720000000000004;1.0;1.1541230437002805;0.5720000000000004;12.0;0.5720000000000004;12.0
21:16:26 23/07/2020;0.5712;0.5720000000000004;1.0;1.1541230437002805;0.5720000000000004;12.0;0.5720000000000004;12.0
21:16:31 24/07/2020;0.5712;0.5720000000000004;1.0;1.1541230437002805;0.5720000000000004;12.0;0.5720000000000004;12.0
21:16:36 25/07/2020;0.5712;0.5720000000000004;1.0;1.1541230437002805;0.5720000000000004;12.0;0.5720000000000004;12.0
21:17:05 26/07/2020;0.5712;0.5720000000000004;1.0;1.1541230437002805;0.5720000000000004;12.0;0.5720000000000004;12.0
21:17:15 27/07/2020;0.5712;0.5720000000000004;1.0;1.1541230437002805;0.5720000000000004;12.0;0.5720000000000004;12.0
21:17:50 28/07/2020;0.5712;0.5720000000000004;1.0;1.1541230437002805;0.5720000000000004;12.0;0.5720000000000004;12.0
21:18:08 29/07/2020;0.5712;0.5720000000000004;1.0;1.1541230437002805;0.5720000000000004;12.0;0.5720000000000004;12.0
21:18:59 30/07/2020;0.5712;0.5720000000000004;1.0;1.1541230437002805;0.5720000000000004;12.0;0.5720000000000004;12.0
23:08:27 30/07/2020;0.5712;0.5720000000000004;1.0;1.1541230437002805;0.5720000000000004;12.0;0.5720000000000004;12.0
23:09:16 31/07/2020;0.5712;0.5720000000000004;1.0;1.1541230437002805;0.5720000000000004;12.0;0.5720000000000004;12.0
23:09:16 31/07/2020;0.5712;0.5720000000000004;1.0;1.1541230437002805;0.5720000000000004;12.0;0.5720000000000004;12.0
23:09:41 01/08/2020;0.5712;0.5720000000000004;1.0;1.1541230437002805;0.5720000000000004;12.0;0.5720000000000004;12.0
23:10:27 02/08/2020;0.5712;0.5720000000000004;1.0;1.1541230437002805;0.5720000000000004;12.0;0.5720000000000004;12.0
23:10:43 03/08/2020;0.5712;0.5720000000000004;1.0;1.1541230437002805;0.5720000000000004;12.0;0.5720000000000004;12.0
23:11:28 04/08/2020;0.5712;0.5720000000000004;1.0;1.1541230437002805;0.5720000000000004;12.0;0.5720000000000004;12.0
23:12:09 05/08/2020;0.5712;0.5720000000000004;1.0;1.1541230437002805;0.5720000000000004;12.0;0.5720000000000004;12.0
23:12:20 06/08/2020;0.5712;0.5720000000000004;1.0;1.1541230437002805;0.5720000000000004;12.0;0.5720000000000004;12.0
23:12:58 07/08/2020;0.5712;0.5720000000000004;1.0;1.1541230437002805;0.5720000000000004;12.0;0.5720000000000004;12.0
23:13:44 08/08/2020;0.5712;0.5720000000000004;1.0;1.1541230437002805;0.5720000000000004;12.0;0.5720000000000004;12.0
23:14:06 09/08/2020;0.5712;0.5720000000000004;1.0;1.1541230437002805;0.5720000000000004;12.0;0.5720000000000004;12.0
23:14:38 10/08/2020;0.5712;0.5720000000000004;1.0;1.1541230437002805;0.5720000000000004;12.0;0.5720000000000004;12.0
23:15:30 11/08/2020;0.5712;0.5720000000000004;1.0;1.1541230437002805;0.5720000000000004;12.0;0.5720000000000004;12.0
23:15:55 12/08/2020;0.5712;0.5720000000000004;1.0;1.1541230437002805;0.5720000000000004;12.0;0.5720000000000004;12.0
23:15:56 13/08/2020;0.5712;0.5720000000000004;1.0;1.1541230437002805;0.5720000000000004;12.0;0.5720000000000004;12.0
23:16:23 14/08/2020;0.5712;0.5720000000000004;1.0;1.1541230437002805;0.5720000000000004;12.0;0.5720000000000004;12.0
18:59:43 15/08/2020;0.5712;0.5720000000000004;1.0;1.1541230437002805;0.5720000000000004;12.0;0.5720000000000004;12.0
19:00:11 16/08/2020;0.5712;0.5720000000000004;1.0;1.1541230437002805;0.5720000000000004;12.0;0.5720000000000004;12.0
19:01:06 17/08/2020;0.5712;0.5720000000000004;1.0;1.1541230437002805;0.5720000000000004;12.0;0.5720000000000004;12.0
19:01:46 18/08/2020;0.5712;0.5720000000000004;1.0;1.1541230437002805;0.5720000000000004;12.0;0.5720000000000004;12.0
19:02:36 19/08/2020;0.5712;0.5720000000000004;1.0;1.1541230437002805;0.5720000000000004;12.0;0.5720000000000004;12.0
19:03:26 20/08/2020;0.5712;0.5720000000000004;1.0;1.1541230437002805;0.5720000000000004;12.0;0.5720000000000004;12.0
17:58:11 21/08/2020;0.5712;0.5720000000000004;1.0;1.1541230437002805;0.5720000000000004;12.0;0.5720000000000004;12.0
17:58:32 22/08/2020;0.5712;0.5720000000000004;1.0;1.1541230437002805;0.5720000000000004;12.0;0.5720000000000004;12.0
17:58:38 23/08/2020;0.5712;0.5720000000000004;1.0;1.1541230437002805;0.5720000000000004;12.0;0.5720000000000004;12.0
01:58:11 24/08/2020;0.5712;0.5720000000000004;1.0;1.1541230437002805;0.5720000000000004;12.0;0.5720000000000004;12.0
01:58:25 25/08/2020;0.5712;0.5720000000000004;1.0;1.1541230437002805;0.5720000000000004;12.0;0.5720000000000004;12.0
01:58:26 26/08/2020;0.5712;0.5720000000000004;1.0;1.1541230437002805;0.5720000000000004;12.0;0.5720000000000004;12.0
01:59:22 27/08/2020;0.5712;0.5720000000000004;1.0;1.1541230437002805;0.5720000000000004;12.0;0.5720000000000004;12.0
02:00:21 28/08/2020;0.5712;0.5720000000000004;1.0;1.1541230437002805;0.5720000000000004;12.0;0.5720000000000004;12.0
02:00:31 29/08/2020;0.5712;0.5720000000000004;1.0;1.1541230437002805;0.5720000000000004;12.0;0.5720000000000004;12.0
02:00:54 30/08/2020;0.5712;0.5720000000000004;1.0;1.1541230437002805;0.5720000000000004;12.0;0.5720000000000004;12.0
02:01:09 31/08/2020;0.5712;0.5720000000000004;1.0;1.1541230437002805;0.5720000000000004;12.0;0.5720000000000004;12.0
02:01:09 31/08/2020;0.5712;0.5720000000000004;1.0;1.1541230437002805;0.5720000000000004;12.0;0.5720000000000004;12.0
02:01:53 01/09/2020;0.5712;0.5720000000000004;1.0;1.1541230437002805;0.5720000000000004;12.0;0.5720000000000004;12.0
02:02:35 02/09/2020;0.5712;0.5720000000000004;1.0;1.1541230437002805;0.5720000000000004;12.0;0.5720000000000004;12.0
02:02:53 03/09/2020;0.5712;0.5720000000000004;1.0;1.1541230437002805;0.5720000000000004;12.0;0.5720000000000004;12.0
02:03:04 04/09/2020;0.5712;0.5720000000000004;1.0;1.1541230437002805;0.5720000000000004;12.0;0.5720000000000004;12.0
02:03:55 05/09/2020;0.5712;0.5720000000000004;1.0;1.1541230437002805;0.5720000000000004;12.0;0.5720000000000004;12.0
02:04:07 06/09/2020;0.5712;0.5720000000000004;1.0;1.1541230437002805;0.5720000000000004;12.0;0.5720000000000004;12.0
02:04:08 07/09/2020;0.5712;0.5720000000000004;1.0;1.1541230437002805;0.5720000000000004;12.0;0.5720000000000004;12.0
02:04:15 08/09/2020;0.5712;0.5720000000000004;1.0;1.1541230437002805;0.5720000000000004;12.0;0.5720000000000004;12.0
02:04:30 09/09/2020;0.5712;0.5720000000000004;1.0;1.1541230437002805;0.5720000000000004;12.0;0.5720000000000004;12.0
02:04:31 10/09/2020;0.5712;0.5720000000000004;1.0;1.1541230437002805;0.5720000000000004;12.0;0.5720000000000004;12.0
02:05:09 11/09/2020;0.5712;0.5720000000000004;1.0;1.1541230437002805;0.5720000000000004;12.0;0.5720000000000004;12.0
02:06:00 12/09/2020;0.5712;0.5720000000000004;1.0;1.1541230437002805;0.5720000000000004;12.0;0.5720000000000004;12.0
02:06:04 13/09/2020;0.5712;0.5720000000000004;1.0;1.1541230437002805;0.5720000000000004;12.0;0.5720000000000004;12.0
02:06:25 14/09/2020;0.5712;0.5720000000000004;1.0;1.1541230437002805;0.5720000000000004;12.0;0.5720000000000004;12.0
02:07:20 15/09/2020;0.5712;0.5720000000000004;1.0;1.1541230437002805;0.5720000000000004;12.0;0.5720000000000004;12.0
02:08:06 16/09/2020;0.5712;0.5720000000000004;1.0;1.1541230437002805;0.5720000000000004;12.0;0.5720000000000004;12.0
02:08:37 17/09/2020;0.5712;0.5720000000000004;1.0;1.1541230437002805;0.5720000000000004;12.0;0.5720000000000004;12.0
02:08:56 18/09/2020;0.5712;0.5720000000000004;1.0;1.1541230437002805;0.5720000000000004;12.0;0.5720000000000004;12.0
02:09:18 19/09/2020;0.5712;0.5720000000000004;1.0;1.1541230437002805;0.5720000000000004;12.0;0.5720000000000004;12.0
02:09:39 20/09/2020;0.5712;0.5720000000000004;1.0;1.1541230437002805;0.5720000000000004;12.0;0.5720000000000004;12.0
02:10:23 21/09/2020;0.5712;0.5720000000000004;1.0;1.1541230437002805;0.5720000000000004;12.0;0.5720000000000004;12.0
02:10:47 22/09/2020;0.5712;0.5720000000000004;1.0;1.1541230437002805;0.5720000000000004;12.0;0.5720000000000004;12.0
02:11:36 23/09/2020;0.5712;0.5720000000000004;1.0;1.1541230437002805;0.5720000000000004;12.0;0.5720000000000004;12.0
02:12:32 24/09/2020;0.5712;0.5720000000000004;1.0;1.1541230437002805;0.5720000000000004;12.0;0.5720000000000004;12.0
02:12:54 25/09/2020;0.5712;0.5720000000000004;1.0;1.1541230437002805;0.5720000000000004;12.0;0.5720000000000004;12.0
02:13:01 26/09/2020;0.5712;0.5720000000000004;1.0;1.1541230437002805;0.5720000000000004;12.0;0.5720000000000004;12.0
02:13:28 27/09/2020;0.5712;0.5720000000000004;1.0;1.1541230437002805;0.5720000000000004;12.0;0.5720000000000004;12.0
02:14:03 28/09/2020;0.5712;0.5720000000000004;1.0;1.1541230437002805;0.5720000000000004;12.0;0.5720000000000004;12.0
02:14:37 29/09/2020;0.5712;0.5720000000000004;1.0;1.1541230437002805;0.5720000000000004;12.0;0.5720000000000004;12.0
02:14:42 30/09/2020;0.5712;0.5720000000000004;1.0;1.1541230437002805;;;;
