22:15:38 31/03/2020;0.7005;;;;;;;
04:41:31 01/04/2020;0.6937;;;;;;;
10:50:47 01/04/2020;0.6929;0.6940000000000005;1.0;1.1180339887498947;0.6940000000000005;12.0;0.6940000000000005;12.0
16:17:09 01/04/2020;0.6937;0.6940000000000005;1.0;1.1180339887498947;0.6940000000000005;12.0;0.6940000000000005;12.0
22:34:41 01/04/2020;0.6863;0.6940000000000005;1.0;1.1180339887498947;0.6940000000000005;12.0;0.6940000000000005;12.0
03:45:05 02/04/2020;0.6872;0.6940000000000005;1.0;1.1180339887498947;0.6940000000000005;12.0;0.6940000000000005;12.0
09:45:11 02/04/2020;0.682;0.6880000000000005;1.0;1.1207140580897517;0.6880000000000005;12.0;0.6880000000000005;12.0
16:19:38 02/04/2020;0.687;0.6870000000000005;1.0;1.1211601134539166;0.6870000000000005;12.0;0.6870000000000005;12.0
21:21:12 02/04/2020;0.6846;0.6870000000000005;1.0;1.1211601134539166;0.6870000000000005;12.0;0.6870000000000005;12.0
02:06:45 03/04/2020;0.6821;0.6870000000000005;1.0;1.1211601134539166;0.6870000000000005;12.0;0.6870000000000005;12.0
13:58:55 03/04/2020;0.687;0.6870000000000005;1.0;1.1211601134539166;0.6870000000000005;6.5725;0.6870000000000005;6.5725
20:33:16 03/04/2020;0.6914;0.6920000000000005;1.0;1.118928058455949;0.6920000000000005;12.0;0.6920000000000005;12.0
03:57:52 04/04/2020;0.6854;0.6920000000000005;1.0;1.118928058455949;0.6920000000000005;12.0;0.6920000000000005;12.0
11:14:10 04/04/2020;0.6876;0.6880000000000005;1.0;1.1207140580897517;0.6880000000000005;7.2675;0.6880000000000005;7.2675
18:30:13 04/04/2020;0.6914;0.6920000000000005;1.0;1.118928058455949;0.6920000000000005;5.586111111111111;0.6930000000000005;12.0
00:05:23 05/04/2020;0.6936;0.6940000000000005;1.0;1.1180339887498947;0.6940000000000005;6.698055555555555;0.6940000000000005;6.698055555555555
06:47:16 05/04/2020;0.6942;0.6950000000000005;1.0;1.1175866856758805;0.6950000000000005;6.989166666666667;0.6950000000000005;6.989166666666667
13:46:37 05/04/2020;0.6962;0.6970000000000005;1.0;1.11669154201149;0.6970000000000005;5.174444444444444;0.6970000000000005;5.174444444444444
18:57:05 05/04/2020;0.7004;0.7010000000000005;1.0;1.1148990985734986;0.7010000000000005;5.316388888888889;0.7020000000000005;11.880555555555556
00:16:04 06/04/2020;0.7028;0.7030000000000005;1.0;1.1140017953306895;0.7030000000000005;6.564166666666667;0.7030000000000005;6.564166666666667
06:49:55 06/04/2020;0.7069;0.7070000000000005;1.0;1.1122050170719422;0.7070000000000005;5.454166666666667;0.7075000000000005;11.723333333333333
12:17:10 06/04/2020;0.7071;0.7080000000000005;1.0;1.1117553687749835;0.7080000000000005;6.269166666666667;0.7080000000000005;6.269166666666667
18:33:19 06/04/2020;0.7094;0.7100000000000005;1.0;1.1108555261599051;0.7100000000000005;12.0;0.7100000000000005;12.0
23:44:26 06/04/2020;0.7034;0.7100000000000005;1.0;1.1108555261599051;0.7100000000000005;12.0;0.7100000000000005;12.0
05:11:19 07/04/2020;0.7027;0.7100000000000005;1.0;1.1108555261599051;0.7100000000000005;12.0;0.7100000000000005;12.0
11:28:16 07/04/2020;0.7005;0.7040000000000005;1.0;1.113552872566004;0.7040000000000005;12.0;0.7040000000000005;12.0
16:55:08 07/04/2020;0.7024;0.7030000000000005;1.0;1.1140017953306895;0.7030000000000005;12.0;0.7030000000000005;12.0
22:50:36 07/04/2020;0.6985;0.7030000000000005;1.0;1.1140017953306895;0.7030000000000005;12.0;0.7030000000000005;12.0
05:40:45 08/04/2020;0.6946;0.6990000000000005;1.0;1.1157956802210696;0.6990000000000005;12.0;0.6990000000000005;12.0
13:14:26 08/04/2020;0.6963;0.6970000000000005;1.0;1.11669154201149;0.6970000000000005;12.0;0.6970000000000005;12.0
18:32:48 08/04/2020;0.6954;0.6970000000000005;1.0;1.11669154201149;0.6970000000000005;12.0;0.6970000000000005;12.0
01:56:57 09/04/2020;0.6934;0.6960000000000005;1.0;1.117139203501515;0.6960000000000005;12.0;0.6960000000000005;12.0
08:07:18 09/04/2020;0.6914;0.6940000000000005;1.0;1.1180339887498947;0.6940000000000005;6.846111111111111;0.6940000000000005;6.846111111111111
14:58:04 09/04/2020;0.696;0.6960000000000005;1.0;1.117139203501515;0.6960000000000005;12.0;0.6960000000000005;12.0
21:56:51 09/04/2020;0.6932;0.6960000000000005;1.0;1.117139203501515;0.6960000000000005;5.6066666666666665;0.6960000000000005;5.6066666666666665
03:33:15 10/04/2020;0.6981;0.6990000000000005;1.0;1.1157956802210696;0.6990000000000005;12.0;0.6990000000000005;12.0
08:17:33 10/04/2020;0.6961;0.6990000000000005;1.0;1.1157956802210696;0.6990000000000005;12.0;0.6990000000000005;12.0
12:54:42 10/04/2020;0.6982;0.6990000000000005;1.0;1.1157956802210696;0.6990000000000005;12.0;0.6990000000000005;12.0
18:30:34 10/04/2020;0.6983;0.6990000000000005;1.0;1.1157956802210696;0.6990000000000005;7.128611111111111;0.6990000000000005;7.128611111111111
01:38:17 11/04/2020;0.7098;0.7100000000000005;1.0;1.1108555261599051;0.7100000000000005;7.4075;0.7100000000000005;7.4075
09:02:44 11/04/2020;0.7103;0.7110000000000005;1.0;1.1104053313993045;0.7110000000000005;5.449722222222222;0.7125000000000006;12.0
14:29:43 11/04/2020;0.7133;0.7140000000000005;1.0;1.1090536506409414;0.7140000000000005;7.1338888888888885;0.7140000000000005;7.1338888888888885
21:37:45 11/04/2020;0.7156;0.7160000000000005;1.0;1.1081516141756051;0.7160000000000005;12.0;0.7160000000000005;12.0
02:14:21 12/04/2020;0.7123;0.7160000000000005;1.0;1.1081516141756051;0.7160000000000005;12.0;0.7160000000000005;12.0
09:30:50 12/04/2020;0.7131;0.7160000000000005;1.0;1.1081516141756051;0.7160000000000005;6.990833333333334;0.7160000000000005;6.990833333333334
16:30:17 12/04/2020;0.7162;0.7170000000000005;1.0;1.107700320483839;0.7170000000000005;10.481388888888889;0.7170000000000005;10.481388888888889
21:23:21 12/04/2020;0.7153;0.7170000000000005;1.0;1.107700320483839;0.7170000000000005;5.5969444444444445;0.7180000000000005;12.0
02:59:10 13/04/2020;0.7189;0.7190000000000005;1.0;1.1067971810589325;0.7190000000000005;7.128333333333333;0.7190000000000005;7.128333333333333
10:06:52 13/04/2020;0.7238;0.7240000000000005;1.0;1.1045361017187258;0.7240000000000005;6.163611111111111;0.7240000000000005;6.163611111111111
16:16:41 13/04/2020;0.7282;0.7290000000000005;1.0;1.10227038425243;0.7290000000000005;5.030833333333334;0.7290000000000005;5.030833333333334
21:18:32 13/04/2020;0.7341;0.7350000000000005;1.0;1.0995453605922765;0.7350000000000005;5.729444444444445;0.7370000000000005;12.0
03:02:18 14/04/2020;0.7385;0.7390000000000005;1.0;1.0977249200050072;0.7390000000000005;6.2908333333333335;0.7390000000000005;6.2908333333333335
09:19:45 14/04/2020;0.7417;0.7420000000000005;1.0;1.0963576058932594;0.7420000000000005;5.460277777777778;0.7420000000000005;5.460277777777778
14:47:22 14/04/2020;0.7443;0.7450000000000006;1.0;1.0949885844153808;0.7450000000000006;4.613611111111111;0.7455000000000005;12.0
19:24:11 14/04/2020;0.7454;0.7460000000000006;1.0;1.09453186340097;0.7460000000000006;12.0;0.7460000000000006;12.0
01:16:12 15/04/2020;0.742;0.7460000000000006;1.0;1.09453186340097;0.7460000000000006;12.0;0.7460000000000006;12.0
06:01:20 15/04/2020;0.7416;0.7460000000000006;1.0;1.09453186340097;0.7460000000000006;12.0;0.7436666666666673;12.0
08:10:01 15/04/2020;0.7416;0.7420000000000005;1.0;1.0963576058932594;0.7420000000000005;4.006666666666667;0.7425000000000006;12.0
12:10:25 15/04/2020;0.7421;0.7430000000000005;1.0;1.0959014554237982;0.7430000000000005;10.7575;0.7430000000000005;10.7575
17:54:12 15/04/2020;0.7426;0.7430000000000005;1.0;1.0959014554237982;0.7430000000000005;5.027777777777778;0.7430000000000005;5.027777777777778
22:55:52 15/04/2020;0.745;0.7450000000000006;1.0;1.0949885844153808;0.7450000000000006;5.7411111111111115;0.7470000000000006;12.0
04:40:20 16/04/2020;0.7487;0.7490000000000006;1.0;1.093160555453772;0.7490000000000006;11.629722222222222;0.7490000000000006;11.629722222222222
11:22:55 16/04/2020;0.7468;0.7490000000000006;1.0;1.093160555453772;0.7490000000000006;4.92;0.7515000000000005;12.0
16:18:07 16/04/2020;0.7537;0.7540000000000006;1.0;1.0908712114635712;0.7540000000000006;12.0;0.7540000000000006;12.0
22:01:51 16/04/2020;0.7536;0.7540000000000006;1.0;1.0908712114635712;0.7540000000000006;12.0;0.7540000000000006;12.0
00:27:06 17/04/2020;0.7536;0.7540000000000006;1.0;1.0908712114635712;0.7540000000000006;12.0;0.7540000000000006;12.0
05:11:41 17/04/2020;0.7475;0.7540000000000006;1.0;1.0908712114635712;0.7540000000000006;12.0;0.7540000000000006;12.0
12:11:11 17/04/2020;0.7461;0.7540000000000006;1.0;1.0908712114635712;0.7540000000000006;12.0;0.7540000000000006;12.0
17:20:44 17/04/2020;0.7455;0.7470000000000006;1.0;1.094074951728628;0.7470000000000006;12.0;0.7470000000000006;12.0
22:57:35 17/04/2020;0.741;0.7470000000000006;1.0;1.094074951728628;0.7470000000000006;12.0;0.7470000000000006;12.0
05:06:18 18/04/2020;0.7305;0.7460000000000006;1.0;1.09453186340097;0.7460000000000006;12.0;0.7460000000000006;12.0
11:48:36 18/04/2020;0.7271;0.7310000000000005;1.0;1.101362792180669;0.7310000000000005;6.295277777777778;0.7310000000000005;6.295277777777778
18:06:19 18/04/2020;0.7327;0.7330000000000005;1.0;1.1004544515789827;0.7330000000000005;5.169722222222222;0.7340000000000005;11.606388888888889
23:16:30 18/04/2020;0.7347;0.7350000000000005;1.0;1.0995453605922765;0.7350000000000005;6.4366666666666665;0.7350000000000005;6.4366666666666665
05:42:42 19/04/2020;0.7366;0.7370000000000005;1.0;1.098635517357781;0.7370000000000005;4.8966666666666665;0.7385000000000006;10.758333333333333
10:36:30 19/04/2020;0.74;0.7400000000000005;1.0;1.097269337947616;0.7400000000000005;5.861666666666666;0.7420000000000005;12.0
16:28:12 19/04/2020;0.7433;0.7440000000000005;1.0;1.095445115010332;0.7440000000000005;6.994166666666667;0.7440000000000005;6.994166666666667
23:27:51 19/04/2020;0.7465;0.7470000000000006;1.0;1.094074951728628;0.7470000000000006;5.876388888888889;0.7470000000000006;5.876388888888889
05:20:26 20/04/2020;0.7484;0.7490000000000006;1.0;1.093160555453772;0.7490000000000006;4.7380555555555555;0.7510000000000006;11.31
10:04:43 20/04/2020;0.753;0.7530000000000006;1.0;1.091329464460664;0.7530000000000006;6.571944444444444;0.7530000000000006;6.571944444444444
16:39:02 20/04/2020;0.756;0.7560000000000006;1.0;1.0899541274750966;0.7560000000000006;4.899166666666667;0.7560000000000006;4.899166666666667
21:32:59 20/04/2020;0.759;0.7590000000000006;1.0;1.0885770528538619;0.7590000000000006;12.0;0.7590000000000006;12.0
02:08:53 21/04/2020;0.747;0.7590000000000006;1.0;1.0885770528538619;0.7590000000000006;12.0;0.7590000000000006;12.0
08:00:53 21/04/2020;0.7386;0.7590000000000006;1.0;1.0885770528538619;0.7590000000000006;12.0;0.7590000000000006;12.0
14:43:28 21/04/2020;0.7452;0.7460000000000006;1.0;1.09453186340097;0.7460000000000006;5.322222222222222;0.7460000000000006;5.322222222222222
20:02:48 21/04/2020;0.7511;0.7520000000000006;1.0;1.0917875251164941;0.7520000000000006;4.748055555555555;0.7550000000000006;12.0
00:47:41 22/04/2020;0.7571;0.7580000000000006;1.0;1.0890362712049584;0.7580000000000006;12.0;0.7580000000000006;12.0
06:14:38 22/04/2020;0.7496;0.7580000000000006;1.0;1.0890362712049584;0.7580000000000006;12.0;0.7580000000000006;12.0
10:51:05 22/04/2020;0.7481;0.7580000000000006;1.0;1.0890362712049584;0.7580000000000006;12.0;0.7580000000000006;12.0
16:43:18 22/04/2020;0.7514;0.7520000000000006;1.0;1.0917875251164941;0.7520000000000006;12.0;0.7520000000000006;12.0
17:07:58 22/04/2020;0.7514;0.7520000000000006;1.0;1.0917875251164941;0.7520000000000006;12.0;0.7520000000000006;12.0
21:28:10 22/04/2020;0.751;0.7520000000000006;1.0;1.0917875251164941;0.7520000000000006;12.0;0.7520000000000006;12.0
04:19:30 23/04/2020;0.747;0.7520000000000006;1.0;1.0917875251164941;0.7520000000000006;12.0;0.7520000000000006;12.0
08:55:40 23/04/2020;0.7516;0.7520000000000006;1.0;1.0917875251164941;0.7520000000000006;11.457222222222223;0.7520000000000006;11.457222222222223
14:14:02 23/04/2020;0.7506;0.7520000000000006;1.0;1.0917875251164941;0.7520000000000006;6.151111111111111;0.7520000000000006;6.151111111111111
20:23:06 23/04/2020;0.7545;0.7550000000000006;1.0;1.090412765882718;0.7550000000000006;6.993611111111111;0.7550000000000006;6.993611111111111
03:22:43 24/04/2020;0.7605;0.7610000000000006;1.0;1.0876580344942979;0.7610000000000006;4.608055555555556;0.7635000000000005;11.45888888888889
07:59:12 24/04/2020;0.766;0.7660000000000006;1.0;1.0853570840972107;0.7660000000000006;6.850833333333333;0.7660000000000006;6.850833333333333
14:50:15 24/04/2020;0.7672;0.7680000000000006;1.0;1.0844353369380764;0.7680000000000006;4.902777777777778;0.7685000000000006;11.177222222222222
19:44:25 24/04/2020;0.7689;0.7690000000000006;1.0;1.0839741694339398;0.7690000000000006;6.274444444444445;0.7690000000000006;6.274444444444445
02:00:53 25/04/2020;0.7705;0.7710000000000006;1.0;1.0830512453249843;0.7710000000000006;12.0;0.7710000000000006;12.0
08:10:22 25/04/2020;0.769;0.7710000000000006;1.0;1.0830512453249843;0.7710000000000006;12.0;0.7710000000000006;12.0
13:54:23 25/04/2020;0.7653;0.7710000000000006;1.0;1.0830512453249843;0.7710000000000006;12.0;0.7710000000000006;12.0
20:28:28 25/04/2020;0.7563;0.7660000000000006;1.0;1.0853570840972107;0.7660000000000006;12.0;0.7660000000000006;12.0
01:38:22 26/04/2020;0.757;0.7660000000000006;1.0;1.0853570840972107;0.7660000000000006;12.0;0.7660000000000006;12.0
08:04:29 26/04/2020;0.7535;0.7570000000000006;1.0;1.0894952959971875;0.7570000000000006;12.0;0.7570000000000006;12.0
14:38:03 26/04/2020;0.7507;0.7540000000000006;1.0;1.0908712114635712;0.7540000000000006;6.573611111111111;0.7540000000000006;6.573611111111111
21:12:28 26/04/2020;0.7557;0.7560000000000006;1.0;1.0899541274750966;0.7560000000000006;12.0;0.7560000000000006;12.0
03:55:12 27/04/2020;0.7548;0.7560000000000006;1.0;1.0899541274750966;0.7560000000000006;12.0;0.7560000000000006;12.0
10:12:30 27/04/2020;0.756;0.7560000000000006;1.0;1.0899541274750966;0.7560000000000006;6.418333333333333;0.7560000000000006;6.418333333333333
16:37:36 27/04/2020;0.7565;0.7570000000000006;1.0;1.0894952959971875;0.7570000000000006;12.0;0.7570000000000006;12.0
22:47:07 27/04/2020;0.7548;0.7570000000000006;1.0;1.0894952959971875;0.7570000000000006;6.289166666666667;0.7570000000000006;6.289166666666667
05:04:28 28/04/2020;0.7585;0.7590000000000006;1.0;1.0885770528538619;0.7590000000000006;5.868055555555555;0.7615000000000005;12.0
10:56:33 28/04/2020;0.7635;0.7640000000000006;1.0;1.0862780491200212;0.7640000000000006;6.283888888888889;0.7640000000000006;6.283888888888889
17:13:35 28/04/2020;0.7679;0.7680000000000006;1.0;1.0844353369380764;0.7680000000000006;11.05;0.7680000000000006;11.05
22:07:04 28/04/2020;0.7662;0.7680000000000006;1.0;1.0844353369380764;0.7680000000000006;6.158611111111111;0.7680000000000006;6.158611111111111
04:16:35 29/04/2020;0.7689;0.7690000000000006;1.0;1.0839741694339398;0.7690000000000006;4.757777777777778;0.7695000000000005;12.0
09:02:03 29/04/2020;0.7691;0.7700000000000006;1.0;1.0835128056465229;0.7700000000000006;12.0;0.7700000000000006;12.0
15:53:16 29/04/2020;0.7693;0.7700000000000006;1.0;1.0835128056465229;0.7700000000000006;12.0;0.7700000000000006;12.0
21:37:07 29/04/2020;0.77;0.7700000000000006;1.0;1.0835128056465229;0.7700000000000006;12.0;0.7700000000000006;12.0
03:29:22 30/04/2020;0.7673;0.7700000000000006;1.0;1.0835128056465229;0.7700000000000006;12.0;0.7700000000000006;12.0
10:28:33 30/04/2020;0.7678;0.7680000000000006;1.0;1.0844353369380764;0.7680000000000006;6.715;0.7680000000000006;6.715
17:11:27 30/04/2020;0.7693;0.7700000000000006;1.0;1.0835128056465229;0.7700000000000006;5.957222222222223;0.7715000000000005;5.957222222222223
22:50:36 30/04/2020;0.7693;0.7700000000000006;1.0;1.0835128056465229;0.7700000000000006;0.3047222222222222;0.7715000000000005;0.3047222222222222
23:08:53 30/04/2020;0.7721;0.7730000000000006;1.0;1.0821275340735026;0.7730000000000006;12.0;0.7730000000000006;12.0
23:08:53 30/04/2020;0.7721;0.7730000000000006;1.0;1.0821275340735026;0.7730000000000006;12.0;0.7730000000000006;12.0
05:53:13 01/05/2020;0.7712;0.7730000000000006;1.0;1.0821275340735026;0.7730000000000006;12.0;0.7730000000000006;12.0
13:25:59 01/05/2020;0.7626;0.7720000000000006;1.0;1.0825894882179483;0.7720000000000006;12.0;0.7700000000000006;12.0
15:21:01 01/05/2020;0.7626;0.7720000000000006;1.0;1.0825894882179483;0.7720000000000006;12.0;0.7690000000000006;11.865555555555556
20:14:58 01/05/2020;0.7651;0.7660000000000006;1.0;1.0853570840972107;0.7660000000000006;6.966388888888889;0.7660000000000006;6.966388888888889
03:12:57 02/05/2020;0.7673;0.7680000000000006;1.0;1.0844353369380764;0.7680000000000006;12.0;0.7680000000000006;12.0
09:12:53 02/05/2020;0.7651;0.7680000000000006;1.0;1.0844353369380764;0.7680000000000006;12.0;0.7680000000000006;12.0
15:30:32 02/05/2020;0.7633;0.7660000000000006;1.0;1.0853570840972107;0.7660000000000006;12.0;0.7660000000000006;12.0
20:16:30 02/05/2020;0.7629;0.7660000000000006;1.0;1.0853570840972107;0.7660000000000006;12.0;0.7660000000000006;12.0
02:00:29 03/05/2020;0.762;0.7640000000000006;1.0;1.0862780491200212;0.7640000000000006;5.163055555555555;0.7645000000000006;12.0
07:10:16 03/05/2020;0.7648;0.7650000000000006;1.0;1.0858176642512312;0.7650000000000006;7.1375;0.7650000000000006;7.1375
14:18:31 03/05/2020;0.7653;0.7660000000000006;1.0;1.0853570840972107;0.7660000000000006;4.611944444444444;0.7670000000000006;11.322777777777778
18:55:14 03/05/2020;0.768;0.7680000000000006;1.0;1.0844353369380764;0.7680000000000006;6.710833333333333;0.7680000000000006;6.710833333333333
01:37:53 04/05/2020;0.7704;0.7710000000000006;1.0;1.0830512453249843;0.7710000000000006;6.141944444444444;0.7710000000000006;6.141944444444444
07:46:24 04/05/2020;0.7737;0.7740000000000006;1.0;1.0816653826391966;0.7740000000000006;6.708611111111111;0.7740000000000006;6.708611111111111
14:28:55 04/05/2020;0.7756;0.7760000000000006;1.0;1.0807404868885033;0.7760000000000006;12.0;0.7760000000000006;12.0
21:54:53 04/05/2020;0.7755;0.7760000000000006;1.0;1.0807404868885033;0.7760000000000006;6.02;0.7760000000000006;6.02
03:56:05 05/05/2020;0.7767;0.7770000000000006;1.0;1.0802777420645115;0.7770000000000006;12.0;0.7770000000000006;12.0
10:12:50 05/05/2020;0.7759;0.7770000000000006;1.0;1.0802777420645115;0.7770000000000006;12.0;0.7770000000000006;12.0
16:05:36 05/05/2020;0.7746;0.7760000000000006;1.0;1.0807404868885033;0.7760000000000006;12.0;0.7760000000000006;12.0
20:58:10 05/05/2020;0.7663;0.7760000000000006;1.0;1.0807404868885033;0.7760000000000006;12.0;0.7755000000000005;12.0
01:35:07 06/05/2020;0.7615;0.7750000000000006;1.0;1.0812030336620404;0.7750000000000006;12.0;0.7750000000000006;12.0
09:08:27 06/05/2020;0.7628;0.7630000000000006;1.0;1.0867382389517724;0.7630000000000006;12.0;0.7630000000000006;12.0
15:51:06 06/05/2020;0.7623;0.7630000000000006;1.0;1.0867382389517724;0.7630000000000006;12.0;0.7630000000000006;12.0
22:49:29 06/05/2020;0.763;0.7630000000000006;1.0;1.0867382389517724;0.7630000000000006;12.0;0.7630000000000006;12.0
04:34:20 07/05/2020;0.7533;0.7630000000000006;1.0;1.0867382389517724;0.7630000000000006;12.0;0.7630000000000006;12.0
10:59:27 07/05/2020;0.7469;0.7540000000000006;1.0;1.0908712114635712;0.7540000000000006;7.407222222222222;0.7560000000000006;12.0
14:41:29 07/05/2020;0.7469;0.7540000000000006;1.0;1.0908712114635712;0.7540000000000006;3.7066666666666666;0.7560000000000006;12.0
18:23:53 07/05/2020;0.7576;0.7580000000000006;1.0;1.0890362712049584;0.7580000000000006;12.0;0.7580000000000006;12.0
23:51:31 07/05/2020;0.7539;0.7580000000000006;1.0;1.0890362712049584;0.7580000000000006;12.0;0.7580000000000006;12.0
07:24:36 08/05/2020;0.7413;0.7540000000000006;1.0;1.0908712114635712;0.7540000000000006;12.0;0.7530000000000006;12.0
12:25:50 08/05/2020;0.7517;0.7520000000000006;1.0;1.0917875251164941;0.7520000000000006;12.0;0.7520000000000006;12.0
19:58:43 08/05/2020;0.7447;0.7520000000000006;1.0;1.0917875251164941;0.7520000000000006;12.0;0.7520000000000006;12.0
02:24:27 09/05/2020;0.7374;0.7450000000000006;1.0;1.0949885844153808;0.7450000000000006;12.0;0.7450000000000006;12.0
09:48:38 09/05/2020;0.7349;0.7380000000000005;1.0;1.0981803130633874;0.7380000000000005;6.288333333333333;0.7380000000000005;6.288333333333333
16:05:56 09/05/2020;0.7432;0.7440000000000005;1.0;1.095445115010332;0.7440000000000005;12.0;0.7440000000000005;12.0
22:06:14 09/05/2020;0.7406;0.7440000000000005;1.0;1.095445115010332;0.7440000000000005;12.0;0.7440000000000005;12.0
04:07:06 10/05/2020;0.7319;0.7410000000000005;1.0;1.0968135666557008;0.7410000000000005;12.0;0.7410000000000005;12.0
09:42:22 10/05/2020;0.7224;0.7410000000000005;1.0;1.0968135666557008;0.7410000000000005;12.0;0.7356666666666672;12.0
11:11:40 10/05/2020;0.7224;0.7320000000000005;1.0;1.1009087155618305;0.7320000000000005;3.9658333333333333;0.7330000000000005;12.0
15:09:37 10/05/2020;0.7335;0.7340000000000005;1.0;1.0999999999999999;0.7340000000000005;12.0;0.7340000000000005;12.0
20:19:27 10/05/2020;0.7252;0.7340000000000005;1.0;1.0999999999999999;0.7340000000000005;12.0;0.7340000000000005;12.0
01:38:09 11/05/2020;0.7237;0.7340000000000005;1.0;1.0999999999999999;0.7340000000000005;12.0;0.7320000000000005;12.0
07:21:43 11/05/2020;0.7299;0.7300000000000005;1.0;1.1018166816671453;0.7300000000000005;12.0;0.7300000000000005;12.0
14:13:16 11/05/2020;0.7289;0.7300000000000005;1.0;1.1018166816671453;0.7300000000000005;12.0;0.7295000000000005;12.0
19:47:57 11/05/2020;0.7276;0.7290000000000005;1.0;1.10227038425243;0.7290000000000005;7.269166666666667;0.7290000000000005;7.269166666666667
03:04:06 12/05/2020;0.7295;0.7300000000000005;1.0;1.1018166816671453;0.7300000000000005;6.427777777777778;0.7300000000000005;6.427777777777778
09:29:46 12/05/2020;0.7328;0.7330000000000005;1.0;1.1004544515789827;0.7330000000000005;12.0;0.7330000000000005;12.0
15:30:58 12/05/2020;0.7326;0.7330000000000005;1.0;1.1004544515789827;0.7330000000000005;7.447777777777778;0.7330000000000005;7.447777777777778
22:57:50 12/05/2020;0.7407;0.7410000000000005;1.0;1.0968135666557008;0.7410000000000005;5.3025;0.7410000000000005;5.3025
04:15:59 13/05/2020;0.745;0.7450000000000006;1.0;1.0949885844153808;0.7450000000000006;5.189166666666667;0.7450000000000006;5.189166666666667
09:27:20 13/05/2020;0.7452;0.7460000000000006;1.0;1.09453186340097;0.7460000000000006;11.736666666666666;0.7460000000000006;11.736666666666666
14:45:33 13/05/2020;0.7402;0.7460000000000006;1.0;1.09453186340097;0.7460000000000006;6.433055555555556;0.7460000000000006;6.433055555555556
21:11:32 13/05/2020;0.7472;0.7480000000000006;1.0;1.0936178491593849;0.7480000000000006;7.398333333333333;0.7480000000000006;7.398333333333333
04:35:26 14/05/2020;0.755;0.7550000000000006;1.0;1.090412765882718;0.7550000000000006;6.291666666666667;0.7550000000000006;6.291666666666667
10:52:56 14/05/2020;0.7576;0.7580000000000006;1.0;1.0890362712049584;0.7580000000000006;6.431666666666667;0.7580000000000006;6.431666666666667
17:18:50 14/05/2020;0.7586;0.7590000000000006;1.0;1.0885770528538619;0.7590000000000006;6.444166666666667;0.7590000000000006;6.444166666666667
23:45:29 14/05/2020;0.7612;0.7620000000000006;1.0;1.0871982339941504;0.7620000000000006;6.693333333333333;0.7620000000000006;6.693333333333333
06:27:05 15/05/2020;0.7647;0.7650000000000006;1.0;1.0858176642512312;0.7650000000000006;7.285277777777778;0.7650000000000006;7.285277777777778
13:44:12 15/05/2020;0.7715;0.7720000000000006;1.0;1.0825894882179483;0.7720000000000006;6.287222222222222;0.7720000000000006;6.287222222222222
20:01:26 15/05/2020;0.7758;0.7760000000000006;1.0;1.0807404868885033;0.7760000000000006;5.8822222222222225;0.7760000000000006;5.8822222222222225
01:54:22 16/05/2020;0.7825;0.7830000000000006;1.0;1.077497099764078;0.7830000000000006;5.582222222222223;0.7850000000000006;11.611666666666666
07:29:18 16/05/2020;0.7861;0.7870000000000006;1.0;1.0756393447619883;0.7870000000000006;6.029444444444445;0.7870000000000006;6.029444444444445
13:31:04 16/05/2020;0.7871;0.7880000000000006;1.0;1.0751744044572487;0.7880000000000006;7.2652777777777775;0.7880000000000006;7.2652777777777775
20:46:59 16/05/2020;0.7937;0.7940000000000006;1.0;1.0723805294763606;0.7940000000000006;6.289444444444444;0.7940000000000006;6.289444444444444
03:04:21 17/05/2020;0.7989;0.7990000000000006;1.0;1.0700467279516346;0.7990000000000006;6.0136111111111115;0.7990000000000006;6.0136111111111115
09:05:10 17/05/2020;0.8017;0.8020000000000006;1.0;1.0686440005914035;0.8020000000000006;12.0;0.8020000000000006;12.0
16:12:47 17/05/2020;0.8005;0.8020000000000006;1.0;1.0686440005914035;0.8020000000000006;6.294722222222222;0.8020000000000006;6.294722222222222
22:30:28 17/05/2020;0.8039;0.8040000000000006;1.0;1.0677078252031307;0.8040000000000006;5.161666666666667;0.8055000000000005;11.180277777777778
03:40:10 18/05/2020;0.8065;0.8070000000000006;1.0;1.0663020210053056;0.8070000000000006;6.018611111111111;0.8070000000000006;6.018611111111111
09:41:17 18/05/2020;0.8089;0.8090000000000006;1.0;1.0653637876331254;0.8090000000000006;5.449722222222222;0.8090000000000006;5.449722222222222
15:08:16 18/05/2020;0.8106;0.8110000000000006;1.0;1.0644247272588134;0.8110000000000006;5.309166666666667;0.8110000000000006;5.309166666666667
20:26:49 18/05/2020;0.812;0.8120000000000006;1.0;1.0639548862616306;0.8120000000000006;12.0;0.8120000000000006;12.0
02:02:01 19/05/2020;0.8106;0.8120000000000006;1.0;1.0639548862616306;0.8120000000000006;12.0;0.8120000000000006;12.0
08:27:59 19/05/2020;0.8067;0.8110000000000006;1.0;1.0644247272588134;0.8110000000000006;12.0;0.8110000000000006;12.0
13:38:53 19/05/2020;0.8048;0.8110000000000006;1.0;1.0644247272588134;0.8110000000000006;12.0;0.8110000000000006;12.0
18:40:08 19/05/2020;0.8063;0.8070000000000006;1.0;1.0663020210053056;0.8070000000000006;4.752222222222223;0.8075000000000006;10.347777777777777
23:25:16 19/05/2020;0.8076;0.8080000000000006;1.0;1.0658330075579379;0.8080000000000006;5.595555555555555;0.8085000000000007;12.0
05:01:00 20/05/2020;0.8089;0.8090000000000006;1.0;1.0653637876331254;0.8090000000000006;12.0;0.8090000000000006;12.0
12:17:07 20/05/2020;0.8058;0.8090000000000006;1.0;1.0653637876331254;0.8090000000000006;11.88111111111111;0.8090000000000006;11.88111111111111
17:44:44 20/05/2020;0.8088;0.8090000000000006;1.0;1.0653637876331254;0.8090000000000006;6.420833333333333;0.8103333333333339;12.0
19:43:29 20/05/2020;0.8088;0.8090000000000006;1.0;1.0653637876331254;0.8090000000000006;4.441666666666666;0.8110000000000006;11.445833333333333
00:09:59 21/05/2020;0.8125;0.8130000000000006;1.0;1.0634848376916333;0.8130000000000006;7.004166666666666;0.8130000000000006;7.004166666666666
07:10:14 21/05/2020;0.8132;0.8140000000000006;1.0;1.0630145812734646;0.8140000000000006;7.255;0.8140000000000006;7.255
14:25:32 21/05/2020;0.815;0.8150000000000006;1.0;1.0625441167311593;0.8150000000000006;12.0;0.8150000000000006;12.0
02:19:08 22/05/2020;0.8127;0.8150000000000006;1.0;1.0625441167311593;0.8150000000000006;12.0;0.8150000000000006;12.0
06:55:41 22/05/2020;0.8088;0.8130000000000006;1.0;1.0634848376916333;0.8130000000000006;12.0;0.8130000000000006;12.0
09:43:31 22/05/2020;0.8088;0.8130000000000006;1.0;1.0634848376916333;0.8130000000000006;12.0;0.8116666666666673;12.0
11:32:10 22/05/2020;0.8037;0.8130000000000006;1.0;1.0634848376916333;0.8130000000000006;12.0;0.8110000000000006;12.0
16:25:36 22/05/2020;0.8036;0.8090000000000006;1.0;1.0653637876331254;0.8090000000000006;12.0;0.8090000000000006;12.0
23:24:48 22/05/2020;0.8056;0.8060000000000006;1.0;1.0667708282475667;0.8060000000000006;7.416666666666667;0.8060000000000006;7.416666666666667
06:49:48 23/05/2020;0.808;0.8080000000000006;1.0;1.0658330075579379;0.8080000000000006;6.6975;0.8080000000000006;6.6975
13:31:39 23/05/2020;0.8097;0.8100000000000006;1.0;1.0648943609579307;0.8100000000000006;6.8438888888888885;0.8100000000000006;6.8438888888888885
20:22:17 23/05/2020;0.8124;0.8130000000000006;1.0;1.0634848376916333;0.8130000000000006;5.884722222222222;0.8130000000000006;5.884722222222222
02:15:22 24/05/2020;0.815;0.8150000000000006;1.0;1.0625441167311593;0.8150000000000006;5.868333333333333;0.8150000000000006;5.868333333333333
08:07:28 24/05/2020;0.8178;0.8180000000000006;1.0;1.0611314715905844;0.8180000000000006;5.998333333333333;0.8185000000000007;12.0
14:07:22 24/05/2020;0.8183;0.8190000000000006;1.0;1.060660171779821;0.8190000000000006;10.759166666666667;0.8190000000000006;10.759166666666667
20:16:26 24/05/2020;0.8175;0.8190000000000006;1.0;1.060660171779821;0.8190000000000006;4.608055555555556;0.8210000000000006;11.181666666666667
00:52:55 25/05/2020;0.8221;0.8230000000000006;1.0;1.0587728746053138;0.8230000000000006;6.573611111111111;0.8230000000000006;6.573611111111111
07:27:20 25/05/2020;0.8308;0.8310000000000006;1.0;1.0549881515922344;0.8310000000000006;5.739722222222222;0.8320000000000006;12.0
13:11:43 25/05/2020;0.8322;0.8330000000000006;1.0;1.0540398474441084;0.8330000000000006;6.982222222222222;0.8330000000000006;6.982222222222222
20:10:39 25/05/2020;0.8435;0.8440000000000006;1.0;1.0488088481701512;0.8440000000000006;5.318333333333333;0.8440000000000006;5.318333333333333
01:29:45 26/05/2020;0.856;0.8560000000000006;1.0;1.0430723848324235;0.8560000000000006;4.6066666666666665;0.8605000000000007;12.0
06:06:09 26/05/2020;0.8647;0.8650000000000007;1.0;1.038749247893831;0.8650000000000007;10.75361111111111;0.8650000000000007;10.75361111111111
12:05:46 26/05/2020;0.8643;0.8650000000000007;1.0;1.038749247893831;0.8650000000000007;4.76;0.8675000000000006;10.913055555555555
16:51:22 26/05/2020;0.8698;0.8700000000000007;1.0;1.0363397126425289;0.8700000000000007;6.1530555555555555;0.8700000000000007;6.1530555555555555
23:00:33 26/05/2020;0.8768;0.8770000000000007;1.0;1.032956920689338;0.8770000000000007;5.443333333333333;0.8865000000000007;10.896666666666667
03:43:33 27/05/2020;0.8768;0.8770000000000007;1.0;1.032956920689338;0.8770000000000007;0.7266666666666667;0.8865000000000007;6.18
04:27:09 27/05/2020;0.8952;0.8960000000000007;1.0;1.0237187113655777;0.8960000000000007;5.453333333333333;0.8970000000000007;12.0
09:54:21 27/05/2020;0.8973;0.8980000000000007;1.0;1.0227414140436475;0.8980000000000007;6.695;0.8980000000000007;6.695
16:36:03 27/05/2020;0.9098;0.9100000000000007;1.0;1.0168579055108926;0.9100000000000007;5.596666666666667;0.9100000000000007;5.596666666666667
17:08:47 27/05/2020;0.9098;0.9100000000000007;1.0;1.0168579055108926;0.9100000000000007;5.051111111111111;0.9100000000000007;5.051111111111111
22:11:51 27/05/2020;0.9132;0.9140000000000007;1.0;1.0148891565092217;0.9140000000000007;5.591388888888889;0.9180000000000007;12.0
03:47:20 28/05/2020;0.922;0.9220000000000007;1.0;1.0109401564880087;0.9220000000000007;12.0;0.9220000000000007;12.0
10:04:45 28/05/2020;0.9189;0.9220000000000007;1.0;1.0109401564880087;0.9220000000000007;12.0;0.9220000000000007;12.0
16:30:07 28/05/2020;0.9205;0.9210000000000007;1.0;1.0114346246792223;0.9210000000000007;6.7875;0.9210000000000007;6.7875
23:17:22 28/05/2020;0.9363;0.9370000000000007;1.0;1.0034938963441677;0.9370000000000007;6.690833333333333;0.9370000000000007;6.690833333333333
05:58:49 29/05/2020;0.9534;0.9540000000000007;1.0;0.9949874371066195;0.9540000000000007;12.0;0.9540000000000007;12.0
10:51:32 29/05/2020;0.9448;0.9540000000000007;1.0;0.9949874371066195;0.9540000000000007;12.0;0.9540000000000007;12.0
15:36:51 29/05/2020;0.9207;0.9540000000000007;1.0;0.9949874371066195;0.9540000000000007;12.0;0.9540000000000007;12.0
23:09:39 29/05/2020;0.9193;0.9210000000000007;1.0;1.0114346246792223;0.9210000000000007;12.0;0.9210000000000007;12.0
06:09:27 30/05/2020;0.9041;0.9200000000000007;1.0;1.0119288512538809;0.9200000000000007;12.0;0.9200000000000007;12.0
10:54:33 30/05/2020;0.8956;0.9200000000000007;1.0;1.0119288512538809;0.9200000000000007;12.0;0.9125000000000008;12.0
15:47:48 30/05/2020;0.8797;0.9050000000000007;1.0;1.0193134944657603;0.9050000000000007;12.0;0.9050000000000007;12.0
22:47:20 30/05/2020;0.8601;0.8960000000000007;1.0;1.0237187113655777;0.8960000000000007;12.0;0.8880000000000007;12.0
03:32:42 31/05/2020;0.841;0.8800000000000007;1.0;1.0315037566582097;0.8800000000000007;12.0;0.8800000000000007;12.0
10:56:40 31/05/2020;0.8271;0.8410000000000006;1.0;1.0502380682492896;0.8410000000000006;12.0;0.8345000000000007;12.0
16:41:31 31/05/2020;0.8188;0.8280000000000006;1.0;1.0564090116995402;0.8280000000000006;12.0;0.8280000000000006;12.0
23:49:03 31/05/2020;0.8208;0.8210000000000006;1.0;1.059716943339116;0.8210000000000006;12.0;0.8210000000000006;12.0
23:49:03 31/05/2020;0.8208;0.8210000000000006;1.0;1.059716943339116;0.8210000000000006;12.0;0.8210000000000006;12.0
07:14:00 01/06/2020;0.815;0.8210000000000006;1.0;1.059716943339116;0.8210000000000006;12.0;0.8210000000000006;12.0
18:40:58 01/06/2020;0.811;0.8150000000000006;1.0;1.0625441167311593;0.8150000000000006;12.0;0.8130000000000006;12.0
00:25:36 02/06/2020;0.8102;0.8110000000000006;1.0;1.0644247272588134;0.8110000000000006;12.0;0.8110000000000006;12.0
07:50:06 02/06/2020;0.8026;0.8110000000000006;1.0;1.0644247272588134;0.8110000000000006;12.0;0.8110000000000006;12.0
12:59:51 02/06/2020;0.7947;0.8030000000000006;1.0;1.0681760154581263;0.8030000000000006;10.49611111111111;0.8030000000000006;10.49611111111111
18:37:17 02/06/2020;0.7916;0.8030000000000006;1.0;1.0681760154581263;0.8030000000000006;4.872222222222222;0.8050000000000006;12.0
23:29:37 02/06/2020;0.8065;0.8070000000000006;1.0;1.0663020210053056;0.8070000000000006;12.0;0.8070000000000006;12.0
05:21:34 03/06/2020;0.8057;0.8070000000000006;1.0;1.0663020210053056;0.8070000000000006;7.136388888888889;0.8070000000000006;7.136388888888889
12:29:45 03/06/2020;0.8088;0.8090000000000006;1.0;1.0653637876331254;0.8090000000000006;6.284166666666667;0.8090000000000006;6.284166666666667
18:46:48 03/06/2020;0.8092;0.8100000000000006;1.0;1.0648943609579307;0.8100000000000006;12.0;0.8100000000000006;12.0
00:05:34 04/06/2020;0.8098;0.8100000000000006;1.0;1.0648943609579307;0.8100000000000006;12.0;0.8100000000000006;12.0
05:58:23 04/06/2020;0.8091;0.8100000000000006;1.0;1.0648943609579307;0.8100000000000006;12.0;0.8100000000000006;12.0
13:31:49 04/06/2020;0.8085;0.8100000000000006;1.0;1.0648943609579307;0.8100000000000006;12.0;0.8100000000000006;12.0
20:39:41 04/06/2020;0.8062;0.8090000000000006;1.0;1.0653637876331254;0.8090000000000006;12.0;0.8090000000000006;12.0
01:17:04 05/06/2020;0.8044;0.8090000000000006;1.0;1.0653637876331254;0.8090000000000006;12.0;0.8080000000000006;12.0
04:49:12 05/06/2020;0.8044;0.8070000000000006;1.0;1.0663020210053056;0.8070000000000006;12.0;0.8070000000000006;12.0
07:00:44 05/06/2020;0.8059;0.8070000000000006;1.0;1.0663020210053056;0.8070000000000006;12.0;0.8070000000000006;12.0
14:09:25 05/06/2020;0.8047;0.8060000000000006;1.0;1.0667708282475667;0.8060000000000006;12.0;0.8060000000000006;12.0
19:28:12 05/06/2020;0.8035;0.8050000000000006;1.0;1.0672394295564607;0.8050000000000006;12.0;0.8050000000000006;12.0
01:12:30 06/06/2020;0.7994;0.8050000000000006;1.0;1.0672394295564607;0.8050000000000006;12.0;0.8050000000000006;12.0
07:38:25 06/06/2020;0.7946;0.8000000000000006;1.0;1.0695793565696747;0.8000000000000006;12.0;0.7990000000000006;12.0
13:22:21 06/06/2020;0.7973;0.7980000000000006;1.0;1.0705138952858106;0.7980000000000006;7.0088888888888885;0.7980000000000006;7.0088888888888885
20:22:53 06/06/2020;0.7998;0.8000000000000006;1.0;1.0695793565696747;0.8000000000000006;5.019444444444445;0.8000000000000006;5.019444444444445
01:24:03 07/06/2020;0.8025;0.8030000000000006;1.0;1.0681760154581263;0.8030000000000006;5.739444444444445;0.8030000000000006;5.739444444444445
07:08:25 07/06/2020;0.8069;0.8070000000000006;1.0;1.0663020210053056;0.8070000000000006;5.328611111111111;0.8070000000000006;5.328611111111111
12:28:08 07/06/2020;0.8098;0.8100000000000006;1.0;1.0648943609579307;0.8100000000000006;4.613611111111111;0.8115000000000006;11.318888888888889
17:04:57 07/06/2020;0.8129;0.8130000000000006;1.0;1.0634848376916333;0.8130000000000006;6.705277777777778;0.8130000000000006;6.705277777777778
23:47:16 07/06/2020;0.8157;0.8160000000000006;1.0;1.0620734437881398;0.8160000000000006;6.715833333333333;0.8160000000000006;6.715833333333333
06:30:13 08/06/2020;0.8233;0.8240000000000006;1.0;1.0583005244258359;0.8240000000000006;7.129166666666666;0.8240000000000006;7.129166666666666
13:37:58 08/06/2020;0.8286;0.8290000000000006;1.0;1.0559356040971435;0.8290000000000006;5.3180555555555555;0.8350000000000006;12.0
18:57:03 08/06/2020;0.8404;0.8410000000000006;1.0;1.0502380682492896;0.8410000000000006;12.0;0.8410000000000006;12.0
01:06:57 09/06/2020;0.8344;0.8410000000000006;1.0;1.0502380682492896;0.8410000000000006;11.901388888888889;0.8410000000000006;11.901388888888889
06:09:36 09/06/2020;0.8397;0.8410000000000006;1.0;1.0502380682492896;0.8410000000000006;6.857222222222222;0.8410000000000006;6.857222222222222
13:01:02 09/06/2020;0.8452;0.8460000000000006;1.0;1.0478549517943785;0.8460000000000006;12.0;0.8460000000000006;12.0
20:00:34 09/06/2020;0.8459;0.8460000000000006;1.0;1.0478549517943785;0.8460000000000006;12.0;0.8460000000000006;12.0
02:51:11 10/06/2020;0.8412;0.8460000000000006;1.0;1.0478549517943785;0.8460000000000006;5.456666666666667;0.8460000000000006;5.456666666666667
08:18:35 10/06/2020;0.8543;0.8550000000000006;1.0;1.0435516278555648;0.8550000000000006;5.183888888888889;0.8590000000000007;12.0
13:29:37 10/06/2020;0.8623;0.8630000000000007;1.0;1.0397114984456022;0.8630000000000007;12.0;0.8630000000000007;12.0
20:55:10 10/06/2020;0.8562;0.8630000000000007;1.0;1.0397114984456022;0.8630000000000007;12.0;0.8630000000000007;12.0
04:07:13 11/06/2020;0.8507;0.8570000000000007;1.0;1.042592921518269;0.8570000000000007;4.893888888888889;0.8595000000000006;12.0
09:00:51 11/06/2020;0.862;0.8620000000000007;1.0;1.0401922899156673;0.8620000000000007;12.0;0.8620000000000007;12.0
16:00:12 11/06/2020;0.8475;0.8620000000000007;1.0;1.0401922899156673;0.8620000000000007;12.0;0.857333333333334;12.0
17:05:21 11/06/2020;0.8475;0.8620000000000007;1.0;1.0401922899156673;0.8620000000000007;12.0;0.8550000000000006;12.0
21:27:42 11/06/2020;0.8426;0.8480000000000006;1.0;1.0469001862641916;0.8480000000000006;12.0;0.8480000000000006;12.0
05:01:42 12/06/2020;0.8215;0.8480000000000006;1.0;1.0469001862641916;0.8480000000000006;12.0;0.8480000000000006;12.0
11:03:10 12/06/2020;0.817;0.8220000000000006;1.0;1.0592450141492287;0.8220000000000006;6.417222222222223;0.8220000000000006;6.417222222222223
17:28:12 12/06/2020;0.8275;0.8280000000000006;1.0;1.0564090116995402;0.8280000000000006;6.591388888888889;0.8280000000000006;6.591388888888889
00:03:41 13/06/2020;0.8289;0.8290000000000006;1.0;1.0559356040971435;0.8290000000000006;5.871111111111111;0.8320000000000006;12.0
05:55:57 13/06/2020;0.8343;0.8350000000000006;1.0;1.053090689352061;0.8350000000000006;6.3;0.8350000000000006;6.3
12:13:57 13/06/2020;0.8379;0.8380000000000006;1.0;1.0516653460107923;0.8380000000000006;7.422777777777778;0.8380000000000006;7.422777777777778
19:39:19 13/06/2020;0.8435;0.8440000000000006;1.0;1.0488088481701512;0.8440000000000006;5.454166666666667;0.8440000000000006;5.454166666666667
01:06:34 14/06/2020;0.8523;0.8530000000000006;1.0;1.044509454241559;0.8530000000000006;5.467777777777778;0.8570000000000007;12.0
06:34:38 14/06/2020;0.8604;0.8610000000000007;1.0;1.0406728592598153;0.8610000000000007;7.550833333333333;0.8610000000000007;7.550833333333333
14:07:41 14/06/2020;0.8672;0.8680000000000007;1.0;1.0373041983911948;0.8680000000000007;12.0;0.8680000000000007;12.0
20:50:41 14/06/2020;0.8611;0.8680000000000007;1.0;1.0373041983911948;0.8680000000000007;12.0;0.8680000000000007;12.0
04:07:07 15/06/2020;0.8647;0.8650000000000007;1.0;1.038749247893831;0.8650000000000007;12.0;0.8650000000000007;12.0
09:17:46 15/06/2020;0.8597;0.8650000000000007;1.0;1.038749247893831;0.8650000000000007;12.0;0.8650000000000007;12.0
16:34:04 15/06/2020;0.8307;0.8600000000000007;1.0;1.0411532067856293;0.8600000000000007;12.0;0.8600000000000007;12.0
21:36:33 15/06/2020;0.819;0.8310000000000006;1.0;1.0549881515922344;0.8310000000000006;12.0;0.8310000000000006;12.0
03:28:44 16/06/2020;0.8211;0.8310000000000006;1.0;1.0549881515922344;0.8310000000000006;10.688055555555556;0.8310000000000006;10.688055555555556
08:39:04 16/06/2020;0.8289;0.8290000000000006;1.0;1.0559356040971435;0.8290000000000006;5.515833333333333;0.8290000000000006;5.515833333333333
14:10:01 16/06/2020;0.8432;0.8440000000000006;1.0;1.0488088481701512;0.8440000000000006;12.0;0.8440000000000006;12.0
18:40:09 16/06/2020;0.8291;0.8440000000000006;1.0;1.0488088481701512;0.8440000000000006;12.0;0.8440000000000006;12.0
23:35:27 16/06/2020;0.8149;0.8440000000000006;1.0;1.0488088481701512;0.8440000000000006;12.0;0.8370000000000006;12.0
04:36:38 17/06/2020;0.8103;0.8300000000000006;1.0;1.0554619841567006;0.8300000000000006;12.0;0.8300000000000006;12.0
11:53:49 17/06/2020;0.804;0.8110000000000006;1.0;1.0644247272588134;0.8110000000000006;12.0;0.8110000000000006;12.0
19:10:46 17/06/2020;0.8025;0.8040000000000006;1.0;1.0677078252031307;0.8040000000000006;12.0;0.8040000000000006;12.0
00:37:33 18/06/2020;0.8028;0.8030000000000006;1.0;1.0681760154581263;0.8030000000000006;11.196666666666667;0.8030000000000006;11.196666666666667
05:48:52 18/06/2020;0.8013;0.8030000000000006;1.0;1.0681760154581263;0.8030000000000006;6.008055555555556;0.8030000000000006;6.008055555555556
11:49:21 18/06/2020;0.8052;0.8060000000000006;1.0;1.0667708282475667;0.8060000000000006;11.894166666666667;0.8060000000000006;11.894166666666667
18:32:17 18/06/2020;0.8058;0.8060000000000006;1.0;1.0667708282475667;0.8060000000000006;5.1786111111111115;0.8060000000000006;5.1786111111111115
23:43:00 18/06/2020;0.8064;0.8070000000000006;1.0;1.0663020210053056;0.8070000000000006;4.621944444444445;0.8070000000000006;4.621944444444445
04:20:19 19/06/2020;0.8077;0.8080000000000006;1.0;1.0658330075579379;0.8080000000000006;4.752777777777778;0.8090000000000006;11.892777777777777
09:05:29 19/06/2020;0.8093;0.8100000000000006;1.0;1.0648943609579307;0.8100000000000006;7.14;0.8100000000000006;7.14
16:13:53 19/06/2020;0.8121;0.8130000000000006;1.0;1.0634848376916333;0.8130000000000006;4.895;0.8135000000000006;10.211944444444445
21:07:35 19/06/2020;0.8137;0.8140000000000006;1.0;1.0630145812734646;0.8140000000000006;5.316944444444444;0.8170000000000006;12.0
02:26:36 20/06/2020;0.8193;0.8200000000000006;1.0;1.0601886624558854;0.8200000000000006;12.0;0.8200000000000006;12.0
09:42:47 20/06/2020;0.8154;0.8200000000000006;1.0;1.0601886624558854;0.8200000000000006;12.0;0.8200000000000006;12.0
16:35:18 20/06/2020;0.8095;0.8160000000000006;1.0;1.0620734437881398;0.8160000000000006;12.0;0.8130000000000006;12.0
22:34:54 20/06/2020;0.8038;0.8100000000000006;1.0;1.0648943609579307;0.8100000000000006;12.0;0.8100000000000006;12.0
05:26:52 21/06/2020;0.7974;0.8040000000000006;1.0;1.0677078252031307;0.8040000000000006;12.0;0.8040000000000006;12.0
12:43:49 21/06/2020;0.7946;0.7980000000000006;1.0;1.0705138952858106;0.7980000000000006;12.0;0.7965000000000007;12.0
18:27:29 21/06/2020;0.7928;0.7950000000000006;1.0;1.071914175668929;0.7950000000000006;12.0;0.7950000000000006;12.0
01:18:22 22/06/2020;0.7941;0.7950000000000006;1.0;1.071914175668929;0.7950000000000006;12.0;0.7950000000000006;12.0
07:54:10 22/06/2020;0.7939;0.7950000000000006;1.0;1.071914175668929;0.7950000000000006;5.449722222222222;0.7965000000000007;12.0
13:21:09 22/06/2020;0.7974;0.7980000000000006;1.0;1.0705138952858106;0.7980000000000006;7.558055555555556;0.7980000000000006;7.558055555555556
20:54:38 22/06/2020;0.7989;0.7990000000000006;1.0;1.0700467279516346;0.7990000000000006;12.0;0.7990000000000006;12.0
01:40:10 23/06/2020;0.7977;0.7990000000000006;1.0;1.0700467279516346;0.7990000000000006;12.0;0.7990000000000006;12.0
07:41:07 23/06/2020;0.7974;0.7990000000000006;1.0;1.0700467279516346;0.7990000000000006;12.0;0.7990000000000006;12.0
12:27:17 23/06/2020;0.7946;0.7980000000000006;1.0;1.0705138952858106;0.7980000000000006;12.0;0.7980000000000006;12.0
17:03:51 23/06/2020;0.7963;0.7980000000000006;1.0;1.0705138952858106;0.7980000000000006;10.048055555555555;0.7980000000000006;10.048055555555555
21:40:00 23/06/2020;0.7979;0.7980000000000006;1.0;1.0705138952858106;0.7980000000000006;5.445555555555556;0.7985000000000007;12.0
03:06:44 24/06/2020;0.7987;0.7990000000000006;1.0;1.0700467279516346;0.7990000000000006;12.0;0.7990000000000006;12.0
09:33:26 24/06/2020;0.7965;0.7990000000000006;1.0;1.0700467279516346;0.7990000000000006;12.0;0.7990000000000006;12.0
15:25:42 24/06/2020;0.7953;0.7970000000000006;1.0;1.070980858839223;0.7970000000000006;4.908888888888889;0.7975000000000005;11.479722222222222
20:20:14 24/06/2020;0.7971;0.7980000000000006;1.0;1.0705138952858106;0.7980000000000006;6.570833333333334;0.7980000000000006;6.570833333333334
02:54:29 25/06/2020;0.8003;0.8010000000000006;1.0;1.0691117808723274;0.8010000000000006;12.0;0.8010000000000006;12.0
09:37:41 25/06/2020;0.7963;0.8010000000000006;1.0;1.0691117808723274;0.8010000000000006;12.0;0.8010000000000006;12.0
17:03:29 25/06/2020;0.7994;0.8000000000000006;1.0;1.0695793565696747;0.8000000000000006;4.611944444444444;0.8010000000000006;10.765833333333333
21:40:12 25/06/2020;0.8019;0.8020000000000006;1.0;1.0686440005914035;0.8020000000000006;6.153888888888889;0.8020000000000006;6.153888888888889
03:49:26 26/06/2020;0.8057;0.8060000000000006;1.0;1.0667708282475667;0.8060000000000006;5.7363888888888885;0.8060000000000006;5.7363888888888885
09:33:37 26/06/2020;0.8066;0.8070000000000006;1.0;1.0663020210053056;0.8070000000000006;5.878055555555555;0.8070000000000006;5.878055555555555
15:26:18 26/06/2020;0.8098;0.8100000000000006;1.0;1.0648943609579307;0.8100000000000006;5.461666666666667;0.8105000000000007;12.0
20:54:00 26/06/2020;0.811;0.8110000000000006;1.0;1.0644247272588134;0.8110000000000006;6.857777777777778;0.8110000000000006;6.857777777777778
03:45:28 27/06/2020;0.8133;0.8140000000000006;1.0;1.0630145812734646;0.8140000000000006;7.1386111111111115;0.8140000000000006;7.1386111111111115
10:53:47 27/06/2020;0.82;0.8200000000000006;1.0;1.0601886624558854;0.8200000000000006;6.712777777777778;0.8200000000000006;6.712777777777778
17:36:33 27/06/2020;0.8387;0.8390000000000006;1.0;1.0511898020814316;0.8390000000000006;4.903611111111111;0.8460000000000006;10.218055555555555
22:30:46 27/06/2020;0.8526;0.8530000000000006;1.0;1.044509454241559;0.8530000000000006;5.314444444444445;0.8615000000000006;11.341111111111111
03:49:38 28/06/2020;0.8694;0.8700000000000007;1.0;1.0363397126425289;0.8700000000000007;6.026666666666666;0.8700000000000007;6.026666666666666
09:51:14 28/06/2020;0.8727;0.8730000000000007;1.0;1.0348912986396201;0.8730000000000007;5.314722222222223;0.8730000000000007;5.314722222222223
15:10:07 28/06/2020;0.8754;0.8760000000000007;1.0;1.0334408546211047;0.8760000000000007;12.0;0.8760000000000007;12.0
20:38:09 28/06/2020;0.8625;0.8760000000000007;1.0;1.0334408546211047;0.8760000000000007;12.0;0.8760000000000007;12.0
03:20:42 29/06/2020;0.8615;0.8630000000000007;1.0;1.0397114984456022;0.8630000000000007;12.0;0.8630000000000007;12.0
07:58:16 29/06/2020;0.855;0.8630000000000007;1.0;1.0397114984456022;0.8630000000000007;12.0;0.8630000000000007;12.0
13:42:41 29/06/2020;0.8479;0.8620000000000007;1.0;1.0401922899156673;0.8620000000000007;11.832222222222223;0.8585000000000007;11.832222222222223
18:46:14 29/06/2020;0.8543;0.8550000000000006;1.0;1.0435516278555648;0.8550000000000006;6.773055555555556;0.8550000000000006;6.773055555555556
01:32:37 30/06/2020;0.8692;0.8700000000000007;1.0;1.0363397126425289;0.8700000000000007;7.430833333333333;0.8700000000000007;7.430833333333333
08:58:28 30/06/2020;0.8916;0.8920000000000007;1.0;1.0256705123966463;0.8920000000000007;10.864166666666666;0.8920000000000007;10.864166666666666
13:35:52 30/06/2020;0.8892;0.8920000000000007;1.0;1.0256705123966463;;;;
19:50:19 30/06/2020;0.8926;0.8930000000000007;1.0;1.025182910509144;;;;
23:31:25 30/06/2020;0.8926;0.8930000000000007;1.0;1.025182910509144;;;;
