22:46:02 31/12/2019;0.4666;;;;;;;
04:37:46 01/01/2020;0.4592;;;;;;;
11:27:48 01/01/2020;0.451;0.46000000000000035;1.0;0.6633249580710797;0.46000000000000035;12.0;0.46000000000000035;12.0
17:37:10 01/01/2020;0.4407;0.45100000000000035;1.0;0.6700746227100379;0.45100000000000035;12.0;0.45100000000000035;12.0
22:38:44 01/01/2020;0.4322;0.45100000000000035;1.0;0.6700746227100379;0.45100000000000035;12.0;0.45100000000000035;12.0
04:21:44 02/01/2020;0.424;0.44100000000000034;1.0;0.6774953874381726;0.44100000000000034;12.0;0.43700000000000033;12.0
09:23:27 02/01/2020;0.4178;0.43300000000000033;1.0;0.6833739825307953;0.43300000000000033;12.0;0.43300000000000033;12.0
15:40:16 02/01/2020;0.4118;0.4240000000000003;1.0;0.6899275324264134;0.4240000000000003;12.0;0.4240000000000003;12.0
20:41:54 02/01/2020;0.4047;0.4180000000000003;1.0;0.6942621983083911;0.4180000000000003;12.0;0.4140000000000003;12.0
22:55:00 02/01/2020;0.4047;0.4120000000000003;1.0;0.698569967862919;0.4120000000000003;12.0;0.4120000000000003;12.0
03:06:53 03/01/2020;0.4028;0.4120000000000003;1.0;0.698569967862919;0.4120000000000003;12.0;0.4120000000000003;12.0
10:05:49 03/01/2020;0.4014;0.4050000000000003;1.0;0.7035623639735142;0.4050000000000003;12.0;0.4050000000000003;12.0
16:06:04 03/01/2020;0.4007;0.4020000000000003;1.0;0.7056911505750938;0.4020000000000003;12.0;0.4020000000000003;12.0
21:49:34 03/01/2020;0.3989;0.4020000000000003;1.0;0.7056911505750938;0.4020000000000003;12.0;0.4020000000000003;12.0
02:50:48 04/01/2020;0.3977;0.4010000000000003;1.0;0.7063993204979743;0.4010000000000003;12.0;0.4000000000000003;12.0
08:34:23 04/01/2020;0.398;0.3990000000000003;1.0;0.7078135347674553;0.3990000000000003;12.0;0.3990000000000003;12.0
15:58:00 04/01/2020;0.3962;0.3980000000000003;1.0;0.7085195833567339;0.3980000000000003;12.0;0.3975000000000003;12.0
20:34:35 04/01/2020;0.3956;0.3970000000000003;1.0;0.7092249290598855;0.3970000000000003;12.0;0.3970000000000003;12.0
03:16:28 05/01/2020;0.3948;0.3970000000000003;1.0;0.7092249290598855;0.3970000000000003;12.0;0.3970000000000003;12.0
10:15:30 05/01/2020;0.3954;0.3960000000000003;1.0;0.7099295739719538;0.3960000000000003;12.0;0.3960000000000003;12.0
21:59:07 05/01/2020;0.3947;0.3960000000000003;1.0;0.7099295739719538;0.3960000000000003;12.0;0.3960000000000003;12.0
04:49:36 06/01/2020;0.3939;0.3950000000000003;1.0;0.7106335201775945;0.3950000000000003;12.0;0.3950000000000003;12.0
11:40:00 06/01/2020;0.3926;0.3940000000000003;1.0;0.7113367697511495;0.3940000000000003;12.0;0.3940000000000003;12.0
17:06:33 06/01/2020;0.3913;0.3930000000000003;1.0;0.7120393247567157;0.3930000000000003;12.0;0.3930000000000003;12.0
22:24:46 06/01/2020;0.3903;0.3930000000000003;1.0;0.7120393247567157;0.3930000000000003;12.0;0.3930000000000003;12.0
05:48:55 07/01/2020;0.3897;0.3910000000000003;1.0;0.7134423592694785;0.3910000000000003;12.0;0.3910000000000003;12.0
11:48:37 07/01/2020;0.3901;0.3910000000000003;1.0;0.7134423592694785;0.3910000000000003;12.0;0.3910000000000003;12.0
17:15:05 07/01/2020;0.3892;0.3910000000000003;1.0;0.7134423592694785;0.3910000000000003;12.0;0.3910000000000003;12.0
00:39:04 08/01/2020;0.3897;0.3900000000000003;1.0;0.7141428428542849;0.3900000000000003;12.0;0.3900000000000003;12.0
06:39:05 08/01/2020;0.3899;0.3900000000000003;1.0;0.7141428428542849;0.3900000000000003;7.266666666666667;0.3900000000000003;7.266666666666667
13:55:05 08/01/2020;0.3902;0.3910000000000003;1.0;0.7134423592694785;0.3910000000000003;12.0;0.3910000000000003;12.0
20:36:56 08/01/2020;0.3901;0.3910000000000003;1.0;0.7134423592694785;0.3910000000000003;12.0;0.3910000000000003;12.0
03:52:40 09/01/2020;0.3908;0.3910000000000003;1.0;0.7134423592694785;0.3910000000000003;5.721111111111111;0.3915000000000003;12.0
09:35:56 09/01/2020;0.3916;0.3920000000000003;1.0;0.7127411872482183;0.3920000000000003;12.0;0.3920000000000003;12.0
21:27:42 09/01/2020;0.3906;0.3920000000000003;1.0;0.7127411872482183;0.3920000000000003;12.0;0.3920000000000003;12.0
03:36:10 10/01/2020;0.3895;0.3910000000000003;1.0;0.7134423592694785;0.3910000000000003;12.0;0.3910000000000003;12.0
10:18:42 10/01/2020;0.3886;0.3900000000000003;1.0;0.7141428428542849;0.3900000000000003;12.0;0.3900000000000003;12.0
16:43:42 10/01/2020;0.388;0.3890000000000003;1.0;0.7148426400264605;0.3890000000000003;12.0;0.3890000000000003;12.0
21:20:11 10/01/2020;0.3877;0.3890000000000003;1.0;0.7148426400264605;0.3890000000000003;12.0;0.3890000000000003;12.0
04:44:12 11/01/2020;0.3864;0.3880000000000003;1.0;0.7155417527999326;0.3880000000000003;12.0;0.3880000000000003;12.0
11:09:52 11/01/2020;0.3858;0.3870000000000003;1.0;0.7162401831787991;0.3870000000000003;12.0;0.3870000000000003;12.0
17:26:12 11/01/2020;0.3848;0.3860000000000003;1.0;0.7169379331573967;0.3860000000000003;12.0;0.3860000000000003;12.0
22:45:03 11/01/2020;0.3832;0.3860000000000003;1.0;0.7169379331573967;0.3860000000000003;12.0;0.3860000000000003;12.0
09:13:03 12/01/2020;0.3825;0.3840000000000003;1.0;0.7183313998427187;0.3840000000000003;12.0;0.3840000000000003;12.0
15:46:33 12/01/2020;0.3818;0.3830000000000003;1.0;0.7190271204899017;0.3830000000000003;12.0;0.3830000000000003;12.0
21:55:08 12/01/2020;0.3814;0.3820000000000003;1.0;0.7197221686178631;0.3820000000000003;12.0;0.3820000000000003;12.0
03:38:41 13/01/2020;0.379;0.3820000000000003;1.0;0.7197221686178631;0.3820000000000003;12.0;0.3820000000000003;12.0
10:28:40 13/01/2020;0.3783;0.3790000000000003;1.0;0.7218032973047434;0.3790000000000003;12.0;0.3790000000000003;12.0
12:27:02 13/01/2020;0.3783;0.3790000000000003;1.0;0.7218032973047434;0.3790000000000003;12.0;0.3790000000000003;12.0
17:10:57 13/01/2020;0.3787;0.3790000000000003;1.0;0.7218032973047434;0.3790000000000003;12.0;0.3790000000000003;12.0
23:36:35 13/01/2020;0.3768;0.3790000000000003;1.0;0.7218032973047434;0.3790000000000003;12.0;0.3790000000000003;12.0
06:35:02 14/01/2020;0.375;0.3770000000000003;1.0;0.7231873892705816;0.3770000000000003;12.0;0.3770000000000003;12.0
14:00:27 14/01/2020;0.3738;0.3750000000000003;1.0;0.7245688373094717;0.3750000000000003;12.0;0.3750000000000003;12.0
21:20:18 14/01/2020;0.3732;0.3740000000000003;1.0;0.7252585745787496;0.3740000000000003;12.0;0.3740000000000003;12.0
04:14:12 15/01/2020;0.3735;0.3740000000000003;1.0;0.7252585745787496;0.3740000000000003;12.0;0.3740000000000003;12.0
10:56:11 15/01/2020;0.3722;0.3740000000000003;1.0;0.7252585745787496;0.3740000000000003;11.875833333333333;0.3740000000000003;11.875833333333333
17:30:11 15/01/2020;0.3734;0.3740000000000003;1.0;0.7252585745787496;0.3740000000000003;5.309166666666667;0.3750000000000003;12.0
22:48:44 15/01/2020;0.3754;0.3760000000000003;1.0;0.7238784428341541;0.3760000000000003;6.7075;0.3760000000000003;6.7075
05:31:11 16/01/2020;0.3763;0.3770000000000003;1.0;0.7231873892705816;0.3770000000000003;12.0;0.3770000000000003;12.0
10:24:11 16/01/2020;0.3754;0.3770000000000003;1.0;0.7231873892705816;0.3770000000000003;12.0;0.3770000000000003;12.0
16:16:11 16/01/2020;0.3751;0.3770000000000003;1.0;0.7231873892705816;0.3770000000000003;12.0;0.3770000000000003;12.0
22:50:12 16/01/2020;0.3755;0.3760000000000003;1.0;0.7238784428341541;0.3760000000000003;12.0;0.3760000000000003;12.0
05:15:45 17/01/2020;0.3759;0.3760000000000003;1.0;0.7238784428341541;0.3760000000000003;7.12;0.3760000000000003;7.12
12:22:57 17/01/2020;0.3763;0.3770000000000003;1.0;0.7231873892705816;0.3770000000000003;10.752222222222223;0.3770000000000003;10.752222222222223
17:41:23 17/01/2020;0.3761;0.3770000000000003;1.0;0.7231873892705816;0.3770000000000003;5.445;0.3775000000000003;12.0
23:08:05 17/01/2020;0.3773;0.3780000000000003;1.0;0.7224956747275376;0.3780000000000003;12.0;0.3780000000000003;12.0
05:25:24 18/01/2020;0.378;0.3780000000000003;1.0;0.7224956747275376;0.3780000000000003;12.0;0.3780000000000003;12.0
11:25:23 18/01/2020;0.3769;0.3780000000000003;1.0;0.7224956747275376;0.3780000000000003;12.0;0.3780000000000003;12.0
16:10:24 18/01/2020;0.3768;0.3780000000000003;1.0;0.7224956747275376;0.3780000000000003;12.0;0.3780000000000003;12.0
22:52:24 18/01/2020;0.3762;0.3770000000000003;1.0;0.7231873892705816;0.3770000000000003;12.0;0.3770000000000003;12.0
06:07:57 19/01/2020;0.3755;0.3770000000000003;1.0;0.7231873892705816;0.3770000000000003;12.0;0.3770000000000003;12.0
12:17:14 19/01/2020;0.3744;0.3760000000000003;1.0;0.7238784428341541;0.3760000000000003;12.0;0.3755000000000003;12.0
18:08:29 19/01/2020;0.3736;0.3750000000000003;1.0;0.7245688373094717;0.3750000000000003;12.0;0.3750000000000003;12.0
00:17:25 20/01/2020;0.3731;0.3740000000000003;1.0;0.7252585745787496;0.3740000000000003;6.143888888888889;0.3740000000000003;6.143888888888889
06:26:03 20/01/2020;0.3741;0.3750000000000003;1.0;0.7245688373094717;0.3750000000000003;12.0;0.3750000000000003;12.0
12:34:53 20/01/2020;0.3748;0.3750000000000003;1.0;0.7245688373094717;0.3750000000000003;10.46888888888889;0.3750000000000003;10.46888888888889
17:44:32 20/01/2020;0.3746;0.3750000000000003;1.0;0.7245688373094717;0.3750000000000003;5.308055555555556;0.3755000000000003;12.0
23:03:01 20/01/2020;0.3753;0.3760000000000003;1.0;0.7238784428341541;0.3760000000000003;12.0;0.3760000000000003;12.0
05:28:57 21/01/2020;0.3756;0.3760000000000003;1.0;0.7238784428341541;0.3760000000000003;12.0;0.3760000000000003;12.0
12:44:03 21/01/2020;0.3747;0.3760000000000003;1.0;0.7238784428341541;0.3760000000000003;11.98638888888889;0.3760000000000003;11.98638888888889
19:56:07 21/01/2020;0.3755;0.3760000000000003;1.0;0.7238784428341541;0.3760000000000003;4.785277777777778;0.3765000000000003;11.4925
00:43:14 22/01/2020;0.3765;0.3770000000000003;1.0;0.7231873892705816;0.3770000000000003;6.707222222222223;0.3770000000000003;6.707222222222223
07:25:40 22/01/2020;0.3785;0.3790000000000003;1.0;0.7218032973047434;0.3790000000000003;6.416388888888889;0.3790000000000003;6.416388888888889
13:50:39 22/01/2020;0.3793;0.3800000000000003;1.0;0.7211102550927977;0.3800000000000003;6.293611111111111;0.3800000000000003;6.293611111111111
20:08:16 22/01/2020;0.3815;0.3820000000000003;1.0;0.7197221686178631;0.3820000000000003;6.975;0.3820000000000003;6.975
03:06:46 23/01/2020;0.3826;0.3830000000000003;1.0;0.7190271204899017;0.3830000000000003;12.0;0.3830000000000003;12.0
08:25:15 23/01/2020;0.3823;0.3830000000000003;1.0;0.7190271204899017;0.3830000000000003;12.0;0.3830000000000003;12.0
14:25:11 23/01/2020;0.382;0.3830000000000003;1.0;0.7190271204899017;0.3830000000000003;12.0;0.3830000000000003;12.0
21:23:56 23/01/2020;0.3829;0.3830000000000003;1.0;0.7190271204899017;0.3830000000000003;6.700833333333334;0.3830000000000003;6.700833333333334
04:05:59 24/01/2020;0.3836;0.3840000000000003;1.0;0.7183313998427187;0.3840000000000003;12.0;0.3840000000000003;12.0
08:50:28 24/01/2020;0.3837;0.3840000000000003;1.0;0.7183313998427187;0.3840000000000003;12.0;0.3840000000000003;12.0
14:42:37 24/01/2020;0.3834;0.3840000000000003;1.0;0.7183313998427187;0.3840000000000003;12.0;0.3840000000000003;12.0
19:26:58 24/01/2020;0.3837;0.3840000000000003;1.0;0.7183313998427187;0.3840000000000003;7.408333333333333;0.3840000000000003;7.408333333333333
02:51:28 25/01/2020;0.3841;0.3850000000000003;1.0;0.717635004720366;0.3850000000000003;12.0;0.3850000000000003;12.0
09:00:02 25/01/2020;0.3835;0.3850000000000003;1.0;0.717635004720366;0.3850000000000003;12.0;0.3850000000000003;12.0
16:07:35 25/01/2020;0.3826;0.3840000000000003;1.0;0.7183313998427187;0.3840000000000003;12.0;0.3835000000000003;12.0
21:51:09 25/01/2020;0.3816;0.3830000000000003;1.0;0.7190271204899017;0.3830000000000003;12.0;0.3830000000000003;12.0
04:16:27 26/01/2020;0.3817;0.3820000000000003;1.0;0.7197221686178631;0.3820000000000003;12.0;0.3820000000000003;12.0
10:16:31 26/01/2020;0.3801;0.3820000000000003;1.0;0.7197221686178631;0.3820000000000003;12.0;0.3820000000000003;12.0
15:43:28 26/01/2020;0.3792;0.3820000000000003;1.0;0.7197221686178631;0.3820000000000003;12.0;0.3820000000000003;12.0
23:07:29 26/01/2020;0.3785;0.3800000000000003;1.0;0.7211102550927977;0.3800000000000003;12.0;0.3795000000000003;12.0
04:59:29 27/01/2020;0.3778;0.3790000000000003;1.0;0.7218032973047434;0.3790000000000003;12.0;0.3790000000000003;12.0
16:18:15 27/01/2020;0.378;0.3780000000000003;1.0;0.7224956747275376;0.3780000000000003;11.307222222222222;0.3780000000000003;11.307222222222222
03:36:41 28/01/2020;0.3791;0.3800000000000003;1.0;0.7211102550927977;0.3800000000000003;12.0;0.3800000000000003;12.0
08:38:47 28/01/2020;0.3798;0.3800000000000003;1.0;0.7211102550927977;0.3800000000000003;12.0;0.3800000000000003;12.0
21:37:43 28/01/2020;0.3795;0.3800000000000003;1.0;0.7211102550927977;0.3800000000000003;6.4255555555555555;0.3800000000000003;6.4255555555555555
04:03:15 29/01/2020;0.3806;0.3810000000000003;1.0;0.7204165461731148;0.3810000000000003;12.0;0.3810000000000003;12.0
09:30:11 29/01/2020;0.3801;0.3810000000000003;1.0;0.7204165461731148;0.3810000000000003;12.0;0.3810000000000003;12.0
14:15:15 29/01/2020;0.38;0.3810000000000003;1.0;0.7204165461731148;0.3810000000000003;12.0;0.3810000000000003;12.0
21:22:16 29/01/2020;0.381;0.3810000000000003;1.0;0.7204165461731148;0.3810000000000003;12.0;0.3810000000000003;12.0
10:04:43 30/01/2020;0.3808;0.3810000000000003;1.0;0.7204165461731148;0.3810000000000003;12.0;0.3810000000000003;12.0
17:20:37 30/01/2020;0.3796;0.3810000000000003;1.0;0.7204165461731148;0.3810000000000003;12.0;0.3810000000000003;12.0
23:29:02 30/01/2020;0.3795;0.3800000000000003;1.0;0.7211102550927977;0.3800000000000003;12.0;0.3800000000000003;12.0
04:39:10 31/01/2020;0.3792;0.3800000000000003;1.0;0.7211102550927977;0.3800000000000003;12.0;0.3800000000000003;12.0
09:32:39 31/01/2020;0.3788;0.3800000000000003;1.0;0.7211102550927977;0.3800000000000003;12.0;0.3800000000000003;12.0
16:40:01 31/01/2020;0.3776;0.3790000000000003;1.0;0.7218032973047434;0.3790000000000003;12.0;0.3790000000000003;12.0
23:22:17 31/01/2020;0.3764;0.3780000000000003;1.0;0.7224956747275376;0.3780000000000003;12.0;0.3780000000000003;12.0
23:22:17 31/01/2020;0.3764;0.3780000000000003;1.0;0.7224956747275376;0.3780000000000003;12.0;0.3780000000000003;12.0
04:07:04 01/02/2020;0.3758;0.3780000000000003;1.0;0.7224956747275376;0.3780000000000003;12.0;0.3775000000000003;12.0
09:50:33 01/02/2020;0.3743;0.3770000000000003;1.0;0.7231873892705816;0.3770000000000003;12.0;0.3770000000000003;12.0
17:23:11 01/02/2020;0.3729;0.3750000000000003;1.0;0.7245688373094717;0.3750000000000003;12.0;0.3750000000000003;12.0
23:12:13 01/02/2020;0.3729;0.3730000000000003;1.0;0.7259476565152613;0.3730000000000003;12.0;0.3730000000000003;12.0
00:55:41 02/02/2020;0.372;0.3730000000000003;1.0;0.7259476565152613;0.3730000000000003;12.0;0.3730000000000003;12.0
06:56:09 02/02/2020;0.3706;0.3730000000000003;1.0;0.7259476565152613;0.3730000000000003;12.0;0.3730000000000003;12.0
11:57:17 02/02/2020;0.3699;0.3720000000000003;1.0;0.7266360849833978;0.3720000000000003;12.0;0.3715000000000003;12.0
16:33:42 02/02/2020;0.3691;0.3710000000000003;1.0;0.727323861838727;0.3710000000000003;12.0;0.3705000000000003;12.0
21:52:10 02/02/2020;0.3679;0.3700000000000003;1.0;0.7280109889280517;0.3700000000000003;12.0;0.3700000000000003;12.0
04:01:34 03/02/2020;0.3669;0.3700000000000003;1.0;0.7280109889280517;0.3700000000000003;12.0;0.36900000000000027;12.0
09:19:16 03/02/2020;0.3655;0.36800000000000027;1.0;0.7293833011524187;0.36800000000000027;12.0;0.36800000000000027;12.0
16:10:12 03/02/2020;0.3654;0.36600000000000027;1.0;0.7307530362578043;0.36600000000000027;12.0;0.36600000000000027;12.0
17:14:30 03/02/2020;0.3654;0.36600000000000027;1.0;0.7307530362578043;0.36600000000000027;12.0;0.36600000000000027;12.0
22:52:03 03/02/2020;0.3643;0.36600000000000027;1.0;0.7307530362578043;0.36600000000000027;12.0;0.36600000000000027;12.0
05:26:03 04/02/2020;0.3626;0.36500000000000027;1.0;0.7314369419163894;0.36500000000000027;12.0;0.36400000000000027;12.0
11:01:07 04/02/2020;0.3613;0.36300000000000027;1.0;0.7328028384224502;0.36300000000000027;12.0;0.36300000000000027;12.0
18:20:05 04/02/2020;0.3597;0.36200000000000027;1.0;0.7334848328356898;0.36200000000000027;12.0;0.36200000000000027;12.0
00:44:24 05/02/2020;0.3584;0.36000000000000026;1.0;0.7348469228349533;0.36000000000000026;12.0;0.36000000000000026;12.0
08:08:22 05/02/2020;0.357;0.35900000000000026;1.0;0.7355270219373314;0.35900000000000026;12.0;0.35800000000000026;12.0
13:02:04 05/02/2020;0.3564;0.35700000000000026;1.0;0.7368853370776214;0.35700000000000026;12.0;0.35700000000000026;12.0
19:35:26 05/02/2020;0.3556;0.35700000000000026;1.0;0.7368853370776214;0.35700000000000026;12.0;0.35700000000000026;12.0
00:20:27 06/02/2020;0.3548;0.35700000000000026;1.0;0.7368853370776214;0.35700000000000026;12.0;0.35700000000000026;12.0
07:10:52 06/02/2020;0.3539;0.35600000000000026;1.0;0.7375635565834309;0.35600000000000026;12.0;0.35600000000000026;12.0
13:11:13 06/02/2020;0.3528;0.35400000000000026;1.0;0.7389181280764465;0.35400000000000026;12.0;0.35400000000000026;12.0
18:57:46 06/02/2020;0.3524;0.35400000000000026;1.0;0.7389181280764465;0.35400000000000026;12.0;0.35400000000000026;12.0
23:53:43 06/02/2020;0.3513;0.35300000000000026;1.0;0.7395944834840237;0.35300000000000026;12.0;0.35300000000000026;12.0
04:30:13 07/02/2020;0.3512;0.35300000000000026;1.0;0.7395944834840237;0.35300000000000026;12.0;0.35300000000000026;12.0
11:54:16 07/02/2020;0.3509;0.35200000000000026;1.0;0.7402702209328698;0.35200000000000026;12.0;0.35150000000000026;12.0
17:04:14 07/02/2020;0.3506;0.35100000000000026;1.0;0.740945342113708;0.35100000000000026;12.0;0.35100000000000026;12.0
00:19:43 08/02/2020;0.3505;0.35100000000000026;1.0;0.740945342113708;0.35100000000000026;12.0;0.35100000000000026;12.0
06:11:51 08/02/2020;0.3493;0.35100000000000026;1.0;0.740945342113708;0.35100000000000026;12.0;0.35100000000000026;12.0
11:05:03 08/02/2020;0.3485;0.35100000000000026;1.0;0.740945342113708;0.35100000000000026;12.0;0.35100000000000026;12.0
18:28:55 08/02/2020;0.3475;0.34900000000000025;1.0;0.7422937423958252;0.34900000000000025;12.0;0.34900000000000025;12.0
00:12:38 09/02/2020;0.3468;0.34800000000000025;1.0;0.7429670248402683;0.34800000000000025;12.0;0.34800000000000025;12.0
05:14:20 09/02/2020;0.3461;0.34800000000000025;1.0;0.7429670248402683;0.34800000000000025;12.0;0.34750000000000025;12.0
11:05:51 09/02/2020;0.3451;0.34700000000000025;1.0;0.7436396977031281;0.34700000000000025;12.0;0.34700000000000025;12.0
17:39:48 09/02/2020;0.3445;0.34600000000000025;1.0;0.7443117626371357;0.34600000000000025;12.0;0.34600000000000025;12.0
20:25:43 09/02/2020;0.3445;0.34600000000000025;1.0;0.7443117626371357;0.34600000000000025;12.0;0.34600000000000025;12.0
22:58:26 09/02/2020;0.3443;0.34600000000000025;1.0;0.7443117626371357;0.34600000000000025;12.0;0.34600000000000025;12.0
05:15:22 10/02/2020;0.3432;0.34500000000000025;1.0;0.7449832212875668;0.34500000000000025;12.0;0.34500000000000025;12.0
10:08:36 10/02/2020;0.3426;0.34500000000000025;1.0;0.7449832212875668;0.34500000000000025;12.0;0.34500000000000025;12.0
14:53:22 10/02/2020;0.3428;0.34400000000000025;1.0;0.7456540752922898;0.34400000000000025;12.0;0.34400000000000025;12.0
19:38:37 10/02/2020;0.3426;0.34300000000000025;1.0;0.7463243262818114;0.34300000000000025;12.0;0.34300000000000025;12.0
00:31:33 11/02/2020;0.3429;0.34300000000000025;1.0;0.7463243262818114;0.34300000000000025;12.0;0.34300000000000025;12.0
06:40:02 11/02/2020;0.343;0.34300000000000025;1.0;0.7463243262818114;0.34300000000000025;12.0;0.34300000000000025;12.0
13:30:56 11/02/2020;0.3429;0.34300000000000025;1.0;0.7463243262818114;0.34300000000000025;5.8597222222222225;0.34300000000000025;5.8597222222222225
19:22:31 11/02/2020;0.344;0.34400000000000025;1.0;0.7456540752922898;0.34400000000000025;5.169722222222222;0.34450000000000025;12.0
00:32:42 12/02/2020;0.3446;0.34500000000000025;1.0;0.7449832212875668;0.34500000000000025;12.0;0.34500000000000025;12.0
06:41:37 12/02/2020;0.3443;0.34500000000000025;1.0;0.7449832212875668;0.34500000000000025;12.0;0.34500000000000025;12.0
13:23:43 12/02/2020;0.3439;0.34500000000000025;1.0;0.7449832212875668;0.34500000000000025;12.0;0.34500000000000025;12.0
19:49:12 12/02/2020;0.344;0.34400000000000025;1.0;0.7456540752922898;0.34400000000000025;12.0;0.34400000000000025;12.0
01:24:07 13/02/2020;0.3438;0.34400000000000025;1.0;0.7456540752922898;0.34400000000000025;6.841666666666667;0.34400000000000025;6.841666666666667
08:14:37 13/02/2020;0.3441;0.34500000000000025;1.0;0.7449832212875668;0.34500000000000025;12.0;0.34500000000000025;12.0
13:24:48 13/02/2020;0.3437;0.34500000000000025;1.0;0.7449832212875668;0.34500000000000025;12.0;0.34500000000000025;12.0
19:25:09 13/02/2020;0.344;0.34500000000000025;1.0;0.7449832212875668;0.34500000000000025;12.0;0.34500000000000025;12.0
00:51:38 14/02/2020;0.3432;0.34400000000000025;1.0;0.7456540752922898;0.34400000000000025;12.0;0.34400000000000025;12.0
05:28:33 14/02/2020;0.3433;0.34400000000000025;1.0;0.7456540752922898;0.34400000000000025;12.0;0.34400000000000025;12.0
18:44:35 14/02/2020;0.3431;0.34400000000000025;1.0;0.7456540752922898;0.34400000000000025;12.0;0.34400000000000025;12.0
05:45:02 15/02/2020;0.3425;0.34400000000000025;1.0;0.7456540752922898;0.34400000000000025;12.0;0.34400000000000025;12.0
11:03:08 15/02/2020;0.3419;0.34300000000000025;1.0;0.7463243262818114;0.34300000000000025;12.0;0.34300000000000025;12.0
16:13:03 15/02/2020;0.3411;0.34300000000000025;1.0;0.7463243262818114;0.34300000000000025;12.0;0.34300000000000025;12.0
23:12:10 15/02/2020;0.3405;0.34200000000000025;1.0;0.7469939758793238;0.34200000000000025;12.0;0.34200000000000025;12.0
05:37:33 16/02/2020;0.3401;0.34100000000000025;1.0;0.7476630257007496;0.34100000000000025;12.0;0.34100000000000025;12.0
11:29:16 16/02/2020;0.3394;0.34100000000000025;1.0;0.7476630257007496;0.34100000000000025;12.0;0.34100000000000025;12.0
16:22:53 16/02/2020;0.3388;0.34100000000000025;1.0;0.7476630257007496;0.34100000000000025;12.0;0.34100000000000025;12.0
22:31:03 16/02/2020;0.3385;0.34000000000000025;1.0;0.7483314773547881;0.34000000000000025;12.0;0.34000000000000025;12.0
03:07:33 17/02/2020;0.3382;0.33900000000000025;1.0;0.74899933244296;0.33900000000000025;12.0;0.33900000000000025;12.0
07:52:33 17/02/2020;0.3378;0.33900000000000025;1.0;0.74899933244296;0.33900000000000025;12.0;0.33900000000000025;12.0
15:08:04 17/02/2020;0.3376;0.33800000000000024;1.0;0.7496665925596524;0.33800000000000024;12.0;0.33800000000000024;12.0
21:58:35 17/02/2020;0.3379;0.33800000000000024;1.0;0.7496665925596524;0.33800000000000024;12.0;0.33800000000000024;12.0
04:24:10 18/02/2020;0.3373;0.33800000000000024;1.0;0.7496665925596524;0.33800000000000024;12.0;0.33800000000000024;12.0
10:32:46 18/02/2020;0.3371;0.33800000000000024;1.0;0.7496665925596524;0.33800000000000024;11.03138888888889;0.33800000000000024;11.03138888888889
15:26:02 18/02/2020;0.3372;0.33800000000000024;1.0;0.7496665925596524;0.33800000000000024;6.143611111111111;0.33800000000000024;6.143611111111111
21:34:39 18/02/2020;0.3382;0.33900000000000025;1.0;0.74899933244296;0.33900000000000025;6.835277777777778;0.33900000000000025;6.835277777777778
22:22:42 18/02/2020;0.3382;0.33900000000000025;1.0;0.74899933244296;0.33900000000000025;6.0344444444444445;0.33900000000000025;6.0344444444444445
04:24:46 19/02/2020;0.3393;0.34000000000000025;1.0;0.7483314773547881;0.34000000000000025;12.0;0.34000000000000025;12.0
11:57:39 19/02/2020;0.3391;0.34000000000000025;1.0;0.7483314773547881;0.34000000000000025;12.0;0.34000000000000025;12.0
17:24:23 19/02/2020;0.3392;0.34000000000000025;1.0;0.7483314773547881;0.34000000000000025;12.0;0.34000000000000025;12.0
22:28:16 19/02/2020;0.34;0.34000000000000025;1.0;0.7483314773547881;0.34000000000000025;12.0;0.34000000000000025;12.0
04:47:29 20/02/2020;0.3398;0.34000000000000025;1.0;0.7483314773547881;0.34000000000000025;12.0;0.34000000000000025;12.0
10:22:28 20/02/2020;0.3397;0.34000000000000025;1.0;0.7483314773547881;0.34000000000000025;12.0;0.34000000000000025;12.0
17:21:00 20/02/2020;0.3393;0.34000000000000025;1.0;0.7483314773547881;0.34000000000000025;6.002222222222223;0.34000000000000025;6.002222222222223
23:21:08 20/02/2020;0.3405;0.34100000000000025;1.0;0.7476630257007496;0.34100000000000025;12.0;0.34100000000000025;12.0
05:46:44 21/02/2020;0.3408;0.34100000000000025;1.0;0.7476630257007496;0.34100000000000025;12.0;0.34100000000000025;12.0
11:04:46 21/02/2020;0.3401;0.34100000000000025;1.0;0.7476630257007496;0.34100000000000025;12.0;0.34100000000000025;12.0
16:23:11 21/02/2020;0.3405;0.34100000000000025;1.0;0.7476630257007496;0.34100000000000025;11.165;0.34100000000000025;11.165
22:15:16 21/02/2020;0.3408;0.34100000000000025;1.0;0.7476630257007496;0.34100000000000025;5.296944444444445;0.34100000000000025;5.296944444444445
03:33:05 22/02/2020;0.342;0.34200000000000025;1.0;0.7469939758793238;0.34200000000000025;12.0;0.34200000000000025;12.0
09:08:07 22/02/2020;0.3414;0.34200000000000025;1.0;0.7469939758793238;0.34200000000000025;12.0;0.34200000000000025;12.0
14:01:05 22/02/2020;0.3412;0.34200000000000025;1.0;0.7469939758793238;0.34200000000000025;12.0;0.34200000000000025;12.0
20:18:05 22/02/2020;0.3406;0.34200000000000025;1.0;0.7469939758793238;0.34200000000000025;12.0;0.34200000000000025;12.0
03:17:18 23/02/2020;0.3398;0.34100000000000025;1.0;0.7476630257007496;0.34100000000000025;12.0;0.3406666666666669;12.0
03:44:06 23/02/2020;0.3398;0.34100000000000025;1.0;0.7476630257007496;0.34100000000000025;12.0;0.34050000000000025;12.0
08:18:44 23/02/2020;0.3396;0.34000000000000025;1.0;0.7483314773547881;0.34000000000000025;12.0;0.34000000000000025;12.0
15:25:45 23/02/2020;0.3392;0.34000000000000025;1.0;0.7483314773547881;0.34000000000000025;12.0;0.34000000000000025;12.0
20:35:44 23/02/2020;0.3387;0.34000000000000025;1.0;0.7483314773547881;0.34000000000000025;12.0;0.34000000000000025;12.0
03:09:07 24/02/2020;0.3385;0.34000000000000025;1.0;0.7483314773547881;0.34000000000000025;12.0;0.34000000000000025;12.0
09:59:44 24/02/2020;0.3376;0.33900000000000025;1.0;0.74899933244296;0.33900000000000025;12.0;0.33900000000000025;12.0
14:35:47 24/02/2020;0.3375;0.33900000000000025;1.0;0.74899933244296;0.33900000000000025;12.0;0.3383333333333336;12.0
16:44:07 24/02/2020;0.3375;0.33800000000000024;1.0;0.7496665925596524;0.33800000000000024;12.0;0.33800000000000024;12.0
20:36:04 24/02/2020;0.3378;0.33800000000000024;1.0;0.7496665925596524;0.33800000000000024;12.0;0.33800000000000024;12.0
02:52:35 25/02/2020;0.338;0.33800000000000024;1.0;0.7496665925596524;0.33800000000000024;12.0;0.33800000000000024;12.0
09:00:59 25/02/2020;0.3373;0.33800000000000024;1.0;0.7496665925596524;0.33800000000000024;12.0;0.33800000000000024;12.0
13:37:29 25/02/2020;0.3371;0.33800000000000024;1.0;0.7496665925596524;0.33800000000000024;12.0;0.33800000000000024;12.0
19:12:30 25/02/2020;0.3376;0.33800000000000024;1.0;0.7496665925596524;0.33800000000000024;12.0;0.33800000000000024;12.0
00:47:29 26/02/2020;0.3375;0.33800000000000024;1.0;0.7496665925596524;0.33800000000000024;12.0;0.33800000000000024;12.0
05:43:37 26/02/2020;0.3375;0.33800000000000024;1.0;0.7496665925596524;0.33800000000000024;12.0;0.33800000000000024;12.0
06:22:35 26/02/2020;0.3369;0.33800000000000024;1.0;0.7496665925596524;0.33800000000000024;12.0;0.33800000000000024;12.0
11:24:35 26/02/2020;0.3368;0.33800000000000024;1.0;0.7496665925596524;0.33800000000000024;12.0;0.33800000000000024;12.0
18:56:34 26/02/2020;0.337;0.33700000000000024;1.0;0.7503332592921627;0.33700000000000024;6.428055555555556;0.33700000000000024;6.428055555555556
01:22:15 27/02/2020;0.3377;0.33800000000000024;1.0;0.7496665925596524;0.33800000000000024;11.721944444444444;0.33800000000000024;11.721944444444444
07:14:10 27/02/2020;0.3379;0.33800000000000024;1.0;0.7496665925596524;0.33800000000000024;5.8566666666666665;0.33850000000000025;12.0
13:05:34 27/02/2020;0.3383;0.33900000000000025;1.0;0.74899933244296;0.33900000000000025;7.066666666666666;0.33900000000000025;7.066666666666666
20:09:34 27/02/2020;0.3398;0.34000000000000025;1.0;0.7483314773547881;0.34000000000000025;6.109166666666667;0.34000000000000025;6.109166666666667
02:16:07 28/02/2020;0.341;0.34100000000000025;1.0;0.7476630257007496;0.34100000000000025;12.0;0.34100000000000025;12.0
07:00:38 28/02/2020;0.3404;0.34100000000000025;1.0;0.7476630257007496;0.34100000000000025;12.0;0.34100000000000025;12.0
12:11:04 28/02/2020;0.3405;0.34100000000000025;1.0;0.7476630257007496;0.34100000000000025;11.016666666666667;0.34100000000000025;11.016666666666667
18:27:36 28/02/2020;0.341;0.34100000000000025;1.0;0.7476630257007496;0.34100000000000025;4.7411111111111115;0.34100000000000025;4.7411111111111115
23:12:04 28/02/2020;0.3425;0.34300000000000025;1.0;0.7463243262818114;0.34300000000000025;12.0;0.34300000000000025;12.0
04:05:11 29/02/2020;0.3414;0.34300000000000025;1.0;0.7463243262818114;0.34300000000000025;12.0;0.34300000000000025;12.0
08:41:56 29/02/2020;0.341;0.34300000000000025;1.0;0.7463243262818114;0.34300000000000025;12.0;0.34250000000000025;12.0
14:00:10 29/02/2020;0.3405;0.34200000000000025;1.0;0.7469939758793238;0.34200000000000025;12.0;0.34200000000000025;12.0
21:15:28 29/02/2020;0.3399;0.34100000000000025;1.0;0.7476630257007496;0.34100000000000025;12.0;0.34100000000000025;12.0
21:15:28 29/02/2020;0.3399;0.34100000000000025;1.0;0.7476630257007496;0.34100000000000025;12.0;0.34100000000000025;12.0
02:50:58 01/03/2020;0.3393;0.34000000000000025;1.0;0.7483314773547881;0.34000000000000025;12.0;0.34000000000000025;12.0
08:42:17 01/03/2020;0.339;0.34000000000000025;1.0;0.7483314773547881;0.34000000000000025;12.0;0.34000000000000025;12.0
14:00:49 01/03/2020;0.3386;0.34000000000000025;1.0;0.7483314773547881;0.34000000000000025;12.0;0.33950000000000025;12.0
18:43:41 01/03/2020;0.3386;0.33900000000000025;1.0;0.74899933244296;0.33900000000000025;12.0;0.33900000000000025;12.0
20:34:32 01/03/2020;0.339;0.33900000000000025;1.0;0.74899933244296;0.33900000000000025;12.0;0.33900000000000025;12.0
02:34:44 02/03/2020;0.3381;0.33900000000000025;1.0;0.74899933244296;0.33900000000000025;12.0;0.33900000000000025;12.0
09:50:15 02/03/2020;0.3379;0.33900000000000025;1.0;0.74899933244296;0.33900000000000025;11.578888888888889;0.33900000000000025;11.578888888888889
14:25:59 02/03/2020;0.3381;0.33900000000000025;1.0;0.74899933244296;0.33900000000000025;6.983333333333333;0.33900000000000025;6.983333333333333
21:24:59 02/03/2020;0.34;0.34000000000000025;1.0;0.7483314773547881;0.34000000000000025;5.301666666666667;0.34000000000000025;5.301666666666667
02:43:05 03/03/2020;0.3407;0.34100000000000025;1.0;0.7476630257007496;0.34100000000000025;5.302222222222222;0.34200000000000025;12.0
08:01:13 03/03/2020;0.3425;0.34300000000000025;1.0;0.7463243262818114;0.34300000000000025;12.0;0.34300000000000025;12.0
14:43:14 03/03/2020;0.3414;0.34300000000000025;1.0;0.7463243262818114;0.34300000000000025;12.0;0.34300000000000025;12.0
20:43:44 03/03/2020;0.3411;0.34200000000000025;1.0;0.7469939758793238;0.34200000000000025;12.0;0.34200000000000025;12.0
03:33:41 04/03/2020;0.3419;0.34200000000000025;1.0;0.7469939758793238;0.34200000000000025;12.0;0.34200000000000025;12.0
08:27:05 04/03/2020;0.3414;0.34200000000000025;1.0;0.7469939758793238;0.34200000000000025;12.0;0.34200000000000025;12.0
14:35:34 04/03/2020;0.3417;0.34200000000000025;1.0;0.7469939758793238;0.34200000000000025;12.0;0.34200000000000025;12.0
19:12:42 04/03/2020;0.342;0.34200000000000025;1.0;0.7469939758793238;0.34200000000000025;7.526111111111111;0.34200000000000025;7.526111111111111
02:44:16 05/03/2020;0.3447;0.34500000000000025;1.0;0.7449832212875668;0.34500000000000025;11.725;0.34500000000000025;11.725
09:51:04 05/03/2020;0.345;0.34500000000000025;1.0;0.7449832212875668;0.34500000000000025;4.611666666666666;0.34500000000000025;4.611666666666666
14:27:46 05/03/2020;0.3462;0.34700000000000025;1.0;0.7436396977031281;0.34700000000000025;12.0;0.34700000000000025;12.0
19:12:35 05/03/2020;0.3459;0.34700000000000025;1.0;0.7436396977031281;0.34700000000000025;12.0;0.34700000000000025;12.0
02:28:14 06/03/2020;0.3464;0.34700000000000025;1.0;0.7436396977031281;0.34700000000000025;12.0;0.34700000000000025;12.0
09:27:07 06/03/2020;0.3467;0.34700000000000025;1.0;0.7436396977031281;0.34700000000000025;10.6025;0.34700000000000025;10.6025
20:03:16 06/03/2020;0.3475;0.34800000000000025;1.0;0.7429670248402683;0.34800000000000025;5.166111111111111;0.34800000000000025;5.166111111111111
01:13:14 07/03/2020;0.3481;0.34900000000000025;1.0;0.7422937423958252;0.34900000000000025;12.0;0.34900000000000025;12.0
07:05:14 07/03/2020;0.3486;0.34900000000000025;1.0;0.7422937423958252;0.34900000000000025;12.0;0.34900000000000025;12.0
13:05:02 07/03/2020;0.349;0.34900000000000025;1.0;0.7422937423958252;0.34900000000000025;12.0;0.34900000000000025;12.0
19:55:43 07/03/2020;0.3482;0.34900000000000025;1.0;0.7422937423958252;0.34900000000000025;12.0;0.34900000000000025;12.0
03:19:25 08/03/2020;0.3489;0.34900000000000025;1.0;0.7422937423958252;0.34900000000000025;12.0;0.34900000000000025;12.0
08:04:09 08/03/2020;0.3482;0.34900000000000025;1.0;0.7422937423958252;0.34900000000000025;12.0;0.34900000000000025;12.0
20:55:06 08/03/2020;0.3491;0.35000000000000026;1.0;0.7416198487095662;0.35000000000000026;12.0;0.35000000000000026;12.0
02:10:52 09/03/2020;0.3491;0.35000000000000026;1.0;0.7416198487095662;0.35000000000000026;12.0;0.35000000000000026;12.0
02:21:49 09/03/2020;0.3492;0.35000000000000026;1.0;0.7416198487095662;0.35000000000000026;12.0;0.35000000000000026;12.0
15:20:04 09/03/2020;0.35;0.35000000000000026;1.0;0.7416198487095662;0.35000000000000026;5.31;0.35100000000000026;12.0
20:38:40 09/03/2020;0.3513;0.35200000000000026;1.0;0.7402702209328698;0.35200000000000026;7.114722222222222;0.35200000000000026;7.114722222222222
03:45:33 10/03/2020;0.3524;0.35300000000000026;1.0;0.7395944834840237;0.35300000000000026;11.522777777777778;0.35300000000000026;11.522777777777778
10:02:33 10/03/2020;0.3525;0.35300000000000026;1.0;0.7395944834840237;0.35300000000000026;5.239444444444445;0.35300000000000026;5.239444444444445
15:16:55 10/03/2020;0.3544;0.35500000000000026;1.0;0.7382411530116698;0.35500000000000026;5.889444444444444;0.35600000000000026;12.0
21:10:17 10/03/2020;0.3568;0.35700000000000026;1.0;0.7368853370776214;0.35700000000000026;12.0;0.35700000000000026;12.0
10:29:21 11/03/2020;0.3577;0.35800000000000026;1.0;0.7362064927722384;0.35800000000000026;6.008055555555556;0.35800000000000026;6.008055555555556
16:29:50 11/03/2020;0.3588;0.35900000000000026;1.0;0.7355270219373314;0.35900000000000026;4.609444444444445;0.36000000000000026;10.622777777777777
21:06:24 11/03/2020;0.3603;0.36100000000000027;1.0;0.7341661937191059;0.36100000000000027;6.013333333333334;0.36100000000000027;6.013333333333334
03:07:12 12/03/2020;0.3612;0.36200000000000027;1.0;0.7334848328356898;0.36200000000000027;10.187777777777777;0.36200000000000027;10.187777777777777
07:43:18 12/03/2020;0.3618;0.36200000000000027;1.0;0.7334848328356898;0.36200000000000027;5.586111111111111;0.36250000000000027;12.0
13:18:28 12/03/2020;0.3623;0.36300000000000027;1.0;0.7328028384224502;0.36300000000000027;7.265555555555555;0.36300000000000027;7.265555555555555
20:34:24 12/03/2020;0.3641;0.36500000000000027;1.0;0.7314369419163894;0.36500000000000027;6.990555555555556;0.36500000000000027;6.990555555555556
03:33:50 13/03/2020;0.3664;0.36700000000000027;1.0;0.730068489937759;0.36700000000000027;12.0;0.36700000000000027;12.0
09:34:17 13/03/2020;0.3669;0.36700000000000027;1.0;0.730068489937759;0.36700000000000027;11.31611111111111;0.36700000000000027;11.31611111111111
14:10:24 13/03/2020;0.3664;0.36700000000000027;1.0;0.730068489937759;0.36700000000000027;6.714166666666666;0.36700000000000027;6.714166666666666
20:53:15 13/03/2020;0.3675;0.36800000000000027;1.0;0.7293833011524187;0.36800000000000027;12.0;0.36800000000000027;12.0
08:37:26 14/03/2020;0.3666;0.36800000000000027;1.0;0.7293833011524187;0.36800000000000027;12.0;0.36800000000000027;12.0
15:19:38 14/03/2020;0.3664;0.36700000000000027;1.0;0.730068489937759;0.36700000000000027;12.0;0.36700000000000027;12.0
21:45:18 14/03/2020;0.3661;0.36700000000000027;1.0;0.730068489937759;0.36700000000000027;12.0;0.36700000000000027;12.0
02:46:31 15/03/2020;0.3659;0.36700000000000027;1.0;0.730068489937759;0.36700000000000027;12.0;0.36700000000000027;12.0
09:38:07 15/03/2020;0.3655;0.36700000000000027;1.0;0.730068489937759;0.36700000000000027;12.0;0.36700000000000027;12.0
16:28:42 15/03/2020;0.3652;0.36600000000000027;1.0;0.7307530362578043;0.36600000000000027;12.0;0.36600000000000027;12.0
07:00:15 16/03/2020;0.3646;0.36500000000000027;1.0;0.7314369419163894;0.36500000000000027;12.0;0.36500000000000027;12.0
14:16:15 16/03/2020;0.3645;0.36500000000000027;1.0;0.7314369419163894;0.36500000000000027;12.0;0.36500000000000027;12.0
03:41:10 17/03/2020;0.3639;0.36400000000000027;1.0;0.7321202087089249;0.36400000000000027;12.0;0.36400000000000027;12.0
08:18:15 17/03/2020;0.364;0.36400000000000027;1.0;0.7321202087089249;0.36400000000000027;12.0;0.36400000000000027;12.0
13:30:29 17/03/2020;0.364;0.36400000000000027;1.0;0.7321202087089249;0.36400000000000027;12.0;0.36400000000000027;12.0
14:44:17 17/03/2020;0.3635;0.36400000000000027;1.0;0.7321202087089249;0.36400000000000027;12.0;0.36400000000000027;12.0
21:08:41 17/03/2020;0.3635;0.36400000000000027;1.0;0.7321202087089249;0.36400000000000027;12.0;0.36400000000000027;12.0
02:44:45 18/03/2020;0.3633;0.36400000000000027;1.0;0.7321202087089249;0.36400000000000027;12.0;0.36400000000000027;12.0
09:10:42 18/03/2020;0.362;0.36400000000000027;1.0;0.7321202087089249;0.36400000000000027;12.0;0.36300000000000027;12.0
14:55:03 18/03/2020;0.3615;0.36200000000000027;1.0;0.7334848328356898;0.36200000000000027;12.0;0.36200000000000027;12.0
22:28:22 18/03/2020;0.3607;0.36200000000000027;1.0;0.7334848328356898;0.36200000000000027;12.0;0.36200000000000027;12.0
04:37:14 19/03/2020;0.3597;0.36100000000000027;1.0;0.7341661937191059;0.36100000000000027;12.0;0.36100000000000027;12.0
10:55:13 19/03/2020;0.3576;0.36000000000000026;1.0;0.7348469228349533;0.36000000000000026;12.0;0.36000000000000026;12.0
17:12:50 19/03/2020;0.3564;0.35800000000000026;1.0;0.7362064927722384;0.35800000000000026;12.0;0.35800000000000026;12.0
22:06:45 19/03/2020;0.3552;0.35800000000000026;1.0;0.7362064927722384;0.35800000000000026;12.0;0.35800000000000026;12.0
04:08:03 20/03/2020;0.3539;0.35700000000000026;1.0;0.7368853370776214;0.35700000000000026;12.0;0.35700000000000026;12.0
10:25:14 20/03/2020;0.3533;0.35400000000000026;1.0;0.7389181280764465;0.35400000000000026;12.0;0.35400000000000026;12.0
17:16:13 20/03/2020;0.3529;0.35400000000000026;1.0;0.7389181280764465;0.35400000000000026;12.0;0.35400000000000026;12.0
23:58:45 20/03/2020;0.3527;0.35300000000000026;1.0;0.7395944834840237;0.35300000000000026;12.0;0.35300000000000026;12.0
06:50:13 21/03/2020;0.3517;0.35300000000000026;1.0;0.7395944834840237;0.35300000000000026;12.0;0.35300000000000026;12.0
11:35:36 21/03/2020;0.3508;0.35300000000000026;1.0;0.7395944834840237;0.35300000000000026;12.0;0.35300000000000026;12.0
16:37:15 21/03/2020;0.3505;0.35200000000000026;1.0;0.7402702209328698;0.35200000000000026;12.0;0.35150000000000026;12.0
22:12:44 21/03/2020;0.3498;0.35100000000000026;1.0;0.740945342113708;0.35100000000000026;12.0;0.35100000000000026;12.0
05:04:16 22/03/2020;0.3484;0.35000000000000026;1.0;0.7416198487095662;0.35000000000000026;12.0;0.35000000000000026;12.0
18:29:15 22/03/2020;0.3474;0.34800000000000025;1.0;0.7429670248402683;0.34800000000000025;12.0;0.34800000000000025;12.0
01:37:09 23/03/2020;0.348;0.34800000000000025;1.0;0.7429670248402683;0.34800000000000025;12.0;0.34800000000000025;12.0
07:37:38 23/03/2020;0.3473;0.34800000000000025;1.0;0.7429670248402683;0.34800000000000025;12.0;0.34800000000000025;12.0
19:22:37 23/03/2020;0.3466;0.34800000000000025;1.0;0.7429670248402683;0.34800000000000025;12.0;0.34800000000000025;12.0
06:16:54 24/03/2020;0.3469;0.34700000000000025;1.0;0.7436396977031281;0.34700000000000025;12.0;0.34700000000000025;12.0
11:01:49 24/03/2020;0.3461;0.34700000000000025;1.0;0.7436396977031281;0.34700000000000025;12.0;0.34700000000000025;12.0
17:41:46 24/03/2020;0.346;0.34700000000000025;1.0;0.7436396977031281;0.34700000000000025;12.0;0.34700000000000025;12.0
00:43:15 25/03/2020;0.3454;0.34600000000000025;1.0;0.7443117626371357;0.34600000000000025;12.0;0.34600000000000025;12.0
07:59:15 25/03/2020;0.3439;0.34600000000000025;1.0;0.7443117626371357;0.34600000000000025;12.0;0.34600000000000025;12.0
14:00:11 25/03/2020;0.3434;0.34400000000000025;1.0;0.7456540752922898;0.34400000000000025;12.0;0.34400000000000025;12.0
20:21:55 25/03/2020;0.3422;0.34400000000000025;1.0;0.7456540752922898;0.34400000000000025;12.0;0.34400000000000025;12.0
03:04:05 26/03/2020;0.3417;0.34300000000000025;1.0;0.7463243262818114;0.34300000000000025;12.0;0.34300000000000025;12.0
09:29:14 26/03/2020;0.3413;0.34200000000000025;1.0;0.7469939758793238;0.34200000000000025;12.0;0.34200000000000025;12.0
19:32:52 26/03/2020;0.3411;0.34200000000000025;1.0;0.7469939758793238;0.34200000000000025;12.0;0.34200000000000025;12.0
02:49:00 27/03/2020;0.3406;0.34200000000000025;1.0;0.7469939758793238;0.34200000000000025;12.0;0.34150000000000025;12.0
07:59:05 27/03/2020;0.3399;0.34100000000000025;1.0;0.7476630257007496;0.34100000000000025;12.0;0.34100000000000025;12.0
14:33:04 27/03/2020;0.3395;0.34100000000000025;1.0;0.7476630257007496;0.34100000000000025;12.0;0.34100000000000025;12.0
21:49:15 27/03/2020;0.3408;0.34100000000000025;1.0;0.7476630257007496;0.34100000000000025;6.704444444444444;0.34100000000000025;6.704444444444444
04:31:31 28/03/2020;0.3412;0.34200000000000025;1.0;0.7469939758793238;0.34200000000000025;4.752222222222223;0.34250000000000025;11.033333333333333
09:16:39 28/03/2020;0.3422;0.34300000000000025;1.0;0.7463243262818114;0.34300000000000025;6.2811111111111115;0.34300000000000025;6.2811111111111115
15:33:31 28/03/2020;0.3435;0.34400000000000025;1.0;0.7456540752922898;0.34400000000000025;5.4558333333333335;0.34400000000000025;5.4558333333333335
21:00:52 28/03/2020;0.3445;0.34500000000000025;1.0;0.7449832212875668;0.34500000000000025;4.603611111111111;0.34550000000000025;10.200277777777778
01:37:05 29/03/2020;0.3454;0.34600000000000025;1.0;0.7443117626371357;0.34600000000000025;5.596666666666667;0.34650000000000025;12.0
07:12:53 29/03/2020;0.3464;0.34700000000000025;1.0;0.7436396977031281;0.34700000000000025;7.536944444444444;0.34700000000000025;7.536944444444444
14:45:06 29/03/2020;0.3479;0.34800000000000025;1.0;0.7429670248402683;0.34800000000000025;6.0119444444444445;0.34800000000000025;6.0119444444444445
20:45:49 29/03/2020;0.3486;0.34900000000000025;1.0;0.7422937423958252;0.34900000000000025;6.013888888888889;0.34900000000000025;6.013888888888889
02:46:39 30/03/2020;0.3492;0.35000000000000026;1.0;0.7416198487095662;0.35000000000000026;7.405555555555556;0.35000000000000026;7.405555555555556
10:10:59 30/03/2020;0.3501;0.35100000000000026;1.0;0.740945342113708;0.35100000000000026;12.0;0.35100000000000026;12.0
16:36:28 30/03/2020;0.3505;0.35100000000000026;1.0;0.740945342113708;0.35100000000000026;12.0;0.35100000000000026;12.0
21:29:52 30/03/2020;0.3502;0.35100000000000026;1.0;0.740945342113708;0.35100000000000026;12.0;0.35100000000000026;12.0
02:31:27 31/03/2020;0.3501;0.35100000000000026;1.0;0.740945342113708;0.35100000000000026;12.0;0.35100000000000026;12.0
07:24:52 31/03/2020;0.3502;0.35100000000000026;1.0;0.740945342113708;;;;
13:34:03 31/03/2020;0.3509;0.35100000000000026;1.0;0.740945342113708;;;;
19:19:42 31/03/2020;0.3512;0.35200000000000026;1.0;0.7402702209328698;;;;
