13:50:42 01/01/2020;Wednesday;0.1671;0.16800000000000012;1.0;0.6033241251599342;0.9563554786044605;1.0;0.16800000000000012;12.0;1.0;1.0;0.16800000000000012;12.0;1.0;1.0;0.16800000000000012;12.0;1.0;Now
20:24:20 01/01/2020;Wednesday;0.1666;0.16800000000000012;1.0;0.6033241251599342;0.9563554786044605;1.0;0.16800000000000012;12.0;1.0;1.0;0.16750000000000012;12.0;1.0;1.0;0.16800000000000012;12.0;1.0;Now
03:22:48 02/01/2020;Thursday;0.1659;0.16700000000000012;1.0;0.6041522986797285;0.9651082488841563;1.0;0.16700000000000012;12.0;1.0;1.0;0.16650000000000012;12.0;1.0;1.0;0.16700000000000012;12.0;1.0;Now
09:31:21 02/01/2020;Thursday;0.1656;0.16600000000000012;1.0;0.6049793384901668;0.9738490372574998;1.0;0.16600000000000012;12.0;1.0;1.0;0.16600000000000012;12.0;1.0;1.0;0.16600000000000012;12.0;1.0;Now
16:22:17 02/01/2020;Thursday;0.1651;0.16600000000000012;1.0;0.6049793384901668;0.9738490372574998;1.0;0.16600000000000012;12.0;1.0;1.0;0.16600000000000012;12.0;1.0;1.0;0.16600000000000012;12.0;1.0;Now
20:58:20 02/01/2020;Thursday;0.1645;0.16600000000000012;1.0;0.6049793384901668;0.9738490372574998;1.0;0.16600000000000012;12.0;1.0;1.0;0.16550000000000012;12.0;1.0;1.0;0.16600000000000012;12.0;1.0;Now
02:25:23 03/01/2020;Friday;0.1643;0.16600000000000012;1.0;0.6049793384901668;0.9738490372574998;1.0;0.16600000000000012;12.0;1.0;1.0;0.16525000000000012;12.0;1.0;1.0;0.16550000000000012;12.0;1.0;Now
06:52:01 03/01/2020;Friday;0.1643;0.16500000000000012;1.0;0.6058052492344382;0.9825778927972607;1.0;0.16500000000000012;12.0;1.0;1.0;0.16500000000000012;12.0;1.0;1.0;0.16500000000000012;12.0;1.0;Now
08:00:04 03/01/2020;Friday;0.1644;0.16500000000000012;1.0;0.6058052492344382;0.9825778927972607;1.0;0.16500000000000012;12.0;1.0;1.0;0.16500000000000012;12.0;1.0;1.0;0.16500000000000012;12.0;1.0;Now
13:35:05 03/01/2020;Friday;0.1643;0.16500000000000012;1.0;0.6058052492344382;0.9825778927972607;1.0;0.16500000000000012;12.0;1.0;1.0;0.16500000000000012;12.0;1.0;1.0;0.16500000000000012;12.0;1.0;Now
18:20:00 03/01/2020;Friday;0.1641;0.16500000000000012;1.0;0.6058052492344382;0.9825778927972607;1.0;0.16500000000000012;12.0;1.0;1.0;0.16500000000000012;12.0;1.0;1.0;0.16500000000000012;12.0;1.0;Now
23:29:59 03/01/2020;Friday;0.164;0.16500000000000012;1.0;0.6058052492344382;0.9825778927972607;1.0;0.16500000000000012;12.0;1.0;1.0;0.16466666666666677;12.0;1.0;1.0;0.16500000000000012;12.0;1.0;Now
04:23:00 04/01/2020;Saturday;0.1637;0.16500000000000012;1.0;0.6058052492344382;0.9825778927972607;1.0;0.16500000000000012;12.0;1.0;1.0;0.16433333333333344;12.0;1.0;1.0;0.16500000000000012;12.0;1.0;Now
10:31:37 04/01/2020;Saturday;0.1635;0.16400000000000012;1.0;0.606630035524124;0.9912948642421512;1.0;0.16400000000000012;12.0;1.0;1.0;0.16400000000000012;12.0;1.0;1.0;0.16400000000000012;12.0;1.0;Now
15:07:59 04/01/2020;Saturday;0.1633;0.16400000000000012;1.0;0.606630035524124;0.9912948642421512;1.0;0.16400000000000012;12.0;1.0;1.0;0.16400000000000012;12.0;1.0;1.0;0.16400000000000012;12.0;1.0;Now
18:55:47 04/01/2020;Saturday;0.1633;0.16400000000000012;1.0;0.606630035524124;0.9912948642421512;1.0;0.16400000000000012;12.0;1.0;1.0;0.16400000000000012;12.0;1.0;1.0;0.16400000000000012;12.0;1.0;Now
20:59:52 04/01/2020;Saturday;0.1632;0.16400000000000012;1.0;0.606630035524124;0.9912948642421512;1.0;0.16400000000000012;12.0;1.0;1.0;0.16400000000000012;12.0;1.0;1.0;0.16400000000000012;12.0;1.0;Now
04:06:53 05/01/2020;Sunday;0.1634;0.16400000000000012;1.0;0.606630035524124;0.9912948642421512;1.0;0.16400000000000012;12.0;1.0;1.0;0.16400000000000012;12.0;1.0;1.0;0.16400000000000012;12.0;1.0;Now
16:32:29 05/01/2020;Sunday;0.1633;0.16400000000000012;1.0;0.606630035524124;0.9912948642421512;1.0;0.16400000000000012;12.0;1.0;1.0;0.16400000000000012;12.0;1.0;1.0;0.16400000000000012;12.0;1.0;Now
22:15:55 05/01/2020;Sunday;0.1636;0.16400000000000012;1.0;0.606630035524124;0.9912948642421512;1.0;0.16400000000000012;12.0;1.0;1.0;0.16400000000000012;12.0;1.0;1.0;0.16400000000000012;12.0;1.0;Now
04:40:58 06/01/2020;Monday;0.1633;0.16400000000000012;1.0;0.606630035524124;0.9912948642421512;1.0;0.16400000000000012;12.0;1.0;1.0;0.16400000000000012;12.0;1.0;1.0;0.16400000000000012;12.0;1.0;Now
07:55:17 06/01/2020;Monday;0.1633;0.16400000000000012;1.0;0.606630035524124;0.9912948642421512;1.0;0.16400000000000012;12.0;1.0;1.0;0.16400000000000012;12.0;1.0;1.0;0.16400000000000012;12.0;1.0;Now
11:23:23 06/01/2020;Monday;0.1634;0.16400000000000012;1.0;0.606630035524124;0.9912948642421512;1.0;0.16400000000000012;12.0;1.0;1.0;0.16400000000000012;12.0;1.0;1.0;0.16400000000000012;12.0;1.0;Now
16:41:20 06/01/2020;Monday;0.1631;0.16400000000000012;1.0;0.606630035524124;0.9912948642421512;1.0;0.16400000000000012;12.0;1.0;1.0;0.16400000000000012;12.0;1.0;1.0;0.16400000000000012;12.0;1.0;Now
02:27:06 07/01/2020;Tuesday;0.1631;0.16400000000000012;1.0;0.606630035524124;0.9912948642421512;1.0;0.16400000000000012;12.0;1.0;1.0;0.16400000000000012;12.0;1.0;1.0;0.16400000000000012;12.0;1.0;Now
03:09:25 07/01/2020;Tuesday;0.1629;0.16400000000000012;1.0;0.606630035524124;0.9912948642421512;1.0;0.16400000000000012;12.0;1.0;1.0;0.16400000000000012;12.0;1.0;1.0;0.16400000000000012;12.0;1.0;Now
09:34:57 07/01/2020;Tuesday;0.1628;0.16400000000000012;1.0;0.606630035524124;0.9912948642421512;1.0;0.16400000000000012;12.0;1.0;1.0;0.16333333333333344;12.0;1.0;1.0;0.16400000000000012;12.0;1.0;Now
15:34:57 07/01/2020;Tuesday;0.1629;0.16300000000000012;1.0;0.6074537019394975;1.0;1.0;0.16300000000000012;12.0;1.0;1.0;0.16300000000000012;12.0;1.0;1.0;0.16300000000000012;12.0;1.0;Now
20:10:59 07/01/2020;Tuesday;0.1628;0.16300000000000012;1.0;0.6074537019394975;1.0;1.0;0.16300000000000012;12.0;1.0;1.0;0.16300000000000012;12.0;1.0;1.0;0.16300000000000012;12.0;1.0;Now
02:52:54 08/01/2020;Wednesday;0.1627;0.16300000000000012;1.0;0.6074537019394975;1.0;1.0;0.16300000000000012;12.0;1.0;1.0;0.16300000000000012;12.0;1.0;1.0;0.16300000000000012;12.0;1.0;Now
15:10:34 08/01/2020;Wednesday;0.1625;0.16300000000000012;1.0;0.6074537019394975;1.0;1.0;0.16300000000000012;12.0;1.0;1.0;0.16300000000000012;12.0;1.0;1.0;0.16300000000000012;12.0;1.0;Now
20:28:27 08/01/2020;Wednesday;0.1627;0.16300000000000012;1.0;0.6074537019394975;1.0;0.8962037037037037;0.16300000000000012;10.754444444444445;0.8962037037037037;1.0;0.16333333333333344;12.0;1.0;0.8962037037037037;0.16300000000000012;10.754444444444445;0.8962037037037037;Now
01:05:13 09/01/2020;Thursday;0.163;0.16300000000000012;1.0;0.6074537019394975;1.0;0.570162037037037;0.16300000000000012;6.141666666666667;0.5118055555555555;1.0;0.16366666666666677;12.0;1.0;0.570162037037037;0.16300000000000012;6.141666666666667;0.5118055555555555;Now
07:13:43 09/01/2020;Thursday;0.1631;0.16400000000000012;1.0;0.606630035524124;0.9912948642421512;1.0;0.16400000000000012;12.0;1.0;1.0;0.16400000000000012;12.0;1.0;1.0;0.16400000000000012;12.0;1.0;Now
12:23:12 09/01/2020;Thursday;0.163;0.16400000000000012;1.0;0.606630035524124;0.9912948642421512;1.0;0.16400000000000012;12.0;1.0;1.0;0.16400000000000012;12.0;1.0;1.0;0.16400000000000012;12.0;1.0;Now
18:40:15 09/01/2020;Thursday;0.1633;0.16400000000000012;1.0;0.606630035524124;0.9912948642421512;1.0;0.16400000000000012;12.0;1.0;1.0;0.16400000000000012;12.0;1.0;1.0;0.16400000000000012;12.0;1.0;Now
01:47:37 10/01/2020;Friday;0.1636;0.16400000000000012;1.0;0.606630035524124;0.9912948642421512;1.0;0.16400000000000012;12.0;1.0;1.0;0.16400000000000012;12.0;1.0;1.0;0.16400000000000012;12.0;1.0;Now
06:32:42 10/01/2020;Friday;0.1635;0.16400000000000012;1.0;0.606630035524124;0.9912948642421512;1.0;0.16400000000000012;12.0;1.0;1.0;0.16400000000000012;12.0;1.0;1.0;0.16400000000000012;12.0;1.0;Now
16:18:36 10/01/2020;Friday;0.1638;0.16400000000000012;1.0;0.606630035524124;0.9912948642421512;0.41939814814814813;0.16400000000000012;5.032777777777778;0.41939814814814813;1.0;0.16466666666666677;12.0;1.0;0.41939814814814813;0.16400000000000012;5.032777777777778;0.41939814814814813;Now
21:20:34 10/01/2020;Friday;0.1641;0.16500000000000012;1.0;0.6058052492344382;0.9825778927972607;1.0;0.16500000000000012;12.0;1.0;1.0;0.16500000000000012;12.0;1.0;1.0;0.16500000000000012;12.0;1.0;Now
03:03:40 11/01/2020;Saturday;0.1645;0.16500000000000012;1.0;0.6058052492344382;0.9825778927972607;0.8498611111111111;0.16500000000000012;10.198333333333334;0.8498611111111111;1.0;0.16533333333333344;12.0;1.0;0.8498611111111111;0.16500000000000012;10.198333333333334;0.8498611111111111;Now
07:48:33 11/01/2020;Saturday;0.1648;0.16500000000000012;1.0;0.6058052492344382;0.9825778927972607;0.4541898148148148;0.16500000000000012;5.450277777777778;0.4541898148148148;1.0;0.16550000000000012;12.0;1.0;1.0;0.16550000000000012;12.0;1.0;Now
13:15:34 11/01/2020;Saturday;0.1651;0.16600000000000012;1.0;0.6049793384901668;0.9738490372574998;1.0;0.16600000000000012;12.0;1.0;1.0;0.16600000000000012;12.0;1.0;1.0;0.16600000000000012;12.0;1.0;Now
00:50:17 12/01/2020;Sunday;0.1657;0.16600000000000012;1.0;0.6049793384901668;0.9738490372574998;1.0;0.16600000000000012;12.0;1.0;1.0;0.16600000000000012;12.0;1.0;1.0;0.16600000000000012;12.0;1.0;Now
06:08:48 12/01/2020;Sunday;0.1655;0.16600000000000012;1.0;0.6049793384901668;0.9738490372574998;1.0;0.16600000000000012;12.0;1.0;1.0;0.16600000000000012;12.0;1.0;1.0;0.16600000000000012;12.0;1.0;Now
11:35:17 12/01/2020;Sunday;0.1656;0.16600000000000012;1.0;0.6049793384901668;0.9738490372574998;1.0;0.16600000000000012;12.0;1.0;1.0;0.16600000000000012;12.0;1.0;1.0;0.16600000000000012;12.0;1.0;Now
17:26:55 12/01/2020;Sunday;0.1657;0.16600000000000012;1.0;0.6049793384901668;0.9738490372574998;0.5120370370370371;0.16600000000000012;6.144444444444445;0.5120370370370371;1.0;0.16666666666666677;12.0;1.0;0.5120370370370371;0.16600000000000012;6.144444444444445;0.5120370370370371;Now
23:35:35 12/01/2020;Sunday;0.1661;0.16700000000000012;1.0;0.6041522986797285;0.9651082488841563;1.0;0.16700000000000012;12.0;1.0;1.0;0.16700000000000012;12.0;1.0;1.0;0.16700000000000012;12.0;1.0;Now
05:18:54 13/01/2020;Monday;0.1662;0.16700000000000012;1.0;0.6041522986797285;0.9651082488841563;1.0;0.16700000000000012;12.0;1.0;1.0;0.16700000000000012;12.0;1.0;1.0;0.16700000000000012;12.0;1.0;Now
11:18:48 13/01/2020;Monday;0.1661;0.16700000000000012;1.0;0.6041522986797285;0.9651082488841563;1.0;0.16700000000000012;12.0;1.0;1.0;0.16700000000000012;12.0;1.0;1.0;0.16700000000000012;12.0;1.0;Now
16:12:21 13/01/2020;Monday;0.1664;0.16700000000000012;1.0;0.6041522986797285;0.9651082488841563;1.0;0.16700000000000012;12.0;1.0;1.0;0.16700000000000012;12.0;1.0;1.0;0.16700000000000012;12.0;1.0;Now
21:13:48 13/01/2020;Monday;0.1663;0.16700000000000012;1.0;0.6041522986797285;0.9651082488841563;1.0;0.16700000000000012;12.0;1.0;1.0;0.16700000000000012;12.0;1.0;1.0;0.16700000000000012;12.0;1.0;Now
01:50:27 14/01/2020;Tuesday;0.1664;0.16700000000000012;1.0;0.6041522986797285;0.9651082488841563;1.0;0.16700000000000012;12.0;1.0;1.0;0.16700000000000012;12.0;1.0;1.0;0.16700000000000012;12.0;1.0;Now
07:35:18 14/01/2020;Tuesday;0.1668;0.16700000000000012;1.0;0.6041522986797285;0.9651082488841563;1.0;0.16700000000000012;12.0;1.0;1.0;0.16700000000000012;12.0;1.0;1.0;0.16700000000000012;12.0;1.0;Now
10:27:06 14/01/2020;Tuesday;0.1668;0.16700000000000012;1.0;0.6041522986797285;0.9651082488841563;1.0;0.16700000000000012;12.0;1.0;1.0;0.16700000000000012;12.0;1.0;1.0;0.16700000000000012;12.0;1.0;Now
12:36:26 14/01/2020;Tuesday;0.1667;0.16700000000000012;1.0;0.6041522986797285;0.9651082488841563;1.0;0.16700000000000012;12.0;1.0;1.0;0.16700000000000012;12.0;1.0;1.0;0.16700000000000012;12.0;1.0;Now
15:24:32 14/01/2020;Tuesday;0.1667;0.16700000000000012;1.0;0.6041522986797285;0.9651082488841563;1.0;0.16700000000000012;12.0;1.0;1.0;0.16700000000000012;12.0;1.0;1.0;0.16700000000000012;12.0;1.0;Now
19:56:41 14/01/2020;Tuesday;0.1669;0.16700000000000012;1.0;0.6041522986797285;0.9651082488841563;1.0;0.16700000000000012;12.0;1.0;1.0;0.16700000000000012;12.0;1.0;1.0;0.16700000000000012;12.0;1.0;Now
02:56:51 15/01/2020;Wednesday;0.1668;0.16700000000000012;1.0;0.6041522986797285;0.9651082488841563;1.0;0.16700000000000012;12.0;1.0;1.0;0.16700000000000012;12.0;1.0;1.0;0.16700000000000012;12.0;1.0;Now
08:25:34 15/01/2020;Wednesday;0.1667;0.16700000000000012;1.0;0.6041522986797285;0.9651082488841563;1.0;0.16700000000000012;12.0;1.0;1.0;0.16700000000000012;12.0;1.0;1.0;0.16700000000000012;12.0;1.0;Now
14:17:34 15/01/2020;Wednesday;0.1666;0.16700000000000012;1.0;0.6041522986797285;0.9651082488841563;0.5938888888888889;0.16700000000000012;7.126666666666667;0.5938888888888889;1.0;0.16750000000000012;12.0;1.0;0.5938888888888889;0.16700000000000012;7.126666666666667;0.5938888888888889;Now
21:25:10 15/01/2020;Wednesday;0.1672;0.16800000000000012;1.0;0.6033241251599342;0.9563554786044605;1.0;0.16800000000000012;12.0;1.0;1.0;0.16800000000000012;12.0;1.0;1.0;0.16800000000000012;12.0;1.0;Now
04:32:29 16/01/2020;Thursday;0.1673;0.16800000000000012;1.0;0.6033241251599342;0.9563554786044605;1.0;0.16800000000000012;12.0;1.0;1.0;0.16800000000000012;12.0;1.0;1.0;0.16800000000000012;12.0;1.0;Now
11:48:22 16/01/2020;Thursday;0.1672;0.16800000000000012;1.0;0.6033241251599342;0.9563554786044605;1.0;0.16800000000000012;12.0;1.0;1.0;0.16800000000000012;12.0;1.0;1.0;0.16800000000000012;12.0;1.0;Now
02:02:53 17/01/2020;Friday;0.1674;0.16800000000000012;1.0;0.6033241251599342;0.9563554786044605;1.0;0.16800000000000012;12.0;1.0;1.0;0.16800000000000012;12.0;1.0;1.0;0.16800000000000012;12.0;1.0;Now
06:47:47 17/01/2020;Friday;0.1672;0.16800000000000012;1.0;0.6033241251599342;0.9563554786044605;1.0;0.16800000000000012;12.0;1.0;1.0;0.16800000000000012;12.0;1.0;1.0;0.16800000000000012;12.0;1.0;Now
12:56:16 17/01/2020;Friday;0.1671;0.16800000000000012;1.0;0.6033241251599342;0.9563554786044605;1.0;0.16800000000000012;12.0;1.0;1.0;0.16800000000000012;12.0;1.0;1.0;0.16800000000000012;12.0;1.0;Now
20:20:28 17/01/2020;Friday;0.1675;0.16800000000000012;1.0;0.6033241251599342;0.9563554786044605;0.6052777777777778;0.16800000000000012;7.263333333333334;0.6052777777777778;1.0;0.16850000000000012;12.0;1.0;0.6052777777777778;0.16800000000000012;7.263333333333334;0.6052777777777778;Now
03:36:16 18/01/2020;Saturday;0.1682;0.16900000000000012;1.0;0.6024948132556827;0.9475906770083735;1.0;0.16900000000000012;12.0;1.0;1.0;0.16900000000000012;12.0;1.0;1.0;0.16900000000000012;12.0;1.0;Now
09:53:22 18/01/2020;Saturday;0.1683;0.16900000000000012;1.0;0.6024948132556827;0.9475906770083735;1.0;0.16900000000000012;12.0;1.0;1.0;0.16900000000000012;12.0;1.0;1.0;0.16900000000000012;12.0;1.0;Now
16:27:29 18/01/2020;Saturday;0.1681;0.16900000000000012;1.0;0.6024948132556827;0.9475906770083735;1.0;0.16900000000000012;12.0;1.0;1.0;0.16900000000000012;12.0;1.0;1.0;0.16900000000000012;12.0;1.0;Now
04:10:46 19/01/2020;Sunday;0.1677;0.16900000000000012;1.0;0.6024948132556827;0.9475906770083735;1.0;0.16900000000000012;12.0;1.0;1.0;0.16833333333333345;12.0;1.0;1.0;0.16900000000000012;12.0;1.0;Now
10:36:01 19/01/2020;Sunday;0.1678;0.16800000000000012;1.0;0.6033241251599342;0.9563554786044605;1.0;0.16800000000000012;12.0;1.0;1.0;0.16800000000000012;12.0;1.0;1.0;0.16800000000000012;12.0;1.0;Now
15:37:31 19/01/2020;Sunday;0.168;0.16800000000000012;1.0;0.6033241251599342;0.9563554786044605;1.0;0.16800000000000012;12.0;1.0;1.0;0.16800000000000012;12.0;1.0;1.0;0.16800000000000012;12.0;1.0;Now
20:56:01 19/01/2020;Sunday;0.1678;0.16800000000000012;1.0;0.6033241251599342;0.9563554786044605;1.0;0.16800000000000012;12.0;1.0;1.0;0.16800000000000012;12.0;1.0;1.0;0.16800000000000012;12.0;1.0;Now
02:56:41 20/01/2020;Monday;0.1674;0.16800000000000012;1.0;0.6033241251599342;0.9563554786044605;1.0;0.16800000000000012;12.0;1.0;1.0;0.16800000000000012;12.0;1.0;1.0;0.16800000000000012;12.0;1.0;Now
09:05:01 20/01/2020;Monday;0.1671;0.16800000000000012;1.0;0.6033241251599342;0.9563554786044605;1.0;0.16800000000000012;12.0;1.0;1.0;0.16800000000000012;12.0;1.0;1.0;0.16800000000000012;12.0;1.0;Now
21:22:30 20/01/2020;Monday;0.1673;0.16800000000000012;1.0;0.6033241251599342;0.9563554786044605;1.0;0.16800000000000012;12.0;1.0;1.0;0.16800000000000012;12.0;1.0;1.0;0.16800000000000012;12.0;1.0;Now
02:15:54 21/01/2020;Tuesday;0.167;0.16800000000000012;1.0;0.6033241251599342;0.9563554786044605;1.0;0.16800000000000012;12.0;1.0;1.0;0.16750000000000012;12.0;1.0;1.0;0.16800000000000012;12.0;1.0;Now
09:48:28 21/01/2020;Tuesday;0.1668;0.16700000000000012;1.0;0.6041522986797285;0.9651082488841563;1.0;0.16700000000000012;12.0;1.0;1.0;0.16700000000000012;12.0;1.0;1.0;0.16700000000000012;12.0;1.0;Now
18:06:59 21/01/2020;Tuesday;0.1668;0.16700000000000012;1.0;0.6041522986797285;0.9651082488841563;1.0;0.16700000000000012;12.0;1.0;1.0;0.16700000000000012;12.0;1.0;1.0;0.16700000000000012;12.0;1.0;Now
22:50:46 21/01/2020;Tuesday;0.1669;0.16700000000000012;1.0;0.6041522986797285;0.9651082488841563;1.0;0.16700000000000012;12.0;1.0;1.0;0.16700000000000012;12.0;1.0;1.0;0.16700000000000012;12.0;1.0;Now
10:55:20 22/01/2020;Wednesday;0.1668;0.16700000000000012;1.0;0.6041522986797285;0.9651082488841563;1.0;0.16700000000000012;12.0;1.0;1.0;0.16700000000000012;12.0;1.0;1.0;0.16700000000000012;12.0;1.0;Now
16:30:21 22/01/2020;Wednesday;0.1669;0.16700000000000012;1.0;0.6041522986797285;0.9651082488841563;1.0;0.16700000000000012;12.0;1.0;1.0;0.16700000000000012;12.0;1.0;1.0;0.16700000000000012;12.0;1.0;Now
00:02:43 23/01/2020;Thursday;0.167;0.16700000000000012;1.0;0.6041522986797285;0.9651082488841563;0.4187037037037037;0.16700000000000012;5.024444444444445;0.4187037037037037;1.0;0.16750000000000012;12.0;1.0;1.0;0.16750000000000012;12.0;1.0;Now
05:04:11 23/01/2020;Thursday;0.1671;0.16800000000000012;1.0;0.6033241251599342;0.9563554786044605;1.0;0.16800000000000012;12.0;1.0;1.0;0.16800000000000012;12.0;1.0;1.0;0.16800000000000012;12.0;1.0;Now
12:27:41 23/01/2020;Thursday;0.1668;0.16800000000000012;1.0;0.6033241251599342;0.9563554786044605;1.0;0.16800000000000012;12.0;1.0;1.0;0.16766666666666677;12.0;1.0;0.9076851851851852;0.16750000000000012;10.892222222222221;0.9076851851851852;Now
17:12:38 23/01/2020;Thursday;0.1667;0.16700000000000012;1.0;0.6041522986797285;0.9651082488841563;0.5119212962962963;0.16700000000000012;6.143055555555556;0.5119212962962963;1.0;0.16766666666666677;12.0;1.0;0.5119212962962963;0.16700000000000012;6.143055555555556;0.5119212962962963;Now
23:21:13 23/01/2020;Thursday;0.1671;0.16800000000000012;1.0;0.6033241251599342;0.9563554786044605;1.0;0.16800000000000012;12.0;1.0;1.0;0.16800000000000012;12.0;1.0;1.0;0.16800000000000012;12.0;1.0;Now
05:04:52 24/01/2020;Friday;0.1672;0.16800000000000012;1.0;0.6033241251599342;0.9563554786044605;1.0;0.16800000000000012;12.0;1.0;1.0;0.16800000000000012;12.0;1.0;1.0;0.16800000000000012;12.0;1.0;Now
10:06:08 24/01/2020;Friday;0.1671;0.16800000000000012;1.0;0.6033241251599342;0.9563554786044605;1.0;0.16800000000000012;12.0;1.0;1.0;0.16800000000000012;12.0;1.0;1.0;0.16800000000000012;12.0;1.0;Now
16:39:32 24/01/2020;Friday;0.1672;0.16800000000000012;1.0;0.6033241251599342;0.9563554786044605;1.0;0.16800000000000012;12.0;1.0;1.0;0.16800000000000012;12.0;1.0;1.0;0.16800000000000012;12.0;1.0;Now
23:05:02 24/01/2020;Friday;0.1673;0.16800000000000012;1.0;0.6033241251599342;0.9563554786044605;1.0;0.16800000000000012;12.0;1.0;1.0;0.16800000000000012;12.0;1.0;1.0;0.16800000000000012;12.0;1.0;Now
09:14:09 25/01/2020;Saturday;0.1673;0.16800000000000012;1.0;0.6033241251599342;0.9563554786044605;1.0;0.16800000000000012;12.0;1.0;1.0;0.16800000000000012;12.0;1.0;1.0;0.16800000000000012;12.0;1.0;Now
11:39:11 25/01/2020;Saturday;0.1671;0.16800000000000012;1.0;0.6033241251599342;0.9563554786044605;1.0;0.16800000000000012;12.0;1.0;1.0;0.16800000000000012;12.0;1.0;1.0;0.16800000000000012;12.0;1.0;Now
17:56:13 25/01/2020;Saturday;0.167;0.16800000000000012;1.0;0.6033241251599342;0.9563554786044605;1.0;0.16800000000000012;12.0;1.0;1.0;0.16800000000000012;12.0;1.0;1.0;0.16800000000000012;12.0;1.0;Now
07:54:13 26/01/2020;Sunday;0.1669;0.16700000000000012;1.0;0.6041522986797285;0.9651082488841563;1.0;0.16700000000000012;12.0;1.0;1.0;0.16700000000000012;12.0;1.0;1.0;0.16700000000000012;12.0;1.0;Now
12:30:42 26/01/2020;Sunday;0.1668;0.16700000000000012;1.0;0.6041522986797285;0.9651082488841563;1.0;0.16700000000000012;12.0;1.0;1.0;0.16700000000000012;12.0;1.0;1.0;0.16700000000000012;12.0;1.0;Now
18:05:48 26/01/2020;Sunday;0.1667;0.16700000000000012;1.0;0.6041522986797285;0.9651082488841563;1.0;0.16700000000000012;12.0;1.0;1.0;0.16700000000000012;12.0;1.0;1.0;0.16700000000000012;12.0;1.0;Now
03:52:24 27/01/2020;Monday;0.1665;0.16700000000000012;1.0;0.6041522986797285;0.9651082488841563;1.0;0.16700000000000012;12.0;1.0;1.0;0.16700000000000012;12.0;1.0;1.0;0.16700000000000012;12.0;1.0;Now
14:04:12 27/01/2020;Monday;0.1664;0.16700000000000012;1.0;0.6041522986797285;0.9651082488841563;1.0;0.16700000000000012;12.0;1.0;1.0;0.16700000000000012;12.0;1.0;1.0;0.16700000000000012;12.0;1.0;Now
01:22:53 28/01/2020;Tuesday;0.1665;0.16700000000000012;1.0;0.6041522986797285;0.9651082488841563;1.0;0.16700000000000012;12.0;1.0;1.0;0.16700000000000012;12.0;1.0;1.0;0.16700000000000012;12.0;1.0;Now
06:16:14 28/01/2020;Tuesday;0.1664;0.16700000000000012;1.0;0.6041522986797285;0.9651082488841563;1.0;0.16700000000000012;12.0;1.0;1.0;0.16700000000000012;12.0;1.0;1.0;0.16700000000000012;12.0;1.0;Now
16:44:41 28/01/2020;Tuesday;0.1667;0.16700000000000012;1.0;0.6041522986797285;0.9651082488841563;0.45372685185185185;0.16700000000000012;5.4447222222222225;0.45372685185185185;1.0;0.16750000000000012;12.0;1.0;1.0;0.16750000000000012;12.0;1.0;Now
22:11:22 28/01/2020;Tuesday;0.1672;0.16800000000000012;1.0;0.6033241251599342;0.9563554786044605;0.5471990740740741;0.16800000000000012;6.566388888888889;0.5471990740740741;1.0;0.16850000000000012;12.0;1.0;0.5471990740740741;0.16800000000000012;6.566388888888889;0.5471990740740741;Now
04:45:21 29/01/2020;Wednesday;0.1682;0.16900000000000012;1.0;0.6024948132556827;0.9475906770083735;1.0;0.16900000000000012;12.0;1.0;1.0;0.16900000000000012;12.0;1.0;1.0;0.16900000000000012;12.0;1.0;Now
11:27:23 29/01/2020;Wednesday;0.1683;0.16900000000000012;1.0;0.6024948132556827;0.9475906770083735;1.0;0.16900000000000012;12.0;1.0;1.0;0.16900000000000012;12.0;1.0;1.0;0.16900000000000012;12.0;1.0;Now
23:36:20 29/01/2020;Wednesday;0.1685;0.16900000000000012;1.0;0.6024948132556827;0.9475906770083735;1.0;0.16900000000000012;12.0;1.0;1.0;0.16900000000000012;12.0;1.0;1.0;0.16900000000000012;12.0;1.0;Now
16:04:51 30/01/2020;Thursday;0.1686;0.16900000000000012;1.0;0.6024948132556827;0.9475906770083735;1.0;0.16900000000000012;12.0;1.0;1.0;0.16900000000000012;12.0;1.0;1.0;0.16900000000000012;12.0;1.0;Now
22:13:29 30/01/2020;Thursday;0.169;0.16900000000000012;1.0;0.6024948132556827;0.9475906770083735;0.6057175925925926;0.16900000000000012;7.268611111111111;0.6057175925925926;1.0;0.16950000000000012;12.0;1.0;0.6057175925925926;0.16900000000000012;7.268611111111111;0.6057175925925926;Now
05:29:36 31/01/2020;Friday;0.1695;0.17000000000000012;1.0;0.6016643582596528;0.9388137943453299;1.0;0.17000000000000012;12.0;1.0;1.0;0.17000000000000012;12.0;1.0;1.0;0.17000000000000012;12.0;1.0;Now
18:53:59 31/01/2020;Friday;0.1698;0.17000000000000012;1.0;0.6016643582596528;0.9388137943453299;1.0;0.17000000000000012;12.0;1.0;1.0;0.17000000000000012;12.0;1.0;1.0;0.17000000000000012;12.0;1.0;Now
18:53:59 31/01/2020;Friday;0.1698;0.17000000000000012;1.0;0.6016643582596528;0.9388137943453299;1.0;0.17000000000000012;12.0;1.0;1.0;0.17000000000000012;12.0;1.0;1.0;0.17000000000000012;12.0;1.0;Now
02:26:29 01/02/2020;Saturday;0.17;0.17000000000000012;1.0;0.6016643582596528;0.9388137943453299;0.4654861111111111;0.17000000000000012;5.585833333333333;0.4654861111111111;1.0;0.17050000000000012;12.0;1.0;1.0;0.17050000000000012;12.0;1.0;Now
08:01:38 01/02/2020;Saturday;0.1702;0.17100000000000012;1.0;0.600832755431992;0.9300247805209468;1.0;0.17100000000000012;12.0;1.0;1.0;0.17100000000000012;12.0;1.0;1.0;0.17100000000000012;12.0;1.0;Now
14:35:37 01/02/2020;Saturday;0.1704;0.17100000000000012;1.0;0.600832755431992;0.9300247805209468;1.0;0.17100000000000012;12.0;1.0;1.0;0.17100000000000012;12.0;1.0;1.0;0.17100000000000012;12.0;1.0;Now
06:47:30 02/02/2020;Sunday;0.1701;0.17100000000000012;1.0;0.600832755431992;0.9300247805209468;1.0;0.17100000000000012;12.0;1.0;1.0;0.17100000000000012;12.0;1.0;1.0;0.17100000000000012;12.0;1.0;Now
11:23:58 02/02/2020;Sunday;0.17;0.17100000000000012;1.0;0.600832755431992;0.9300247805209468;1.0;0.17100000000000012;12.0;1.0;1.0;0.17100000000000012;12.0;1.0;1.0;0.17100000000000012;12.0;1.0;Now
17:16:01 02/02/2020;Sunday;0.1699;0.17100000000000012;1.0;0.600832755431992;0.9300247805209468;1.0;0.17100000000000012;12.0;1.0;1.0;0.17033333333333345;12.0;1.0;1.0;0.17100000000000012;12.0;1.0;Now
23:41:01 02/02/2020;Sunday;0.17;0.17000000000000012;1.0;0.6016643582596528;0.9388137943453299;1.0;0.17000000000000012;12.0;1.0;1.0;0.17000000000000012;12.0;1.0;1.0;0.17000000000000012;12.0;1.0;Now
04:17:33 03/02/2020;Monday;0.1697;0.17000000000000012;1.0;0.6016643582596528;0.9388137943453299;1.0;0.17000000000000012;12.0;1.0;1.0;0.17000000000000012;12.0;1.0;1.0;0.17000000000000012;12.0;1.0;Now
17:34:10 03/02/2020;Monday;0.1701;0.17100000000000012;1.0;0.600832755431992;0.9300247805209468;1.0;0.17100000000000012;12.0;1.0;1.0;0.17100000000000012;12.0;1.0;1.0;0.17100000000000012;12.0;1.0;Now
00:41:03 04/02/2020;Tuesday;0.1705;0.17100000000000012;1.0;0.600832755431992;0.9300247805209468;1.0;0.17100000000000012;12.0;1.0;1.0;0.17100000000000012;12.0;1.0;1.0;0.17100000000000012;12.0;1.0;Now
06:24:35 04/02/2020;Tuesday;0.171;0.17100000000000012;1.0;0.600832755431992;0.9300247805209468;1.0;0.17100000000000012;12.0;1.0;1.0;0.17100000000000012;12.0;1.0;1.0;0.17100000000000012;12.0;1.0;Now
12:58:32 04/02/2020;Tuesday;0.1708;0.17100000000000012;1.0;0.600832755431992;0.9300247805209468;0.5982638888888889;0.17100000000000012;7.179166666666666;0.5982638888888889;1.0;0.17150000000000012;12.0;1.0;0.5982638888888889;0.17100000000000012;7.179166666666666;0.5982638888888889;Now
20:09:17 04/02/2020;Tuesday;0.1711;0.17200000000000013;1.0;0.5999999999999999;0.921223585093682;1.0;0.17200000000000013;12.0;1.0;1.0;0.17200000000000013;12.0;1.0;1.0;0.17200000000000013;12.0;1.0;Now
03:15:14 05/02/2020;Wednesday;0.1708;0.17200000000000013;1.0;0.5999999999999999;0.921223585093682;1.0;0.17200000000000013;12.0;1.0;1.0;0.17150000000000012;12.0;1.0;1.0;0.17150000000000012;12.0;1.0;Now
08:16:48 05/02/2020;Wednesday;0.1707;0.17100000000000012;1.0;0.600832755431992;0.9300247805209468;1.0;0.17100000000000012;12.0;1.0;1.0;0.17100000000000012;12.0;1.0;1.0;0.17100000000000012;12.0;1.0;Now
15:24:13 05/02/2020;Wednesday;0.171;0.17100000000000012;1.0;0.600832755431992;0.9300247805209468;0.6285185185185185;0.17100000000000012;7.542222222222223;0.6285185185185185;1.0;0.17200000000000013;12.0;1.0;0.6285185185185185;0.17100000000000012;7.542222222222223;0.6285185185185185;Now
22:56:45 05/02/2020;Wednesday;0.1724;0.17300000000000013;1.0;0.5991660871578096;0.9124101572714644;0.8611111111111112;0.17300000000000013;10.333333333333334;0.8611111111111112;1.0;0.17350000000000013;12.0;1.0;0.8611111111111112;0.17300000000000013;10.333333333333334;0.8611111111111112;Now
03:33:16 06/02/2020;Thursday;0.1729;0.17300000000000013;1.0;0.5991660871578096;0.9124101572714644;0.47706018518518517;0.17300000000000013;5.724722222222222;0.47706018518518517;1.0;0.17375000000000013;12.0;1.0;0.47706018518518517;0.17300000000000013;5.724722222222222;0.47706018518518517;Now
09:16:45 06/02/2020;Thursday;0.1732;0.17400000000000013;1.0;0.5983310120660635;0.9035844459082658;1.0;0.17400000000000013;12.0;1.0;1.0;0.17400000000000013;12.0;1.0;1.0;0.17400000000000013;12.0;1.0;Now
09:25:57 06/02/2020;Thursday;0.1732;0.17400000000000013;1.0;0.5983310120660635;0.9035844459082658;1.0;0.17400000000000013;12.0;1.0;1.0;0.17400000000000013;12.0;1.0;1.0;0.17400000000000013;12.0;1.0;Now
15:16:49 06/02/2020;Thursday;0.1733;0.17400000000000013;1.0;0.5983310120660635;0.9035844459082658;1.0;0.17400000000000013;12.0;1.0;1.0;0.17400000000000013;12.0;1.0;1.0;0.17400000000000013;12.0;1.0;Now
21:46:48 06/02/2020;Thursday;0.1736;0.17400000000000013;1.0;0.5983310120660635;0.9035844459082658;1.0;0.17400000000000013;12.0;1.0;1.0;0.17400000000000013;12.0;1.0;1.0;0.17400000000000013;12.0;1.0;Now
04:38:50 07/02/2020;Friday;0.1735;0.17400000000000013;1.0;0.5983310120660635;0.9035844459082658;0.9543287037037037;0.17400000000000013;11.451944444444445;0.9543287037037037;1.0;0.17433333333333345;12.0;1.0;0.9543287037037037;0.17400000000000013;11.451944444444445;0.9543287037037037;Now
10:21:48 07/02/2020;Friday;0.174;0.17400000000000013;1.0;0.5983310120660635;0.9035844459082658;0.4779861111111111;0.17400000000000013;5.735833333333333;0.4779861111111111;1.0;0.17466666666666678;12.0;1.0;0.4779861111111111;0.17400000000000013;5.735833333333333;0.4779861111111111;Now
16:05:57 07/02/2020;Friday;0.1743;0.17500000000000013;1.0;0.5974947698515861;0.8947463995006453;0.8720138888888889;0.17500000000000013;10.464166666666667;0.8720138888888889;1.0;0.17533333333333345;12.0;1.0;0.8720138888888889;0.17500000000000013;10.464166666666667;0.8720138888888889;Now
21:32:18 07/02/2020;Friday;0.1745;0.17500000000000013;1.0;0.5974947698515861;0.8947463995006453;0.41875;0.17500000000000013;5.025;0.41875;1.0;0.17566666666666678;12.0;1.0;1.0;0.17550000000000013;12.0;1.0;Now
02:33:48 08/02/2020;Saturday;0.1752;0.17600000000000013;1.0;0.5966573556070518;0.8858959661842385;1.0;0.17600000000000013;12.0;1.0;1.0;0.17600000000000013;12.0;1.0;1.0;0.17600000000000013;12.0;1.0;Now
08:42:39 08/02/2020;Saturday;0.1755;0.17600000000000013;1.0;0.5966573556070518;0.8858959661842385;1.0;0.17600000000000013;12.0;1.0;1.0;0.17600000000000013;12.0;1.0;1.0;0.17600000000000013;12.0;1.0;Now
14:09:31 08/02/2020;Saturday;0.1759;0.17600000000000013;1.0;0.5966573556070518;0.8858959661842385;0.5932407407407407;0.17600000000000013;7.118888888888889;0.5932407407407407;1.0;0.17650000000000013;12.0;1.0;0.5932407407407407;0.17600000000000013;7.118888888888889;0.5932407407407407;Now
21:16:39 08/02/2020;Saturday;0.1766;0.17700000000000013;1.0;0.5958187643906492;0.8770330937302081;1.0;0.17700000000000013;12.0;1.0;1.0;0.17700000000000013;12.0;1.0;1.0;0.17700000000000013;12.0;1.0;Now
03:50:36 09/02/2020;Sunday;0.1768;0.17700000000000013;1.0;0.5958187643906492;0.8770330937302081;0.954212962962963;0.17700000000000013;11.450555555555555;0.954212962962963;1.0;0.17733333333333345;12.0;1.0;0.954212962962963;0.17700000000000013;11.450555555555555;0.954212962962963;Now
08:35:02 09/02/2020;Sunday;0.1769;0.17700000000000013;1.0;0.5958187643906492;0.8770330937302081;0.5591666666666667;0.17700000000000013;6.71;0.5591666666666667;1.0;0.17750000000000013;12.0;1.0;0.5591666666666667;0.17700000000000013;6.71;0.5591666666666667;Now
15:17:38 09/02/2020;Sunday;0.1772;0.17800000000000013;1.0;0.5949789912257406;0.8681577295416465;0.44157407407407406;0.17800000000000013;5.2988888888888885;0.44157407407407406;1.0;0.17866666666666678;12.0;1.0;0.44157407407407406;0.17800000000000013;5.2988888888888885;0.44157407407407406;Now
20:35:34 09/02/2020;Sunday;0.1781;0.17900000000000013;1.0;0.5941380311005178;0.8592698206499357;1.0;0.17900000000000013;12.0;1.0;1.0;0.17900000000000013;12.0;1.0;1.0;0.17900000000000013;12.0;1.0;Now
23:25:32 09/02/2020;Sunday;0.1781;0.17900000000000013;1.0;0.5941380311005178;0.8592698206499357;1.0;0.17900000000000013;12.0;1.0;1.0;0.17900000000000013;12.0;1.0;1.0;0.17900000000000013;12.0;1.0;Now
11:07:12 10/02/2020;Monday;0.1786;0.17900000000000013;1.0;0.5941380311005178;0.8592698206499357;0.919537037037037;0.17900000000000013;11.034444444444444;0.919537037037037;1.0;0.17933333333333346;12.0;1.0;0.919537037037037;0.17900000000000013;11.034444444444444;0.919537037037037;Now
17:15:44 10/02/2020;Monday;0.179;0.17900000000000013;1.0;0.5941380311005178;0.8592698206499357;0.4076851851851852;0.17900000000000013;4.892222222222222;0.4076851851851852;1.0;0.17966666666666678;12.0;1.0;1.0;0.17950000000000013;12.0;1.0;Now
22:09:16 10/02/2020;Monday;0.1797;0.18000000000000013;1.0;0.5932958789676529;0.850369313711061;1.0;0.18000000000000013;12.0;1.0;1.0;0.18000000000000013;12.0;1.0;1.0;0.18000000000000013;12.0;1.0;Now
04:34:13 11/02/2020;Tuesday;0.1796;0.18000000000000013;1.0;0.5932958789676529;0.850369313711061;1.0;0.18000000000000013;12.0;1.0;1.0;0.18000000000000013;12.0;1.0;1.0;0.18000000000000013;12.0;1.0;Now
10:01:12 11/02/2020;Tuesday;0.1797;0.18000000000000013;1.0;0.5932958789676529;0.850369313711061;0.9779166666666667;0.18000000000000013;11.735;0.9779166666666667;1.0;0.18025000000000013;12.0;1.0;0.9779166666666667;0.18000000000000013;11.735;0.9779166666666667;Now
15:03:13 11/02/2020;Tuesday;0.1799;0.18000000000000013;1.0;0.5932958789676529;0.850369313711061;0.5584490740740741;0.18000000000000013;6.701388888888889;0.5584490740740741;1.0;0.18033333333333346;12.0;1.0;1.0;0.18033333333333346;12.0;1.0;Now
17:26:01 11/02/2020;Tuesday;0.1799;0.18000000000000013;1.0;0.5932958789676529;0.850369313711061;0.36011574074074076;0.18000000000000013;4.3213888888888885;0.36011574074074076;1.0;0.18066666666666678;12.0;1.0;1.0;0.18050000000000013;12.0;1.0;Now
21:45:18 11/02/2020;Tuesday;0.1801;0.18100000000000013;1.0;0.5924525297439449;0.8414561550018708;1.0;0.18100000000000013;12.0;1.0;1.0;0.18100000000000013;12.0;1.0;1.0;0.18100000000000013;12.0;1.0;Now
03:45:18 12/02/2020;Wednesday;0.1808;0.18100000000000013;1.0;0.5924525297439449;0.8414561550018708;1.0;0.18100000000000013;12.0;1.0;1.0;0.18100000000000013;12.0;1.0;1.0;0.18100000000000013;12.0;1.0;Now
10:27:47 12/02/2020;Wednesday;0.1805;0.18100000000000013;1.0;0.5924525297439449;0.8414561550018708;1.0;0.18100000000000013;12.0;1.0;1.0;0.18100000000000013;12.0;1.0;1.0;0.18100000000000013;12.0;1.0;Now
17:01:22 12/02/2020;Wednesday;0.1802;0.18100000000000013;1.0;0.5924525297439449;0.8414561550018708;1.0;0.18100000000000013;12.0;1.0;1.0;0.18100000000000013;12.0;1.0;1.0;0.18100000000000013;12.0;1.0;Now
04:45:22 13/02/2020;Thursday;0.1799;0.18100000000000013;1.0;0.5924525297439449;0.8414561550018708;1.0;0.18100000000000013;12.0;1.0;1.0;0.18033333333333346;12.0;1.0;1.0;0.18050000000000013;12.0;1.0;Now
09:21:52 13/02/2020;Thursday;0.1796;0.18000000000000013;1.0;0.5932958789676529;0.850369313711061;1.0;0.18000000000000013;12.0;1.0;1.0;0.18000000000000013;12.0;1.0;1.0;0.18000000000000013;12.0;1.0;Now
15:05:23 13/02/2020;Thursday;0.1794;0.18000000000000013;1.0;0.5932958789676529;0.850369313711061;1.0;0.18000000000000013;12.0;1.0;1.0;0.18000000000000013;12.0;1.0;1.0;0.18000000000000013;12.0;1.0;Now
20:56:52 13/02/2020;Thursday;0.1796;0.18000000000000013;1.0;0.5932958789676529;0.850369313711061;1.0;0.18000000000000013;12.0;1.0;1.0;0.18000000000000013;12.0;1.0;1.0;0.18000000000000013;12.0;1.0;Now
04:04:34 14/02/2020;Friday;0.1797;0.18000000000000013;1.0;0.5932958789676529;0.850369313711061;1.0;0.18000000000000013;12.0;1.0;1.0;0.18000000000000013;12.0;1.0;1.0;0.18000000000000013;12.0;1.0;Now
10:47:08 14/02/2020;Friday;0.1795;0.18000000000000013;1.0;0.5932958789676529;0.850369313711061;1.0;0.18000000000000013;12.0;1.0;1.0;0.18000000000000013;12.0;1.0;1.0;0.18000000000000013;12.0;1.0;Now
16:05:30 14/02/2020;Friday;0.1794;0.18000000000000013;1.0;0.5932958789676529;0.850369313711061;1.0;0.18000000000000013;12.0;1.0;1.0;0.18000000000000013;12.0;1.0;1.0;0.18000000000000013;12.0;1.0;Now
21:24:03 14/02/2020;Friday;0.1791;0.18000000000000013;1.0;0.5932958789676529;0.850369313711061;1.0;0.18000000000000013;12.0;1.0;1.0;0.18000000000000013;12.0;1.0;1.0;0.18000000000000013;12.0;1.0;Now
04:51:30 15/02/2020;Saturday;0.1779;0.18000000000000013;1.0;0.5932958789676529;0.850369313711061;1.0;0.18000000000000013;12.0;1.0;1.0;0.17866666666666678;12.0;1.0;1.0;0.17900000000000013;12.0;1.0;Now
09:47:37 15/02/2020;Saturday;0.1772;0.17800000000000013;1.0;0.5949789912257406;0.8681577295416465;1.0;0.17800000000000013;12.0;1.0;1.0;0.17800000000000013;12.0;1.0;1.0;0.17800000000000013;12.0;1.0;Now
14:57:39 15/02/2020;Saturday;0.1766;0.17800000000000013;1.0;0.5949789912257406;0.8681577295416465;1.0;0.17800000000000013;12.0;1.0;1.0;0.17800000000000013;12.0;1.0;1.0;0.17800000000000013;12.0;1.0;Now
21:23:00 15/02/2020;Saturday;0.1758;0.17800000000000013;1.0;0.5949789912257406;0.8681577295416465;1.0;0.17800000000000013;12.0;1.0;1.0;0.17700000000000013;12.0;1.0;1.0;0.17800000000000013;12.0;1.0;Now
02:33:07 16/02/2020;Sunday;0.1755;0.17600000000000013;1.0;0.5966573556070518;0.8858959661842385;1.0;0.17600000000000013;12.0;1.0;1.0;0.17600000000000013;12.0;1.0;1.0;0.17600000000000013;12.0;1.0;Now
08:25:04 16/02/2020;Sunday;0.1747;0.17600000000000013;1.0;0.5966573556070518;0.8858959661842385;1.0;0.17600000000000013;12.0;1.0;1.0;0.17600000000000013;12.0;1.0;1.0;0.17600000000000013;12.0;1.0;Now
14:24:59 16/02/2020;Sunday;0.1739;0.17600000000000013;1.0;0.5966573556070518;0.8858959661842385;1.0;0.17600000000000013;12.0;1.0;1.0;0.17466666666666678;12.0;1.0;1.0;0.17600000000000013;12.0;1.0;Now
20:33:58 16/02/2020;Sunday;0.1731;0.17400000000000013;1.0;0.5983310120660635;0.9035844459082658;1.0;0.17400000000000013;12.0;1.0;1.0;0.17400000000000013;12.0;1.0;1.0;0.17400000000000013;12.0;1.0;Now
02:09:07 17/02/2020;Monday;0.1729;0.17400000000000013;1.0;0.5983310120660635;0.9035844459082658;1.0;0.17400000000000013;12.0;1.0;1.0;0.17350000000000013;12.0;1.0;1.0;0.17400000000000013;12.0;1.0;Now
09:24:42 17/02/2020;Monday;0.1723;0.17300000000000013;1.0;0.5991660871578096;0.9124101572714644;1.0;0.17300000000000013;12.0;1.0;1.0;0.17300000000000013;12.0;1.0;1.0;0.17300000000000013;12.0;1.0;Now
15:16:38 17/02/2020;Monday;0.1719;0.17300000000000013;1.0;0.5991660871578096;0.9124101572714644;1.0;0.17300000000000013;12.0;1.0;1.0;0.17250000000000013;12.0;1.0;1.0;0.17300000000000013;12.0;1.0;Now
22:48:42 17/02/2020;Monday;0.1716;0.17200000000000013;1.0;0.5999999999999999;0.921223585093682;1.0;0.17200000000000013;12.0;1.0;1.0;0.17200000000000013;12.0;1.0;1.0;0.17200000000000013;12.0;1.0;Now
05:39:06 18/02/2020;Tuesday;0.1714;0.17200000000000013;1.0;0.5999999999999999;0.921223585093682;1.0;0.17200000000000013;12.0;1.0;1.0;0.17200000000000013;12.0;1.0;1.0;0.17200000000000013;12.0;1.0;Now
10:41:00 18/02/2020;Tuesday;0.1714;0.17200000000000013;1.0;0.5999999999999999;0.921223585093682;1.0;0.17200000000000013;12.0;1.0;1.0;0.17200000000000013;12.0;1.0;1.0;0.17200000000000013;12.0;1.0;Now
16:24:22 18/02/2020;Tuesday;0.1712;0.17200000000000013;1.0;0.5999999999999999;0.921223585093682;1.0;0.17200000000000013;12.0;1.0;1.0;0.17200000000000013;12.0;1.0;1.0;0.17200000000000013;12.0;1.0;Now
21:00:52 18/02/2020;Tuesday;0.1714;0.17200000000000013;1.0;0.5999999999999999;0.921223585093682;1.0;0.17200000000000013;12.0;1.0;1.0;0.17200000000000013;12.0;1.0;1.0;0.17200000000000013;12.0;1.0;Now
22:06:48 18/02/2020;Tuesday;0.1714;0.17200000000000013;1.0;0.5999999999999999;0.921223585093682;1.0;0.17200000000000013;12.0;1.0;1.0;0.17200000000000013;12.0;1.0;1.0;0.17200000000000013;12.0;1.0;Now
09:34:58 19/02/2020;Wednesday;0.1716;0.17200000000000013;1.0;0.5999999999999999;0.921223585093682;1.0;0.17200000000000013;12.0;1.0;1.0;0.17200000000000013;12.0;1.0;1.0;0.17200000000000013;12.0;1.0;Now
16:50:23 19/02/2020;Wednesday;0.1718;0.17200000000000013;1.0;0.5999999999999999;0.921223585093682;0.48074074074074075;0.17200000000000013;5.768888888888889;0.48074074074074075;1.0;0.17250000000000013;12.0;1.0;1.0;0.17250000000000013;12.0;1.0;Now
22:36:31 19/02/2020;Wednesday;0.1729;0.17300000000000013;1.0;0.5991660871578096;0.9124101572714644;1.0;0.17300000000000013;12.0;1.0;1.0;0.17300000000000013;12.0;1.0;1.0;0.17300000000000013;12.0;1.0;Now
05:29:28 20/02/2020;Thursday;0.1728;0.17300000000000013;1.0;0.5991660871578096;0.9124101572714644;0.5582175925925926;0.17300000000000013;6.698611111111111;0.5582175925925926;1.0;0.17350000000000013;12.0;1.0;0.5582175925925926;0.17300000000000013;6.698611111111111;0.5582175925925926;Now
12:11:23 20/02/2020;Thursday;0.1733;0.17400000000000013;1.0;0.5983310120660635;0.9035844459082658;1.0;0.17400000000000013;12.0;1.0;1.0;0.17400000000000013;12.0;1.0;1.0;0.17400000000000013;12.0;1.0;Now
19:26:58 20/02/2020;Thursday;0.1735;0.17400000000000013;1.0;0.5983310120660635;0.9035844459082658;1.0;0.17400000000000013;12.0;1.0;1.0;0.17400000000000013;12.0;1.0;1.0;0.17400000000000013;12.0;1.0;Now
00:53:24 21/02/2020;Friday;0.1737;0.17400000000000013;1.0;0.5983310120660635;0.9035844459082658;1.0;0.17400000000000013;12.0;1.0;1.0;0.17400000000000013;12.0;1.0;1.0;0.17400000000000013;12.0;1.0;Now
06:19:53 21/02/2020;Friday;0.174;0.17400000000000013;1.0;0.5983310120660635;0.9035844459082658;0.6049074074074074;0.17400000000000013;7.2588888888888885;0.6049074074074074;1.0;0.17450000000000013;12.0;1.0;0.6049074074074074;0.17400000000000013;7.2588888888888885;0.6049074074074074;Now
13:35:25 21/02/2020;Friday;0.1743;0.17500000000000013;1.0;0.5974947698515861;0.8947463995006453;1.0;0.17500000000000013;12.0;1.0;1.0;0.17500000000000013;12.0;1.0;1.0;0.17500000000000013;12.0;1.0;Now
18:29:02 21/02/2020;Friday;0.1746;0.17500000000000013;1.0;0.5974947698515861;0.8947463995006453;0.6046759259259259;0.17500000000000013;7.256111111111111;0.6046759259259259;1.0;0.17550000000000013;12.0;1.0;0.6046759259259259;0.17500000000000013;7.256111111111111;0.6046759259259259;Now
01:44:24 22/02/2020;Saturday;0.1753;0.17600000000000013;1.0;0.5966573556070518;0.8858959661842385;1.0;0.17600000000000013;12.0;1.0;1.0;0.17600000000000013;12.0;1.0;1.0;0.17600000000000013;12.0;1.0;Now
06:54:12 22/02/2020;Saturday;0.1756;0.17600000000000013;1.0;0.5966573556070518;0.8858959661842385;1.0;0.17600000000000013;12.0;1.0;1.0;0.17600000000000013;12.0;1.0;1.0;0.17600000000000013;12.0;1.0;Now
19:02:46 22/02/2020;Saturday;0.1754;0.17600000000000013;1.0;0.5966573556070518;0.8858959661842385;1.0;0.17600000000000013;12.0;1.0;1.0;0.17600000000000013;12.0;1.0;1.0;0.17600000000000013;12.0;1.0;Now
02:09:43 23/02/2020;Sunday;0.1751;0.17600000000000013;1.0;0.5966573556070518;0.8858959661842385;1.0;0.17600000000000013;12.0;1.0;1.0;0.17600000000000013;12.0;1.0;1.0;0.17600000000000013;12.0;1.0;Now
08:01:42 23/02/2020;Sunday;0.1748;0.17600000000000013;1.0;0.5966573556070518;0.8858959661842385;1.0;0.17600000000000013;12.0;1.0;1.0;0.17600000000000013;12.0;1.0;1.0;0.17600000000000013;12.0;1.0;Now
13:45:13 23/02/2020;Sunday;0.1744;0.17600000000000013;1.0;0.5966573556070518;0.8858959661842385;1.0;0.17600000000000013;12.0;1.0;1.0;0.17550000000000013;12.0;1.0;1.0;0.17600000000000013;12.0;1.0;Now
21:17:22 23/02/2020;Sunday;0.1739;0.17500000000000013;1.0;0.5974947698515861;0.8947463995006453;1.0;0.17500000000000013;12.0;1.0;1.0;0.17450000000000013;12.0;1.0;1.0;0.17500000000000013;12.0;1.0;Now
04:41:19 24/02/2020;Monday;0.1735;0.17400000000000013;1.0;0.5983310120660635;0.9035844459082658;1.0;0.17400000000000013;12.0;1.0;1.0;0.17400000000000013;12.0;1.0;1.0;0.17400000000000013;12.0;1.0;Now
17:23:18 24/02/2020;Monday;0.1736;0.17400000000000013;1.0;0.5983310120660635;0.9035844459082658;0.8951157407407407;0.17400000000000013;10.741388888888888;0.8951157407407407;1.0;0.17433333333333345;12.0;1.0;0.8951157407407407;0.17400000000000013;10.741388888888888;0.8951157407407407;Now
22:16:17 24/02/2020;Monday;0.1739;0.17400000000000013;1.0;0.5983310120660635;0.9035844459082658;0.48819444444444443;0.17400000000000013;5.858333333333333;0.48819444444444443;1.0;0.17466666666666678;12.0;1.0;0.48819444444444443;0.17400000000000013;5.858333333333333;0.48819444444444443;Now
04:07:47 25/02/2020;Tuesday;0.1745;0.17500000000000013;1.0;0.5974947698515861;0.8947463995006453;1.0;0.17500000000000013;12.0;1.0;1.0;0.17500000000000013;12.0;1.0;1.0;0.17500000000000013;12.0;1.0;Now
09:26:32 25/02/2020;Tuesday;0.1747;0.17500000000000013;1.0;0.5974947698515861;0.8947463995006453;1.0;0.17500000000000013;12.0;1.0;1.0;0.17500000000000013;12.0;1.0;1.0;0.17500000000000013;12.0;1.0;Now
16:16:41 25/02/2020;Tuesday;0.1748;0.17500000000000013;1.0;0.5974947698515861;0.8947463995006453;1.0;0.17500000000000013;12.0;1.0;1.0;0.17500000000000013;12.0;1.0;1.0;0.17500000000000013;12.0;1.0;Now
23:40:31 25/02/2020;Tuesday;0.1746;0.17500000000000013;1.0;0.5974947698515861;0.8947463995006453;1.0;0.17500000000000013;12.0;1.0;1.0;0.17500000000000013;12.0;1.0;1.0;0.17500000000000013;12.0;1.0;Now
05:16:02 26/02/2020;Wednesday;0.1745;0.17500000000000013;1.0;0.5974947698515861;0.8947463995006453;1.0;0.17500000000000013;12.0;1.0;1.0;0.17500000000000013;12.0;1.0;1.0;0.17500000000000013;12.0;1.0;Now
10:42:31 26/02/2020;Wednesday;0.1748;0.17500000000000013;1.0;0.5974947698515861;0.8947463995006453;0.9772453703703704;0.17500000000000013;11.726944444444445;0.9772453703703704;1.0;0.17533333333333345;12.0;1.0;0.9772453703703704;0.17500000000000013;11.726944444444445;0.9772453703703704;Now
16:09:02 26/02/2020;Wednesday;0.1747;0.17500000000000013;1.0;0.5974947698515861;0.8947463995006453;0.52375;0.17500000000000013;6.285;0.52375;1.0;0.17550000000000013;12.0;1.0;0.52375;0.17500000000000013;6.285;0.52375;Now
22:26:08 26/02/2020;Wednesday;0.1752;0.17600000000000013;1.0;0.5966573556070518;0.8858959661842385;0.9780555555555556;0.17600000000000013;11.736666666666666;0.9780555555555556;1.0;0.17633333333333345;12.0;1.0;0.9780555555555556;0.17600000000000013;11.736666666666666;0.9780555555555556;Now
05:08:04 27/02/2020;Thursday;0.1758;0.17600000000000013;1.0;0.5966573556070518;0.8858959661842385;0.4198148148148148;0.17600000000000013;5.0377777777777775;0.4198148148148148;1.0;0.17666666666666678;12.0;1.0;0.4198148148148148;0.17600000000000013;5.0377777777777775;0.4198148148148148;Now
10:10:20 27/02/2020;Thursday;0.1764;0.17700000000000013;1.0;0.5958187643906492;0.8770330937302081;1.0;0.17700000000000013;12.0;1.0;1.0;0.17700000000000013;12.0;1.0;1.0;0.17700000000000013;12.0;1.0;Now
15:28:05 27/02/2020;Thursday;0.1765;0.17700000000000013;1.0;0.5958187643906492;0.8770330937302081;1.0;0.17700000000000013;12.0;1.0;1.0;0.17700000000000013;12.0;1.0;1.0;0.17700000000000013;12.0;1.0;Now
22:23:35 27/02/2020;Thursday;0.1768;0.17700000000000013;1.0;0.5958187643906492;0.8770330937302081;0.5559259259259259;0.17700000000000013;6.671111111111111;0.5559259259259259;1.0;0.17775000000000013;12.0;1.0;0.5559259259259259;0.17700000000000013;6.671111111111111;0.5559259259259259;Now
05:03:51 28/02/2020;Friday;0.1772;0.17800000000000013;1.0;0.5949789912257406;0.8681577295416465;1.0;0.17800000000000013;12.0;1.0;1.0;0.17800000000000013;12.0;1.0;1.0;0.17800000000000013;12.0;1.0;Now
07:44:12 28/02/2020;Friday;0.1772;0.17800000000000013;1.0;0.5949789912257406;0.8681577295416465;1.0;0.17800000000000013;12.0;1.0;1.0;0.17800000000000013;12.0;1.0;1.0;0.17800000000000013;12.0;1.0;Now
10:21:48 28/02/2020;Friday;0.1771;0.17800000000000013;1.0;0.5949789912257406;0.8681577295416465;1.0;0.17800000000000013;12.0;1.0;1.0;0.17800000000000013;12.0;1.0;1.0;0.17800000000000013;12.0;1.0;Now
15:56:48 28/02/2020;Friday;0.1775;0.17800000000000013;1.0;0.5949789912257406;0.8681577295416465;1.0;0.17800000000000013;12.0;1.0;1.0;0.17800000000000013;12.0;1.0;1.0;0.17800000000000013;12.0;1.0;Now
23:20:47 28/02/2020;Friday;0.1779;0.17800000000000013;1.0;0.5949789912257406;0.8681577295416465;1.0;0.17800000000000013;12.0;1.0;1.0;0.17800000000000013;12.0;1.0;1.0;0.17800000000000013;12.0;1.0;Now
05:20:51 29/02/2020;Saturday;0.178;0.17800000000000013;1.0;0.5949789912257406;0.8681577295416465;0.581574074074074;0.17800000000000013;6.978888888888889;0.581574074074074;1.0;0.17850000000000013;12.0;1.0;0.581574074074074;0.17800000000000013;6.978888888888889;0.581574074074074;Now
12:19:35 29/02/2020;Saturday;0.1782;0.17900000000000013;1.0;0.5941380311005178;0.8592698206499357;1.0;0.17900000000000013;12.0;1.0;1.0;0.17900000000000013;12.0;1.0;1.0;0.17900000000000013;12.0;1.0;Now
18:53:25 29/02/2020;Saturday;0.1784;0.17900000000000013;1.0;0.5941380311005178;0.8592698206499357;1.0;0.17900000000000013;12.0;1.0;1.0;0.17900000000000013;12.0;1.0;1.0;0.17900000000000013;12.0;1.0;Now
20:43:41 29/02/2020;Saturday;0.1784;0.17900000000000013;1.0;0.5941380311005178;0.8592698206499357;1.0;0.17900000000000013;12.0;1.0;1.0;0.17900000000000013;12.0;1.0;1.0;0.17900000000000013;12.0;1.0;Now
20:43:41 29/02/2020;Saturday;0.1784;0.17900000000000013;1.0;0.5941380311005178;0.8592698206499357;1.0;0.17900000000000013;12.0;1.0;1.0;0.17900000000000013;12.0;1.0;1.0;0.17900000000000013;12.0;1.0;Now
01:10:04 01/03/2020;Sunday;0.1778;0.17900000000000013;1.0;0.5941380311005178;0.8592698206499357;1.0;0.17900000000000013;12.0;1.0;1.0;0.17900000000000013;12.0;1.0;1.0;0.17900000000000013;12.0;1.0;Now
07:02:02 01/03/2020;Sunday;0.1775;0.17900000000000013;1.0;0.5941380311005178;0.8592698206499357;1.0;0.17900000000000013;12.0;1.0;1.0;0.17900000000000013;12.0;1.0;1.0;0.17900000000000013;12.0;1.0;Now
20:34:32 01/03/2020;Sunday;0.1772;0.17800000000000013;1.0;0.5949789912257406;0.8681577295416465;1.0;0.17800000000000013;12.0;1.0;1.0;0.17800000000000013;12.0;1.0;1.0;0.17800000000000013;12.0;1.0;Now
07:02:31 02/03/2020;Monday;0.177;0.17800000000000013;1.0;0.5949789912257406;0.8681577295416465;1.0;0.17800000000000013;12.0;1.0;1.0;0.17733333333333345;12.0;1.0;1.0;0.17733333333333345;12.0;1.0;Now
09:40:43 02/03/2020;Monday;0.177;0.17700000000000013;1.0;0.5958187643906492;0.8770330937302081;1.0;0.17700000000000013;12.0;1.0;1.0;0.17700000000000013;12.0;1.0;1.0;0.17700000000000013;12.0;1.0;Now
13:53:01 02/03/2020;Monday;0.1767;0.17700000000000013;1.0;0.5958187643906492;0.8770330937302081;1.0;0.17700000000000013;12.0;1.0;1.0;0.17700000000000013;12.0;1.0;1.0;0.17700000000000013;12.0;1.0;Now
19:44:19 02/03/2020;Monday;0.1769;0.17700000000000013;1.0;0.5958187643906492;0.8770330937302081;0.9425;0.17700000000000013;11.31;0.9425;1.0;0.17733333333333345;12.0;1.0;0.9425;0.17700000000000013;11.31;0.9425;Now
01:11:18 03/03/2020;Tuesday;0.1768;0.17700000000000013;1.0;0.5958187643906492;0.8770330937302081;0.4883564814814815;0.17700000000000013;5.860277777777778;0.4883564814814815;1.0;0.17800000000000013;12.0;1.0;0.4883564814814815;0.17700000000000013;5.860277777777778;0.4883564814814815;Now
07:02:55 03/03/2020;Tuesday;0.1777;0.17800000000000013;1.0;0.5949789912257406;0.8681577295416465;0.43041666666666667;0.17800000000000013;5.165;0.43041666666666667;1.0;0.17875000000000013;12.0;1.0;0.43041666666666667;0.17800000000000013;5.165;0.43041666666666667;Now
12:12:49 03/03/2020;Tuesday;0.1783;0.17900000000000013;1.0;0.5941380311005178;0.8592698206499357;0.9654166666666667;0.17900000000000013;11.585;0.9654166666666667;1.0;0.17925000000000013;12.0;1.0;0.9654166666666667;0.17900000000000013;11.585;0.9654166666666667;Now
17:47:54 03/03/2020;Tuesday;0.1784;0.17900000000000013;1.0;0.5941380311005178;0.8592698206499357;0.5000231481481482;0.17900000000000013;6.000277777777778;0.5000231481481482;1.0;0.17933333333333346;12.0;1.0;0.5000231481481482;0.17900000000000013;6.000277777777778;0.5000231481481482;Now
18:05:51 03/03/2020;Tuesday;0.1784;0.17900000000000013;1.0;0.5941380311005178;0.8592698206499357;0.47509259259259257;0.17900000000000013;5.7011111111111115;0.47509259259259257;1.0;0.17950000000000013;12.0;1.0;1.0;0.17950000000000013;12.0;1.0;Now
23:47:55 03/03/2020;Tuesday;0.1791;0.18000000000000013;1.0;0.5932958789676529;0.850369313711061;1.0;0.18000000000000013;12.0;1.0;1.0;0.18000000000000013;12.0;1.0;1.0;0.18000000000000013;12.0;1.0;Now
06:38:08 04/03/2020;Wednesday;0.1796;0.18000000000000013;1.0;0.5932958789676529;0.850369313711061;1.0;0.18000000000000013;12.0;1.0;1.0;0.18000000000000013;12.0;1.0;1.0;0.18000000000000013;12.0;1.0;Now
17:14:38 04/03/2020;Wednesday;0.1798;0.18000000000000013;1.0;0.5932958789676529;0.850369313711061;1.0;0.18000000000000013;12.0;1.0;1.0;0.18000000000000013;12.0;1.0;1.0;0.18000000000000013;12.0;1.0;Now
00:47:02 05/03/2020;Thursday;0.1796;0.18000000000000013;1.0;0.5932958789676529;0.850369313711061;0.9652777777777778;0.18000000000000013;11.583333333333334;0.9652777777777778;1.0;0.18033333333333346;12.0;1.0;0.9652777777777778;0.18000000000000013;11.583333333333334;0.9652777777777778;Now
06:13:32 05/03/2020;Thursday;0.1799;0.18000000000000013;1.0;0.5932958789676529;0.850369313711061;0.5118055555555555;0.18000000000000013;6.141666666666667;0.5118055555555555;1.0;0.18050000000000013;12.0;1.0;0.5118055555555555;0.18000000000000013;6.141666666666667;0.5118055555555555;Now
12:22:02 05/03/2020;Thursday;0.1802;0.18100000000000013;1.0;0.5924525297439449;0.8414561550018708;1.0;0.18100000000000013;12.0;1.0;1.0;0.18100000000000013;12.0;1.0;1.0;0.18100000000000013;12.0;1.0;Now
18:55:33 05/03/2020;Thursday;0.1808;0.18100000000000013;1.0;0.5924525297439449;0.8414561550018708;1.0;0.18100000000000013;12.0;1.0;1.0;0.18100000000000013;12.0;1.0;1.0;0.18100000000000013;12.0;1.0;Now
02:11:44 06/03/2020;Friday;0.1809;0.18100000000000013;1.0;0.5924525297439449;0.8414561550018708;1.0;0.18100000000000013;12.0;1.0;1.0;0.18100000000000013;12.0;1.0;1.0;0.18100000000000013;12.0;1.0;Now
08:20:02 06/03/2020;Friday;0.1806;0.18100000000000013;1.0;0.5924525297439449;0.8414561550018708;1.0;0.18100000000000013;12.0;1.0;1.0;0.18100000000000013;12.0;1.0;1.0;0.18100000000000013;12.0;1.0;Now
15:10:05 06/03/2020;Friday;0.1808;0.18100000000000013;1.0;0.5924525297439449;0.8414561550018708;1.0;0.18100000000000013;12.0;1.0;1.0;0.18100000000000013;12.0;1.0;1.0;0.18100000000000013;12.0;1.0;Now
20:03:05 06/03/2020;Friday;0.1804;0.18100000000000013;1.0;0.5924525297439449;0.8414561550018708;1.0;0.18100000000000013;12.0;1.0;1.0;0.18100000000000013;12.0;1.0;1.0;0.18100000000000013;12.0;1.0;Now
07:46:33 07/03/2020;Saturday;0.1805;0.18100000000000013;1.0;0.5924525297439449;0.8414561550018708;1.0;0.18100000000000013;12.0;1.0;1.0;0.18100000000000013;12.0;1.0;1.0;0.18100000000000013;12.0;1.0;Now
14:20:38 07/03/2020;Saturday;0.1803;0.18100000000000013;1.0;0.5924525297439449;0.8414561550018708;1.0;0.18100000000000013;12.0;1.0;1.0;0.18100000000000013;12.0;1.0;1.0;0.18100000000000013;12.0;1.0;Now
03:02:34 08/03/2020;Sunday;0.1798;0.18000000000000013;1.0;0.5932958789676529;0.850369313711061;1.0;0.18000000000000013;12.0;1.0;1.0;0.18000000000000013;12.0;1.0;1.0;0.18000000000000013;12.0;1.0;Now
13:22:16 08/03/2020;Sunday;0.1796;0.18000000000000013;1.0;0.5932958789676529;0.850369313711061;1.0;0.18000000000000013;12.0;1.0;1.0;0.18000000000000013;12.0;1.0;1.0;0.18000000000000013;12.0;1.0;Now
01:47:56 09/03/2020;Monday;0.1793;0.18000000000000013;1.0;0.5932958789676529;0.850369313711061;1.0;0.18000000000000013;12.0;1.0;1.0;0.18000000000000013;12.0;1.0;1.0;0.18000000000000013;12.0;1.0;Now
06:40:50 09/03/2020;Monday;0.1795;0.18000000000000013;1.0;0.5932958789676529;0.850369313711061;0.9195833333333333;0.18000000000000013;11.035;0.9195833333333333;1.0;0.18033333333333346;12.0;1.0;0.9195833333333333;0.18000000000000013;11.035;0.9195833333333333;Now
11:42:49 09/03/2020;Monday;0.1794;0.18000000000000013;1.0;0.5932958789676529;0.850369313711061;0.500162037037037;0.18000000000000013;6.001944444444445;0.500162037037037;1.0;0.18050000000000013;12.0;1.0;0.500162037037037;0.18000000000000013;6.001944444444445;0.500162037037037;Now
17:42:56 09/03/2020;Monday;0.1801;0.18100000000000013;1.0;0.5924525297439449;0.8414561550018708;1.0;0.18100000000000013;12.0;1.0;1.0;0.18100000000000013;12.0;1.0;1.0;0.18100000000000013;12.0;1.0;Now
23:59:45 09/03/2020;Monday;0.1806;0.18100000000000013;1.0;0.5924525297439449;0.8414561550018708;0.604375;0.18100000000000013;7.2525;0.604375;1.0;0.18150000000000013;12.0;1.0;0.604375;0.18100000000000013;7.2525;0.604375;Now
07:14:54 10/03/2020;Tuesday;0.1812;0.18200000000000013;1.0;0.5916079783099615;0.8325302904162943;1.0;0.18200000000000013;12.0;1.0;1.0;0.18200000000000013;12.0;1.0;1.0;0.18200000000000013;12.0;1.0;Now
13:15:31 10/03/2020;Tuesday;0.181;0.18200000000000013;1.0;0.5916079783099615;0.8325302904162943;1.0;0.18200000000000013;12.0;1.0;1.0;0.18200000000000013;12.0;1.0;1.0;0.18200000000000013;12.0;1.0;Now
14:40:09 10/03/2020;Tuesday;0.181;0.18200000000000013;1.0;0.5916079783099615;0.8325302904162943;1.0;0.18200000000000013;12.0;1.0;1.0;0.18200000000000013;12.0;1.0;1.0;0.18200000000000013;12.0;1.0;Now
19:45:45 10/03/2020;Tuesday;0.1818;0.18200000000000013;1.0;0.5916079783099615;0.8325302904162943;0.6223611111111111;0.18200000000000013;7.468333333333334;0.6223611111111111;1.0;0.18233333333333346;12.0;1.0;0.6223611111111111;0.18200000000000013;7.468333333333334;0.6223611111111111;Now
21:05:48 10/03/2020;Tuesday;0.1818;0.18200000000000013;1.0;0.5916079783099615;0.8325302904162943;0.5111805555555555;0.18200000000000013;6.134166666666666;0.5111805555555555;1.0;0.18250000000000013;12.0;1.0;0.5111805555555555;0.18200000000000013;6.134166666666666;0.5111805555555555;Now
03:13:51 11/03/2020;Wednesday;0.1829;0.18300000000000013;1.0;0.5907622195096771;0.8235916654615163;1.0;0.18300000000000013;12.0;1.0;1.0;0.18300000000000013;12.0;1.0;1.0;0.18300000000000013;12.0;1.0;Now
09:47:33 11/03/2020;Wednesday;0.182;0.18300000000000013;1.0;0.5907622195096771;0.8235916654615163;1.0;0.18300000000000013;12.0;1.0;1.0;0.18300000000000013;12.0;1.0;1.0;0.18300000000000013;12.0;1.0;Now
16:04:51 11/03/2020;Wednesday;0.1824;0.18300000000000013;1.0;0.5907622195096771;0.8235916654615163;0.5583564814814815;0.18300000000000013;6.700277777777778;0.5583564814814815;1.0;0.18350000000000014;12.0;1.0;0.5583564814814815;0.18300000000000013;6.700277777777778;0.5583564814814815;Now
22:46:52 11/03/2020;Wednesday;0.1833;0.18400000000000014;1.0;0.5899152481501049;0.8146402252540847;0.48891203703703706;0.18400000000000014;5.866944444444444;0.48891203703703706;1.0;0.18450000000000014;12.0;1.0;1.0;0.18450000000000014;12.0;1.0;Now
04:38:53 12/03/2020;Thursday;0.1845;0.18500000000000014;1.0;0.5890670590009255;0.8056759145159905;1.0;0.18500000000000014;12.0;1.0;1.0;0.18500000000000014;12.0;1.0;1.0;0.18500000000000014;12.0;1.0;Now
11:46:21 12/03/2020;Thursday;0.1846;0.18500000000000014;1.0;0.5890670590009255;0.8056759145159905;0.5937268518518518;0.18500000000000014;7.124722222222222;0.5937268518518518;1.0;0.18550000000000014;12.0;1.0;0.5937268518518518;0.18500000000000014;7.124722222222222;0.5937268518518518;Now
18:53:50 12/03/2020;Thursday;0.1855;0.18600000000000014;1.0;0.5882176467941096;0.7966986775706761;0.6158796296296296;0.18600000000000014;6.151111111111111;0.5125925925925926;1.0;0.1866666666666668;12.0;1.0;0.6158796296296296;0.18600000000000014;6.151111111111111;0.5125925925925926;Now
01:02:54 13/03/2020;Friday;0.1862;0.18700000000000014;1.0;0.5873670062235364;0.7877084583390048;1.0;0.18700000000000014;12.0;1.0;1.0;0.18700000000000014;12.0;1.0;1.0;0.18700000000000014;12.0;1.0;Now
05:39:28 13/03/2020;Friday;0.1858;0.18700000000000014;1.0;0.5873670062235364;0.7877084583390048;1.0;0.18700000000000014;12.0;1.0;1.0;0.18700000000000014;12.0;1.0;1.0;0.18700000000000014;12.0;1.0;Now
12:38:24 13/03/2020;Friday;0.1863;0.18700000000000014;1.0;0.5873670062235364;0.7877084583390048;0.48891203703703706;0.18700000000000014;5.866944444444444;0.48891203703703706;1.0;0.18750000000000014;12.0;1.0;1.0;0.18750000000000014;12.0;1.0;Now
18:30:25 13/03/2020;Friday;0.1873;0.18800000000000014;1.0;0.5865151319446071;0.7787052003351735;1.0;0.18800000000000014;12.0;1.0;1.0;0.18800000000000014;12.0;1.0;1.0;0.18800000000000014;12.0;1.0;Now
00:38:56 14/03/2020;Saturday;0.1875;0.18800000000000014;1.0;0.5865151319446071;0.7787052003351735;0.908587962962963;0.18800000000000014;10.903055555555556;0.908587962962963;1.0;0.18833333333333346;12.0;1.0;0.908587962962963;0.18800000000000014;10.903055555555556;0.908587962962963;Now
06:05:59 14/03/2020;Saturday;0.1879;0.18800000000000014;1.0;0.5865151319446071;0.7787052003351735;0.45435185185185184;0.18800000000000014;5.452222222222222;0.45435185185185184;1.0;0.18850000000000014;12.0;1.0;1.0;0.18850000000000014;12.0;1.0;Now
11:33:07 14/03/2020;Saturday;0.1883;0.18900000000000014;1.0;0.5856620185738528;0.7696888466625715;1.0;0.18900000000000014;12.0;1.0;1.0;0.18900000000000014;12.0;1.0;1.0;0.18900000000000014;12.0;1.0;Now
18:49:02 14/03/2020;Saturday;0.1887;0.18900000000000014;1.0;0.5856620185738528;0.7696888466625715;1.0;0.18900000000000014;12.0;1.0;1.0;0.18900000000000014;12.0;1.0;1.0;0.18900000000000014;12.0;1.0;Now
02:13:11 15/03/2020;Sunday;0.1884;0.18900000000000014;1.0;0.5856620185738528;0.7696888466625715;1.0;0.18900000000000014;12.0;1.0;1.0;0.18900000000000014;12.0;1.0;1.0;0.18900000000000014;12.0;1.0;Now
09:21:01 15/03/2020;Sunday;0.1882;0.18900000000000014;1.0;0.5856620185738528;0.7696888466625715;1.0;0.18900000000000014;12.0;1.0;1.0;0.18900000000000014;12.0;1.0;1.0;0.18900000000000014;12.0;1.0;Now
15:38:15 15/03/2020;Sunday;0.1887;0.18900000000000014;1.0;0.5856620185738528;0.7696888466625715;1.0;0.18900000000000014;12.0;1.0;1.0;0.18900000000000014;12.0;1.0;1.0;0.18900000000000014;12.0;1.0;Now
20:30:29 15/03/2020;Sunday;0.1887;0.18900000000000014;1.0;0.5856620185738528;0.7696888466625715;1.0;0.18900000000000014;12.0;1.0;1.0;0.18900000000000014;12.0;1.0;1.0;0.18900000000000014;12.0;1.0;Now
01:58:19 16/03/2020;Monday;0.1889;0.18900000000000014;1.0;0.5856620185738528;0.7696888466625715;0.5591435185185185;0.18900000000000014;6.709722222222222;0.5591435185185185;1.0;0.1906666666666668;12.0;1.0;0.5591435185185185;0.18900000000000014;6.709722222222222;0.5591435185185185;Now
08:40:54 16/03/2020;Monday;0.1899;0.19000000000000014;1.0;0.5848076606885377;0.7606593400095861;0.43122685185185183;0.19000000000000014;5.174722222222222;0.43122685185185183;1.0;0.19333333333333347;12.0;1.0;0.9547222222222222;0.19150000000000014;11.456666666666667;0.9547222222222222;Now
13:51:23 16/03/2020;Monday;0.1924;0.19300000000000014;1.0;0.5822370651203853;0.7334913227375185;0.5234953703703704;0.19300000000000014;6.281944444444444;0.5234953703703704;1.0;0.19700000000000015;12.0;1.0;0.5234953703703704;0.19300000000000014;6.281944444444444;0.5234953703703704;Now
20:08:18 16/03/2020;Monday;0.1967;0.19700000000000015;1.0;0.5787918451395111;0.6970796066721489;0.46599537037037037;0.19700000000000015;5.591944444444445;0.46599537037037037;1.0;0.19900000000000015;12.0;1.0;1.0;0.19900000000000015;12.0;1.0;Now
01:43:49 17/03/2020;Tuesday;0.2005;0.20100000000000015;1.0;0.5753259945457009;0.6604498505325169;0.9431712962962963;0.20100000000000015;11.318055555555556;0.9431712962962963;1.0;0.20150000000000015;12.0;1.0;0.9431712962962963;0.20100000000000015;11.318055555555556;0.9431712962962963;Now
08:26:30 17/03/2020;Tuesday;0.1997;0.20100000000000015;1.0;0.5753259945457009;0.6604498505325169;0.3838888888888889;0.20100000000000015;4.6066666666666665;0.3838888888888889;1.0;0.20200000000000015;12.0;1.0;1.0;0.2016666666666668;12.0;1.0;Now
09:30:32 17/03/2020;Tuesday;0.1997;0.20100000000000015;1.0;0.5753259945457009;0.6604498505325169;0.2949537037037037;0.20100000000000015;3.5394444444444444;0.2949537037037037;1.0;0.20250000000000015;12.0;1.0;1.0;0.20200000000000015;12.0;1.0;Now
13:02:54 17/03/2020;Tuesday;0.2021;0.20300000000000015;1.0;0.5735852159879994;0.6420519732046295;0.9433101851851852;0.20300000000000015;11.319722222222222;0.9433101851851852;1.0;0.20350000000000015;12.0;1.0;0.9433101851851852;0.20300000000000015;11.319722222222222;0.9433101851851852;Now
17:56:08 17/03/2020;Tuesday;0.203;0.20300000000000015;1.0;0.5735852159879994;0.6420519732046295;0.5360416666666666;0.20300000000000015;6.4325;0.5360416666666666;1.0;0.2036666666666668;12.0;1.0;1.0;0.20400000000000015;12.0;1.0;Now
21:08:16 17/03/2020;Tuesday;0.203;0.20300000000000015;1.0;0.5735852159879994;0.6420519732046295;0.2691898148148148;0.20300000000000015;3.230277777777778;0.2691898148148148;1.0;0.20433333333333348;12.0;1.0;1.0;0.20400000000000015;12.0;1.0;Now
00:22:05 18/03/2020;Wednesday;0.2041;0.20500000000000015;1.0;0.5718391382198318;0.6235980897732325;1.0;0.20500000000000015;12.0;1.0;1.0;0.20500000000000015;12.0;1.0;1.0;0.20500000000000015;12.0;1.0;Now
06:14:37 18/03/2020;Wednesday;0.2043;0.20500000000000015;1.0;0.5718391382198318;0.6235980897732325;0.5124768518518519;0.20500000000000015;6.1497222222222225;0.5124768518518519;1.0;0.20600000000000016;12.0;1.0;0.5124768518518519;0.20500000000000015;6.1497222222222225;0.5124768518518519;Now
12:23:36 18/03/2020;Wednesday;0.2065;0.20700000000000016;1.0;0.5700877125495688;0.605087685627999;0.5833101851851852;0.20700000000000016;6.999722222222222;0.5833101851851852;1.0;0.20850000000000016;12.0;1.0;0.5833101851851852;0.20700000000000016;6.999722222222222;0.5833101851851852;Now
19:23:35 18/03/2020;Wednesday;0.2096;0.21000000000000016;1.0;0.5674504383644442;0.5772149578055743;0.6060648148148148;0.21000000000000016;7.272777777777778;0.6060648148148148;1.0;0.21200000000000016;12.0;1.0;0.6060648148148148;0.21000000000000016;7.272777777777778;0.6060648148148148;Now
02:39:57 19/03/2020;Thursday;0.214;0.21400000000000016;1.0;0.5639148871948673;0.5398485527470055;0.39641203703703703;0.21400000000000016;4.756944444444445;0.39641203703703703;1.0;0.2156666666666668;12.0;1.0;0.8275231481481482;0.21500000000000016;9.930277777777778;0.8275231481481482;Now
07:25:22 19/03/2020;Thursday;0.2152;0.21600000000000016;1.0;0.5621387729022077;0.521077220384201;0.4311111111111111;0.21600000000000016;5.173333333333333;0.4311111111111111;1.0;0.21650000000000016;12.0;1.0;1.0;0.21650000000000016;12.0;1.0;Now
12:35:46 19/03/2020;Thursday;0.217;0.21700000000000016;1.0;0.5612486080160911;0.5116692779989328;0.5945833333333334;0.21700000000000016;7.135;0.5945833333333334;1.0;0.21750000000000017;12.0;1.0;0.5945833333333334;0.21700000000000016;7.135;0.5945833333333334;Now
19:43:52 19/03/2020;Thursday;0.2172;0.21800000000000017;1.0;0.5603570290448758;0.5022463904823257;0.5946759259259259;0.21800000000000017;7.136111111111111;0.5946759259259259;1.0;0.21850000000000017;12.0;1.0;0.5946759259259259;0.21800000000000017;7.136111111111111;0.5946759259259259;Now
02:52:02 20/03/2020;Friday;0.2186;0.21900000000000017;1.0;0.5594640292279744;0.49280848638332836;1.0;0.21900000000000017;12.0;1.0;1.0;0.21900000000000017;12.0;1.0;1.0;0.21900000000000017;12.0;1.0;Now
09:18:07 20/03/2020;Friday;0.2158;0.21900000000000017;1.0;0.5594640292279744;0.49280848638332836;1.0;0.21900000000000017;12.0;1.0;1.0;0.21800000000000017;12.0;1.0;1.0;0.21900000000000017;12.0;1.0;Now
16:43:02 20/03/2020;Friday;0.2166;0.21700000000000016;1.0;0.5612486080160911;0.5116692779989328;0.5471990740740741;0.21700000000000016;6.566388888888889;0.5471990740740741;1.0;0.21750000000000017;12.0;1.0;0.5471990740740741;0.21700000000000016;6.566388888888889;0.5471990740740741;Now
23:17:01 20/03/2020;Friday;0.2174;0.21800000000000017;1.0;0.5603570290448758;0.5022463904823257;0.617662037037037;0.21800000000000017;7.411944444444444;0.617662037037037;1.0;0.21900000000000017;12.0;1.0;0.617662037037037;0.21800000000000017;7.411944444444444;0.617662037037037;Now
06:41:44 21/03/2020;Saturday;0.2193;0.22000000000000017;1.0;0.5585696017507575;0.48335549367973246;0.6178935185185185;0.22000000000000017;7.414722222222222;0.6178935185185185;1.0;0.22100000000000017;12.0;1.0;0.6178935185185185;0.22000000000000017;7.414722222222222;0.6178935185185185;Now
14:06:37 21/03/2020;Saturday;0.2216;0.22200000000000017;1.0;0.556776436283002;0.4644039514755761;0.44101851851851853;0.22200000000000017;5.176111111111111;0.4313425925925926;1.0;0.22266666666666682;12.0;1.0;1.0;0.22250000000000017;12.0;1.0;Now
19:17:11 21/03/2020;Saturday;0.2221;0.22300000000000017;1.0;0.5558776843874917;0.45490525501665563;1.0;0.22300000000000017;12.0;1.0;1.0;0.22300000000000017;12.0;1.0;1.0;0.22300000000000017;12.0;1.0;Now
01:59:39 22/03/2020;Sunday;0.2208;0.22300000000000017;1.0;0.5558776843874917;0.45490525501665563;1.0;0.22300000000000017;12.0;1.0;1.0;0.22300000000000017;12.0;1.0;1.0;0.22300000000000017;12.0;1.0;Now
07:10:02 22/03/2020;Sunday;0.2212;0.22300000000000017;1.0;0.5558776843874917;0.45490525501665563;1.0;0.22300000000000017;12.0;1.0;1.0;0.22300000000000017;12.0;1.0;1.0;0.22300000000000017;12.0;1.0;Now
13:10:31 22/03/2020;Sunday;0.2226;0.22300000000000017;1.0;0.5558776843874917;0.45490525501665563;1.0;0.22300000000000017;12.0;1.0;1.0;0.22300000000000017;12.0;1.0;1.0;0.22300000000000017;12.0;1.0;Now
19:19:33 22/03/2020;Sunday;0.2218;0.22300000000000017;1.0;0.5558776843874917;0.45490525501665563;0.850625;0.22300000000000017;10.2075;0.850625;1.0;0.2233333333333335;12.0;1.0;0.850625;0.22300000000000017;10.2075;0.850625;Now
00:47:03 23/03/2020;Monday;0.2222;0.22300000000000017;1.0;0.5558776843874917;0.45490525501665563;0.3957638888888889;0.22300000000000017;4.7491666666666665;0.3957638888888889;1.0;0.22400000000000017;12.0;1.0;0.8848842592592593;0.22350000000000017;10.618611111111111;0.8848842592592593;Now
05:32:00 23/03/2020;Monday;0.2239;0.22400000000000017;1.0;0.5549774770204642;0.44539117602311507;0.48912037037037037;0.22400000000000017;5.8694444444444445;0.48912037037037037;1.0;0.22450000000000017;12.0;1.0;1.0;0.22450000000000017;12.0;1.0;Now
11:24:10 23/03/2020;Monday;0.2244;0.22500000000000017;1.0;0.5540758070878026;0.4358616395189106;0.5242129629629629;0.22500000000000017;6.290555555555556;0.5242129629629629;1.0;0.22766666666666682;12.0;1.0;0.5242129629629629;0.22500000000000017;6.290555555555556;0.5242129629629629;Now
17:41:36 23/03/2020;Monday;0.2274;0.22800000000000017;1.0;0.5513619500836087;0.4071795259739727;0.41944444444444445;0.22800000000000017;5.033333333333333;0.41944444444444445;1.0;0.22900000000000018;12.0;1.0;1.0;0.22900000000000018;12.0;1.0;Now
22:43:36 23/03/2020;Monday;0.2292;0.23000000000000018;1.0;0.5495452665613633;0.38797942700791194;0.5943981481481482;0.23000000000000018;7.132777777777778;0.5943981481481482;1.0;0.23150000000000018;12.0;1.0;0.5943981481481482;0.23000000000000018;7.132777777777778;0.5943981481481482;Now
05:51:34 24/03/2020;Tuesday;0.2329;0.23300000000000018;1.0;0.5468089245796924;0.35905967504796105;0.6056712962962963;0.23300000000000018;7.268055555555556;0.6056712962962963;1.0;0.23350000000000018;12.0;1.0;0.6056712962962963;0.23300000000000018;7.268055555555556;0.6056712962962963;Now
13:07:39 24/03/2020;Tuesday;0.2336;0.23400000000000018;1.0;0.5458937625582471;0.3493875438448258;0.5582870370370371;0.23400000000000018;6.6994444444444445;0.5582870370370371;1.0;0.23600000000000018;12.0;1.0;0.5582870370370371;0.23400000000000018;6.6994444444444445;0.5582870370370371;Now
19:49:37 24/03/2020;Tuesday;0.2373;0.23800000000000018;1.0;0.5422176684690382;0.310535773871086;1.0;0.23800000000000018;12.0;1.0;1.0;0.23800000000000018;12.0;1.0;1.0;0.23800000000000018;12.0;1.0;Now
08:49:35 25/03/2020;Wednesday;0.2418;0.2420000000000002;1.0;0.5385164807134503;0.2714187948656139;0.3841203703703704;0.2420000000000002;4.609444444444445;0.3841203703703704;1.0;0.2430000000000002;12.0;1.0;1.0;0.2430000000000002;12.0;1.0;Now
13:26:09 25/03/2020;Wednesday;0.2432;0.2440000000000002;1.0;0.5366563145999493;0.25175913866507393;0.6235185185185185;0.2440000000000002;7.482222222222222;0.6235185185185185;1.0;0.2445000000000002;12.0;1.0;0.6235185185185185;0.2440000000000002;7.482222222222222;0.6235185185185185;Now
20:55:05 25/03/2020;Wednesday;0.2447;0.2450000000000002;1.0;0.5357238094391548;0.2419037119193693;0.6166898148148148;0.2450000000000002;7.400277777777778;0.6166898148148148;1.0;0.2455000000000002;12.0;1.0;0.6166898148148148;0.2450000000000002;7.400277777777778;0.6166898148148148;Now
04:19:06 26/03/2020;Thursday;0.2452;0.2460000000000002;1.0;0.5347896782848374;0.2320311004322531;1.0;0.2460000000000002;12.0;1.0;1.0;0.2460000000000002;12.0;1.0;1.0;0.2460000000000002;12.0;1.0;Now
10:53:13 26/03/2020;Thursday;0.2448;0.2460000000000002;1.0;0.5347896782848374;0.2320311004322531;0.8262962962962963;0.2460000000000002;9.915555555555555;0.8262962962962963;1.0;0.2470000000000002;12.0;1.0;0.8262962962962963;0.2460000000000002;9.915555555555555;0.8262962962962963;Now
16:03:05 26/03/2020;Thursday;0.2457;0.2460000000000002;1.0;0.5347896782848374;0.2320311004322531;0.3959259259259259;0.2460000000000002;4.751111111111111;0.3959259259259259;1.0;0.24933333333333352;12.0;1.0;0.9205555555555556;0.2475000000000002;11.046666666666667;0.9205555555555556;Now
20:48:09 26/03/2020;Thursday;0.2484;0.2490000000000002;1.0;0.5319774431308153;0.2023092514630273;0.5246296296296297;0.2490000000000002;6.295555555555556;0.5246296296296297;1.0;0.25100000000000017;12.0;1.0;0.5246296296296297;0.2490000000000002;6.295555555555556;0.5246296296296297;Now
03:05:53 27/03/2020;Friday;0.2523;0.25300000000000017;1.0;0.5282045058497702;0.1624339686733918;1.0;0.25300000000000017;12.0;1.0;1.0;0.25300000000000017;12.0;1.0;1.0;0.25300000000000017;12.0;1.0;Now
14:24:36 27/03/2020;Friday;0.2526;0.25300000000000017;1.0;0.5282045058497702;0.1624339686733918;0.6287268518518518;0.25300000000000017;7.544722222222222;0.6287268518518518;1.0;0.25550000000000017;12.0;1.0;0.6287268518518518;0.25300000000000017;7.544722222222222;0.6287268518518518;Now
21:57:17 27/03/2020;Friday;0.2572;0.2580000000000002;1.0;0.5234500931320959;0.11218570386168862;0.48935185185185187;0.2580000000000002;5.872222222222222;0.48935185185185187;1.0;0.2590000000000002;12.0;1.0;1.0;0.2590000000000002;12.0;1.0;Now
03:49:37 28/03/2020;Saturday;0.2597;0.2600000000000002;1.0;0.5215361924162117;0.09195813934303686;0.6048148148148148;0.2600000000000002;7.257777777777778;0.6048148148148148;1.0;0.2630000000000002;12.0;1.0;0.6048148148148148;0.2600000000000002;7.257777777777778;0.6048148148148148;Now
11:05:05 28/03/2020;Saturday;0.2655;0.2660000000000002;1.0;0.515751878329105;0.030825090265803188;0.547962962962963;0.2660000000000002;6.575555555555556;0.547962962962963;1.0;0.2665000000000002;12.0;1.0;0.547962962962963;0.2660000000000002;6.575555555555556;0.547962962962963;Now
17:39:37 28/03/2020;Saturday;0.2662;0.2670000000000002;1.0;0.5147815070493499;0.020569465454447725;0.5819675925925926;0.2670000000000002;6.983611111111111;0.5819675925925926;1.0;0.2680000000000002;12.0;1.0;0.5819675925925926;0.2670000000000002;6.983611111111111;0.5819675925925926;Now
00:38:38 29/03/2020;Sunday;0.2683;0.2690000000000002;1.0;0.5128352561983233;0.0;1.0;0.2690000000000002;12.0;1.0;1.0;0.2690000000000002;12.0;1.0;1.0;0.2690000000000002;12.0;1.0;Now
07:29:38 29/03/2020;Sunday;0.2674;0.2690000000000002;1.0;0.5128352561983233;0.0;1.0;0.2690000000000002;12.0;1.0;1.0;0.26866666666666683;12.0;1.0;1.0;0.2690000000000002;12.0;1.0;Now
09:13:10 29/03/2020;Sunday;0.2674;0.2690000000000002;1.0;0.5128352561983233;0.0;1.0;0.2690000000000002;12.0;1.0;1.0;0.26833333333333353;12.0;1.0;1.0;0.2690000000000002;12.0;1.0;Now
14:53:39 29/03/2020;Sunday;0.2646;0.2680000000000002;1.0;0.513809303146605;0.010294472083659155;1.0;0.2680000000000002;12.0;1.0;1.0;0.2680000000000002;12.0;1.0;1.0;0.2680000000000002;12.0;1.0;Now
20:37:11 29/03/2020;Sunday;0.2623;0.2680000000000002;1.0;0.513809303146605;0.010294472083659155;1.0;0.2680000000000002;12.0;1.0;1.0;0.2655000000000002;12.0;1.0;1.0;0.2680000000000002;12.0;1.0;Now
04:01:39 30/03/2020;Monday;0.2592;0.2630000000000002;1.0;0.5186520991955974;0.061476839444033225;1.0;0.2630000000000002;12.0;1.0;1.0;0.2615000000000002;12.0;1.0;1.0;0.2615000000000002;12.0;1.0;Now
09:45:40 30/03/2020;Monday;0.2561;0.2600000000000002;1.0;0.5215361924162117;0.09195813934303686;1.0;0.2600000000000002;12.0;1.0;1.0;0.2585000000000002;12.0;1.0;1.0;0.2600000000000002;12.0;1.0;Now
17:09:40 30/03/2020;Monday;0.2555;0.2570000000000002;1.0;0.5244044240850756;0.12227180224878578;1.0;0.2570000000000002;12.0;1.0;1.0;0.2570000000000002;12.0;1.0;1.0;0.2570000000000002;12.0;1.0;Now
23:27:10 30/03/2020;Monday;0.2564;0.2570000000000002;1.0;0.5244044240850756;0.12227180224878578;0.48865740740740743;0.2570000000000002;5.863888888888889;0.48865740740740743;1.0;0.25733333333333347;12.0;1.0;1.0;0.2575000000000002;12.0;1.0;Now
04:12:40 31/03/2020;Tuesday;0.2564;0.2570000000000002;1.0;0.5244044240850756;0.12227180224878578;0.38263888888888886;0.2570000000000002;1.1055555555555556;0.09212962962962963;1.0;0.2576666666666669;12.0;1.0;1.0;0.2575000000000002;12.0;1.0;Now
05:19:00 31/03/2020;Tuesday;0.2573;0.2580000000000002;1.0;0.5234500931320959;0.11218570386168862;1.0;0.2580000000000002;12.0;1.0;1.0;0.2580000000000002;12.0;1.0;1.0;0.2580000000000002;12.0;1.0;Now
12:43:30 31/03/2020;Tuesday;0.2568;0.2580000000000002;1.0;0.5234500931320959;0.11218570386168862;;;;;;;;;;;;;Now
18:46:01 31/03/2020;Tuesday;0.2635;0.2640000000000002;1.0;0.5176871642217913;0.05127866966595773;;;;;;;;;;;;;Now
