20:23:30 31/12/2019;0.1682;;;;;;;
02:40:42 01/01/2020;0.1679;;;;;;;
07:50:08 01/01/2020;0.1677;;;;;;;
13:50:42 01/01/2020;0.1671;0.16800000000000012;1.0;0.6033241251599342;0.16800000000000012;12.0;0.16800000000000012;12.0
20:24:20 01/01/2020;0.1666;0.16800000000000012;1.0;0.6033241251599342;0.16800000000000012;12.0;0.16800000000000012;12.0
03:22:48 02/01/2020;0.1659;0.16700000000000012;1.0;0.6041522986797285;0.16700000000000012;12.0;0.16700000000000012;12.0
09:31:21 02/01/2020;0.1656;0.16600000000000012;1.0;0.6049793384901668;0.16600000000000012;12.0;0.16600000000000012;12.0
16:22:17 02/01/2020;0.1651;0.16600000000000012;1.0;0.6049793384901668;0.16600000000000012;12.0;0.16600000000000012;12.0
20:58:20 02/01/2020;0.1645;0.16600000000000012;1.0;0.6049793384901668;0.16600000000000012;12.0;0.16600000000000012;12.0
02:25:23 03/01/2020;0.1643;0.16600000000000012;1.0;0.6049793384901668;0.16600000000000012;12.0;0.16550000000000012;12.0
06:52:01 03/01/2020;0.1643;0.16500000000000012;1.0;0.6058052492344382;0.16500000000000012;12.0;0.16500000000000012;12.0
08:00:04 03/01/2020;0.1644;0.16500000000000012;1.0;0.6058052492344382;0.16500000000000012;12.0;0.16500000000000012;12.0
13:35:05 03/01/2020;0.1643;0.16500000000000012;1.0;0.6058052492344382;0.16500000000000012;12.0;0.16500000000000012;12.0
18:20:00 03/01/2020;0.1641;0.16500000000000012;1.0;0.6058052492344382;0.16500000000000012;12.0;0.16500000000000012;12.0
23:29:59 03/01/2020;0.164;0.16500000000000012;1.0;0.6058052492344382;0.16500000000000012;12.0;0.16500000000000012;12.0
04:23:00 04/01/2020;0.1637;0.16500000000000012;1.0;0.6058052492344382;0.16500000000000012;12.0;0.16500000000000012;12.0
10:31:37 04/01/2020;0.1635;0.16400000000000012;1.0;0.606630035524124;0.16400000000000012;12.0;0.16400000000000012;12.0
15:07:59 04/01/2020;0.1633;0.16400000000000012;1.0;0.606630035524124;0.16400000000000012;12.0;0.16400000000000012;12.0
18:55:47 04/01/2020;0.1633;0.16400000000000012;1.0;0.606630035524124;0.16400000000000012;12.0;0.16400000000000012;12.0
20:59:52 04/01/2020;0.1632;0.16400000000000012;1.0;0.606630035524124;0.16400000000000012;12.0;0.16400000000000012;12.0
04:06:53 05/01/2020;0.1634;0.16400000000000012;1.0;0.606630035524124;0.16400000000000012;12.0;0.16400000000000012;12.0
16:32:29 05/01/2020;0.1633;0.16400000000000012;1.0;0.606630035524124;0.16400000000000012;12.0;0.16400000000000012;12.0
22:15:55 05/01/2020;0.1636;0.16400000000000012;1.0;0.606630035524124;0.16400000000000012;12.0;0.16400000000000012;12.0
04:40:58 06/01/2020;0.1633;0.16400000000000012;1.0;0.606630035524124;0.16400000000000012;12.0;0.16400000000000012;12.0
07:55:17 06/01/2020;0.1633;0.16400000000000012;1.0;0.606630035524124;0.16400000000000012;12.0;0.16400000000000012;12.0
11:23:23 06/01/2020;0.1634;0.16400000000000012;1.0;0.606630035524124;0.16400000000000012;12.0;0.16400000000000012;12.0
16:41:20 06/01/2020;0.1631;0.16400000000000012;1.0;0.606630035524124;0.16400000000000012;12.0;0.16400000000000012;12.0
02:27:06 07/01/2020;0.1631;0.16400000000000012;1.0;0.606630035524124;0.16400000000000012;12.0;0.16400000000000012;12.0
03:09:25 07/01/2020;0.1629;0.16400000000000012;1.0;0.606630035524124;0.16400000000000012;12.0;0.16400000000000012;12.0
09:34:57 07/01/2020;0.1628;0.16400000000000012;1.0;0.606630035524124;0.16400000000000012;12.0;0.16400000000000012;12.0
15:34:57 07/01/2020;0.1629;0.16300000000000012;1.0;0.6074537019394975;0.16300000000000012;12.0;0.16300000000000012;12.0
20:10:59 07/01/2020;0.1628;0.16300000000000012;1.0;0.6074537019394975;0.16300000000000012;12.0;0.16300000000000012;12.0
02:52:54 08/01/2020;0.1627;0.16300000000000012;1.0;0.6074537019394975;0.16300000000000012;12.0;0.16300000000000012;12.0
15:10:34 08/01/2020;0.1625;0.16300000000000012;1.0;0.6074537019394975;0.16300000000000012;12.0;0.16300000000000012;12.0
20:28:27 08/01/2020;0.1627;0.16300000000000012;1.0;0.6074537019394975;0.16300000000000012;10.754444444444445;0.16300000000000012;10.754444444444445
01:05:13 09/01/2020;0.163;0.16300000000000012;1.0;0.6074537019394975;0.16300000000000012;6.141666666666667;0.16300000000000012;6.141666666666667
07:13:43 09/01/2020;0.1631;0.16400000000000012;1.0;0.606630035524124;0.16400000000000012;12.0;0.16400000000000012;12.0
12:23:12 09/01/2020;0.163;0.16400000000000012;1.0;0.606630035524124;0.16400000000000012;12.0;0.16400000000000012;12.0
18:40:15 09/01/2020;0.1633;0.16400000000000012;1.0;0.606630035524124;0.16400000000000012;12.0;0.16400000000000012;12.0
01:47:37 10/01/2020;0.1636;0.16400000000000012;1.0;0.606630035524124;0.16400000000000012;12.0;0.16400000000000012;12.0
06:32:42 10/01/2020;0.1635;0.16400000000000012;1.0;0.606630035524124;0.16400000000000012;12.0;0.16400000000000012;12.0
16:18:36 10/01/2020;0.1638;0.16400000000000012;1.0;0.606630035524124;0.16400000000000012;5.032777777777778;0.16400000000000012;5.032777777777778
21:20:34 10/01/2020;0.1641;0.16500000000000012;1.0;0.6058052492344382;0.16500000000000012;12.0;0.16500000000000012;12.0
03:03:40 11/01/2020;0.1645;0.16500000000000012;1.0;0.6058052492344382;0.16500000000000012;10.198333333333334;0.16500000000000012;10.198333333333334
07:48:33 11/01/2020;0.1648;0.16500000000000012;1.0;0.6058052492344382;0.16500000000000012;5.450277777777778;0.16550000000000012;12.0
13:15:34 11/01/2020;0.1651;0.16600000000000012;1.0;0.6049793384901668;0.16600000000000012;12.0;0.16600000000000012;12.0
00:50:17 12/01/2020;0.1657;0.16600000000000012;1.0;0.6049793384901668;0.16600000000000012;12.0;0.16600000000000012;12.0
06:08:48 12/01/2020;0.1655;0.16600000000000012;1.0;0.6049793384901668;0.16600000000000012;12.0;0.16600000000000012;12.0
11:35:17 12/01/2020;0.1656;0.16600000000000012;1.0;0.6049793384901668;0.16600000000000012;12.0;0.16600000000000012;12.0
17:26:55 12/01/2020;0.1657;0.16600000000000012;1.0;0.6049793384901668;0.16600000000000012;6.144444444444445;0.16600000000000012;6.144444444444445
23:35:35 12/01/2020;0.1661;0.16700000000000012;1.0;0.6041522986797285;0.16700000000000012;12.0;0.16700000000000012;12.0
05:18:54 13/01/2020;0.1662;0.16700000000000012;1.0;0.6041522986797285;0.16700000000000012;12.0;0.16700000000000012;12.0
11:18:48 13/01/2020;0.1661;0.16700000000000012;1.0;0.6041522986797285;0.16700000000000012;12.0;0.16700000000000012;12.0
16:12:21 13/01/2020;0.1664;0.16700000000000012;1.0;0.6041522986797285;0.16700000000000012;12.0;0.16700000000000012;12.0
21:13:48 13/01/2020;0.1663;0.16700000000000012;1.0;0.6041522986797285;0.16700000000000012;12.0;0.16700000000000012;12.0
01:50:27 14/01/2020;0.1664;0.16700000000000012;1.0;0.6041522986797285;0.16700000000000012;12.0;0.16700000000000012;12.0
07:35:18 14/01/2020;0.1668;0.16700000000000012;1.0;0.6041522986797285;0.16700000000000012;12.0;0.16700000000000012;12.0
10:27:06 14/01/2020;0.1668;0.16700000000000012;1.0;0.6041522986797285;0.16700000000000012;12.0;0.16700000000000012;12.0
12:36:26 14/01/2020;0.1667;0.16700000000000012;1.0;0.6041522986797285;0.16700000000000012;12.0;0.16700000000000012;12.0
15:24:32 14/01/2020;0.1667;0.16700000000000012;1.0;0.6041522986797285;0.16700000000000012;12.0;0.16700000000000012;12.0
19:56:41 14/01/2020;0.1669;0.16700000000000012;1.0;0.6041522986797285;0.16700000000000012;12.0;0.16700000000000012;12.0
02:56:51 15/01/2020;0.1668;0.16700000000000012;1.0;0.6041522986797285;0.16700000000000012;12.0;0.16700000000000012;12.0
08:25:34 15/01/2020;0.1667;0.16700000000000012;1.0;0.6041522986797285;0.16700000000000012;12.0;0.16700000000000012;12.0
14:17:34 15/01/2020;0.1666;0.16700000000000012;1.0;0.6041522986797285;0.16700000000000012;7.126666666666667;0.16700000000000012;7.126666666666667
21:25:10 15/01/2020;0.1672;0.16800000000000012;1.0;0.6033241251599342;0.16800000000000012;12.0;0.16800000000000012;12.0
04:32:29 16/01/2020;0.1673;0.16800000000000012;1.0;0.6033241251599342;0.16800000000000012;12.0;0.16800000000000012;12.0
11:48:22 16/01/2020;0.1672;0.16800000000000012;1.0;0.6033241251599342;0.16800000000000012;12.0;0.16800000000000012;12.0
02:02:53 17/01/2020;0.1674;0.16800000000000012;1.0;0.6033241251599342;0.16800000000000012;12.0;0.16800000000000012;12.0
06:47:47 17/01/2020;0.1672;0.16800000000000012;1.0;0.6033241251599342;0.16800000000000012;12.0;0.16800000000000012;12.0
12:56:16 17/01/2020;0.1671;0.16800000000000012;1.0;0.6033241251599342;0.16800000000000012;12.0;0.16800000000000012;12.0
20:20:28 17/01/2020;0.1675;0.16800000000000012;1.0;0.6033241251599342;0.16800000000000012;7.263333333333334;0.16800000000000012;7.263333333333334
03:36:16 18/01/2020;0.1682;0.16900000000000012;1.0;0.6024948132556827;0.16900000000000012;12.0;0.16900000000000012;12.0
09:53:22 18/01/2020;0.1683;0.16900000000000012;1.0;0.6024948132556827;0.16900000000000012;12.0;0.16900000000000012;12.0
16:27:29 18/01/2020;0.1681;0.16900000000000012;1.0;0.6024948132556827;0.16900000000000012;12.0;0.16900000000000012;12.0
04:10:46 19/01/2020;0.1677;0.16900000000000012;1.0;0.6024948132556827;0.16900000000000012;12.0;0.16900000000000012;12.0
10:36:01 19/01/2020;0.1678;0.16800000000000012;1.0;0.6033241251599342;0.16800000000000012;12.0;0.16800000000000012;12.0
15:37:31 19/01/2020;0.168;0.16800000000000012;1.0;0.6033241251599342;0.16800000000000012;12.0;0.16800000000000012;12.0
20:56:01 19/01/2020;0.1678;0.16800000000000012;1.0;0.6033241251599342;0.16800000000000012;12.0;0.16800000000000012;12.0
02:56:41 20/01/2020;0.1674;0.16800000000000012;1.0;0.6033241251599342;0.16800000000000012;12.0;0.16800000000000012;12.0
09:05:01 20/01/2020;0.1671;0.16800000000000012;1.0;0.6033241251599342;0.16800000000000012;12.0;0.16800000000000012;12.0
21:22:30 20/01/2020;0.1673;0.16800000000000012;1.0;0.6033241251599342;0.16800000000000012;12.0;0.16800000000000012;12.0
02:15:54 21/01/2020;0.167;0.16800000000000012;1.0;0.6033241251599342;0.16800000000000012;12.0;0.16800000000000012;12.0
09:48:28 21/01/2020;0.1668;0.16700000000000012;1.0;0.6041522986797285;0.16700000000000012;12.0;0.16700000000000012;12.0
18:06:59 21/01/2020;0.1668;0.16700000000000012;1.0;0.6041522986797285;0.16700000000000012;12.0;0.16700000000000012;12.0
22:50:46 21/01/2020;0.1669;0.16700000000000012;1.0;0.6041522986797285;0.16700000000000012;12.0;0.16700000000000012;12.0
10:55:20 22/01/2020;0.1668;0.16700000000000012;1.0;0.6041522986797285;0.16700000000000012;12.0;0.16700000000000012;12.0
16:30:21 22/01/2020;0.1669;0.16700000000000012;1.0;0.6041522986797285;0.16700000000000012;12.0;0.16700000000000012;12.0
00:02:43 23/01/2020;0.167;0.16700000000000012;1.0;0.6041522986797285;0.16700000000000012;5.024444444444445;0.16750000000000012;12.0
05:04:11 23/01/2020;0.1671;0.16800000000000012;1.0;0.6033241251599342;0.16800000000000012;12.0;0.16800000000000012;12.0
12:27:41 23/01/2020;0.1668;0.16800000000000012;1.0;0.6033241251599342;0.16800000000000012;12.0;0.16750000000000012;10.892222222222221
17:12:38 23/01/2020;0.1667;0.16700000000000012;1.0;0.6041522986797285;0.16700000000000012;6.143055555555556;0.16700000000000012;6.143055555555556
23:21:13 23/01/2020;0.1671;0.16800000000000012;1.0;0.6033241251599342;0.16800000000000012;12.0;0.16800000000000012;12.0
05:04:52 24/01/2020;0.1672;0.16800000000000012;1.0;0.6033241251599342;0.16800000000000012;12.0;0.16800000000000012;12.0
10:06:08 24/01/2020;0.1671;0.16800000000000012;1.0;0.6033241251599342;0.16800000000000012;12.0;0.16800000000000012;12.0
16:39:32 24/01/2020;0.1672;0.16800000000000012;1.0;0.6033241251599342;0.16800000000000012;12.0;0.16800000000000012;12.0
23:05:02 24/01/2020;0.1673;0.16800000000000012;1.0;0.6033241251599342;0.16800000000000012;12.0;0.16800000000000012;12.0
09:14:09 25/01/2020;0.1673;0.16800000000000012;1.0;0.6033241251599342;0.16800000000000012;12.0;0.16800000000000012;12.0
11:39:11 25/01/2020;0.1671;0.16800000000000012;1.0;0.6033241251599342;0.16800000000000012;12.0;0.16800000000000012;12.0
17:56:13 25/01/2020;0.167;0.16800000000000012;1.0;0.6033241251599342;0.16800000000000012;12.0;0.16800000000000012;12.0
07:54:13 26/01/2020;0.1669;0.16700000000000012;1.0;0.6041522986797285;0.16700000000000012;12.0;0.16700000000000012;12.0
12:30:42 26/01/2020;0.1668;0.16700000000000012;1.0;0.6041522986797285;0.16700000000000012;12.0;0.16700000000000012;12.0
18:05:48 26/01/2020;0.1667;0.16700000000000012;1.0;0.6041522986797285;0.16700000000000012;12.0;0.16700000000000012;12.0
03:52:24 27/01/2020;0.1665;0.16700000000000012;1.0;0.6041522986797285;0.16700000000000012;12.0;0.16700000000000012;12.0
14:04:12 27/01/2020;0.1664;0.16700000000000012;1.0;0.6041522986797285;0.16700000000000012;12.0;0.16700000000000012;12.0
01:22:53 28/01/2020;0.1665;0.16700000000000012;1.0;0.6041522986797285;0.16700000000000012;12.0;0.16700000000000012;12.0
06:16:14 28/01/2020;0.1664;0.16700000000000012;1.0;0.6041522986797285;0.16700000000000012;12.0;0.16700000000000012;12.0
16:44:41 28/01/2020;0.1667;0.16700000000000012;1.0;0.6041522986797285;0.16700000000000012;5.4447222222222225;0.16750000000000012;12.0
22:11:22 28/01/2020;0.1672;0.16800000000000012;1.0;0.6033241251599342;0.16800000000000012;6.566388888888889;0.16800000000000012;6.566388888888889
04:45:21 29/01/2020;0.1682;0.16900000000000012;1.0;0.6024948132556827;0.16900000000000012;12.0;0.16900000000000012;12.0
11:27:23 29/01/2020;0.1683;0.16900000000000012;1.0;0.6024948132556827;0.16900000000000012;12.0;0.16900000000000012;12.0
23:36:20 29/01/2020;0.1685;0.16900000000000012;1.0;0.6024948132556827;0.16900000000000012;12.0;0.16900000000000012;12.0
16:04:51 30/01/2020;0.1686;0.16900000000000012;1.0;0.6024948132556827;0.16900000000000012;12.0;0.16900000000000012;12.0
22:13:29 30/01/2020;0.169;0.16900000000000012;1.0;0.6024948132556827;0.16900000000000012;7.268611111111111;0.16900000000000012;7.268611111111111
05:29:36 31/01/2020;0.1695;0.17000000000000012;1.0;0.6016643582596528;0.17000000000000012;12.0;0.17000000000000012;12.0
18:53:59 31/01/2020;0.1698;0.17000000000000012;1.0;0.6016643582596528;0.17000000000000012;12.0;0.17000000000000012;12.0
18:53:59 31/01/2020;0.1698;0.17000000000000012;1.0;0.6016643582596528;0.17000000000000012;12.0;0.17000000000000012;12.0
02:26:29 01/02/2020;0.17;0.17000000000000012;1.0;0.6016643582596528;0.17000000000000012;5.585833333333333;0.17050000000000012;12.0
08:01:38 01/02/2020;0.1702;0.17100000000000012;1.0;0.600832755431992;0.17100000000000012;12.0;0.17100000000000012;12.0
14:35:37 01/02/2020;0.1704;0.17100000000000012;1.0;0.600832755431992;0.17100000000000012;12.0;0.17100000000000012;12.0
06:47:30 02/02/2020;0.1701;0.17100000000000012;1.0;0.600832755431992;0.17100000000000012;12.0;0.17100000000000012;12.0
11:23:58 02/02/2020;0.17;0.17100000000000012;1.0;0.600832755431992;0.17100000000000012;12.0;0.17100000000000012;12.0
17:16:01 02/02/2020;0.1699;0.17100000000000012;1.0;0.600832755431992;0.17100000000000012;12.0;0.17100000000000012;12.0
23:41:01 02/02/2020;0.17;0.17000000000000012;1.0;0.6016643582596528;0.17000000000000012;12.0;0.17000000000000012;12.0
04:17:33 03/02/2020;0.1697;0.17000000000000012;1.0;0.6016643582596528;0.17000000000000012;12.0;0.17000000000000012;12.0
17:34:10 03/02/2020;0.1701;0.17100000000000012;1.0;0.600832755431992;0.17100000000000012;12.0;0.17100000000000012;12.0
00:41:03 04/02/2020;0.1705;0.17100000000000012;1.0;0.600832755431992;0.17100000000000012;12.0;0.17100000000000012;12.0
06:24:35 04/02/2020;0.171;0.17100000000000012;1.0;0.600832755431992;0.17100000000000012;12.0;0.17100000000000012;12.0
12:58:32 04/02/2020;0.1708;0.17100000000000012;1.0;0.600832755431992;0.17100000000000012;7.179166666666666;0.17100000000000012;7.179166666666666
20:09:17 04/02/2020;0.1711;0.17200000000000013;1.0;0.5999999999999999;0.17200000000000013;12.0;0.17200000000000013;12.0
03:15:14 05/02/2020;0.1708;0.17200000000000013;1.0;0.5999999999999999;0.17200000000000013;12.0;0.17150000000000012;12.0
08:16:48 05/02/2020;0.1707;0.17100000000000012;1.0;0.600832755431992;0.17100000000000012;12.0;0.17100000000000012;12.0
15:24:13 05/02/2020;0.171;0.17100000000000012;1.0;0.600832755431992;0.17100000000000012;7.542222222222223;0.17100000000000012;7.542222222222223
22:56:45 05/02/2020;0.1724;0.17300000000000013;1.0;0.5991660871578096;0.17300000000000013;10.333333333333334;0.17300000000000013;10.333333333333334
03:33:16 06/02/2020;0.1729;0.17300000000000013;1.0;0.5991660871578096;0.17300000000000013;5.724722222222222;0.17300000000000013;5.724722222222222
09:16:45 06/02/2020;0.1732;0.17400000000000013;1.0;0.5983310120660635;0.17400000000000013;12.0;0.17400000000000013;12.0
09:25:57 06/02/2020;0.1732;0.17400000000000013;1.0;0.5983310120660635;0.17400000000000013;12.0;0.17400000000000013;12.0
15:16:49 06/02/2020;0.1733;0.17400000000000013;1.0;0.5983310120660635;0.17400000000000013;12.0;0.17400000000000013;12.0
21:46:48 06/02/2020;0.1736;0.17400000000000013;1.0;0.5983310120660635;0.17400000000000013;12.0;0.17400000000000013;12.0
04:38:50 07/02/2020;0.1735;0.17400000000000013;1.0;0.5983310120660635;0.17400000000000013;11.451944444444445;0.17400000000000013;11.451944444444445
10:21:48 07/02/2020;0.174;0.17400000000000013;1.0;0.5983310120660635;0.17400000000000013;5.735833333333333;0.17400000000000013;5.735833333333333
16:05:57 07/02/2020;0.1743;0.17500000000000013;1.0;0.5974947698515861;0.17500000000000013;10.464166666666667;0.17500000000000013;10.464166666666667
21:32:18 07/02/2020;0.1745;0.17500000000000013;1.0;0.5974947698515861;0.17500000000000013;5.025;0.17550000000000013;12.0
02:33:48 08/02/2020;0.1752;0.17600000000000013;1.0;0.5966573556070518;0.17600000000000013;12.0;0.17600000000000013;12.0
08:42:39 08/02/2020;0.1755;0.17600000000000013;1.0;0.5966573556070518;0.17600000000000013;12.0;0.17600000000000013;12.0
14:09:31 08/02/2020;0.1759;0.17600000000000013;1.0;0.5966573556070518;0.17600000000000013;7.118888888888889;0.17600000000000013;7.118888888888889
21:16:39 08/02/2020;0.1766;0.17700000000000013;1.0;0.5958187643906492;0.17700000000000013;12.0;0.17700000000000013;12.0
03:50:36 09/02/2020;0.1768;0.17700000000000013;1.0;0.5958187643906492;0.17700000000000013;11.450555555555555;0.17700000000000013;11.450555555555555
08:35:02 09/02/2020;0.1769;0.17700000000000013;1.0;0.5958187643906492;0.17700000000000013;6.71;0.17700000000000013;6.71
15:17:38 09/02/2020;0.1772;0.17800000000000013;1.0;0.5949789912257406;0.17800000000000013;5.2988888888888885;0.17800000000000013;5.2988888888888885
20:35:34 09/02/2020;0.1781;0.17900000000000013;1.0;0.5941380311005178;0.17900000000000013;12.0;0.17900000000000013;12.0
23:25:32 09/02/2020;0.1781;0.17900000000000013;1.0;0.5941380311005178;0.17900000000000013;12.0;0.17900000000000013;12.0
11:07:12 10/02/2020;0.1786;0.17900000000000013;1.0;0.5941380311005178;0.17900000000000013;11.034444444444444;0.17900000000000013;11.034444444444444
17:15:44 10/02/2020;0.179;0.17900000000000013;1.0;0.5941380311005178;0.17900000000000013;4.892222222222222;0.17950000000000013;12.0
22:09:16 10/02/2020;0.1797;0.18000000000000013;1.0;0.5932958789676529;0.18000000000000013;12.0;0.18000000000000013;12.0
04:34:13 11/02/2020;0.1796;0.18000000000000013;1.0;0.5932958789676529;0.18000000000000013;12.0;0.18000000000000013;12.0
10:01:12 11/02/2020;0.1797;0.18000000000000013;1.0;0.5932958789676529;0.18000000000000013;11.735;0.18000000000000013;11.735
15:03:13 11/02/2020;0.1799;0.18000000000000013;1.0;0.5932958789676529;0.18000000000000013;6.701388888888889;0.18033333333333346;12.0
17:26:01 11/02/2020;0.1799;0.18000000000000013;1.0;0.5932958789676529;0.18000000000000013;4.3213888888888885;0.18050000000000013;12.0
21:45:18 11/02/2020;0.1801;0.18100000000000013;1.0;0.5924525297439449;0.18100000000000013;12.0;0.18100000000000013;12.0
03:45:18 12/02/2020;0.1808;0.18100000000000013;1.0;0.5924525297439449;0.18100000000000013;12.0;0.18100000000000013;12.0
10:27:47 12/02/2020;0.1805;0.18100000000000013;1.0;0.5924525297439449;0.18100000000000013;12.0;0.18100000000000013;12.0
17:01:22 12/02/2020;0.1802;0.18100000000000013;1.0;0.5924525297439449;0.18100000000000013;12.0;0.18100000000000013;12.0
04:45:22 13/02/2020;0.1799;0.18100000000000013;1.0;0.5924525297439449;0.18100000000000013;12.0;0.18050000000000013;12.0
09:21:52 13/02/2020;0.1796;0.18000000000000013;1.0;0.5932958789676529;0.18000000000000013;12.0;0.18000000000000013;12.0
15:05:23 13/02/2020;0.1794;0.18000000000000013;1.0;0.5932958789676529;0.18000000000000013;12.0;0.18000000000000013;12.0
20:56:52 13/02/2020;0.1796;0.18000000000000013;1.0;0.5932958789676529;0.18000000000000013;12.0;0.18000000000000013;12.0
04:04:34 14/02/2020;0.1797;0.18000000000000013;1.0;0.5932958789676529;0.18000000000000013;12.0;0.18000000000000013;12.0
10:47:08 14/02/2020;0.1795;0.18000000000000013;1.0;0.5932958789676529;0.18000000000000013;12.0;0.18000000000000013;12.0
16:05:30 14/02/2020;0.1794;0.18000000000000013;1.0;0.5932958789676529;0.18000000000000013;12.0;0.18000000000000013;12.0
21:24:03 14/02/2020;0.1791;0.18000000000000013;1.0;0.5932958789676529;0.18000000000000013;12.0;0.18000000000000013;12.0
04:51:30 15/02/2020;0.1779;0.18000000000000013;1.0;0.5932958789676529;0.18000000000000013;12.0;0.17900000000000013;12.0
09:47:37 15/02/2020;0.1772;0.17800000000000013;1.0;0.5949789912257406;0.17800000000000013;12.0;0.17800000000000013;12.0
14:57:39 15/02/2020;0.1766;0.17800000000000013;1.0;0.5949789912257406;0.17800000000000013;12.0;0.17800000000000013;12.0
21:23:00 15/02/2020;0.1758;0.17800000000000013;1.0;0.5949789912257406;0.17800000000000013;12.0;0.17800000000000013;12.0
02:33:07 16/02/2020;0.1755;0.17600000000000013;1.0;0.5966573556070518;0.17600000000000013;12.0;0.17600000000000013;12.0
08:25:04 16/02/2020;0.1747;0.17600000000000013;1.0;0.5966573556070518;0.17600000000000013;12.0;0.17600000000000013;12.0
14:24:59 16/02/2020;0.1739;0.17600000000000013;1.0;0.5966573556070518;0.17600000000000013;12.0;0.17600000000000013;12.0
20:33:58 16/02/2020;0.1731;0.17400000000000013;1.0;0.5983310120660635;0.17400000000000013;12.0;0.17400000000000013;12.0
02:09:07 17/02/2020;0.1729;0.17400000000000013;1.0;0.5983310120660635;0.17400000000000013;12.0;0.17400000000000013;12.0
09:24:42 17/02/2020;0.1723;0.17300000000000013;1.0;0.5991660871578096;0.17300000000000013;12.0;0.17300000000000013;12.0
15:16:38 17/02/2020;0.1719;0.17300000000000013;1.0;0.5991660871578096;0.17300000000000013;12.0;0.17300000000000013;12.0
22:48:42 17/02/2020;0.1716;0.17200000000000013;1.0;0.5999999999999999;0.17200000000000013;12.0;0.17200000000000013;12.0
05:39:06 18/02/2020;0.1714;0.17200000000000013;1.0;0.5999999999999999;0.17200000000000013;12.0;0.17200000000000013;12.0
10:41:00 18/02/2020;0.1714;0.17200000000000013;1.0;0.5999999999999999;0.17200000000000013;12.0;0.17200000000000013;12.0
16:24:22 18/02/2020;0.1712;0.17200000000000013;1.0;0.5999999999999999;0.17200000000000013;12.0;0.17200000000000013;12.0
21:00:52 18/02/2020;0.1714;0.17200000000000013;1.0;0.5999999999999999;0.17200000000000013;12.0;0.17200000000000013;12.0
22:06:48 18/02/2020;0.1714;0.17200000000000013;1.0;0.5999999999999999;0.17200000000000013;12.0;0.17200000000000013;12.0
09:34:58 19/02/2020;0.1716;0.17200000000000013;1.0;0.5999999999999999;0.17200000000000013;12.0;0.17200000000000013;12.0
16:50:23 19/02/2020;0.1718;0.17200000000000013;1.0;0.5999999999999999;0.17200000000000013;5.768888888888889;0.17250000000000013;12.0
22:36:31 19/02/2020;0.1729;0.17300000000000013;1.0;0.5991660871578096;0.17300000000000013;12.0;0.17300000000000013;12.0
05:29:28 20/02/2020;0.1728;0.17300000000000013;1.0;0.5991660871578096;0.17300000000000013;6.698611111111111;0.17300000000000013;6.698611111111111
12:11:23 20/02/2020;0.1733;0.17400000000000013;1.0;0.5983310120660635;0.17400000000000013;12.0;0.17400000000000013;12.0
19:26:58 20/02/2020;0.1735;0.17400000000000013;1.0;0.5983310120660635;0.17400000000000013;12.0;0.17400000000000013;12.0
00:53:24 21/02/2020;0.1737;0.17400000000000013;1.0;0.5983310120660635;0.17400000000000013;12.0;0.17400000000000013;12.0
06:19:53 21/02/2020;0.174;0.17400000000000013;1.0;0.5983310120660635;0.17400000000000013;7.2588888888888885;0.17400000000000013;7.2588888888888885
13:35:25 21/02/2020;0.1743;0.17500000000000013;1.0;0.5974947698515861;0.17500000000000013;12.0;0.17500000000000013;12.0
18:29:02 21/02/2020;0.1746;0.17500000000000013;1.0;0.5974947698515861;0.17500000000000013;7.256111111111111;0.17500000000000013;7.256111111111111
01:44:24 22/02/2020;0.1753;0.17600000000000013;1.0;0.5966573556070518;0.17600000000000013;12.0;0.17600000000000013;12.0
06:54:12 22/02/2020;0.1756;0.17600000000000013;1.0;0.5966573556070518;0.17600000000000013;12.0;0.17600000000000013;12.0
19:02:46 22/02/2020;0.1754;0.17600000000000013;1.0;0.5966573556070518;0.17600000000000013;12.0;0.17600000000000013;12.0
02:09:43 23/02/2020;0.1751;0.17600000000000013;1.0;0.5966573556070518;0.17600000000000013;12.0;0.17600000000000013;12.0
08:01:42 23/02/2020;0.1748;0.17600000000000013;1.0;0.5966573556070518;0.17600000000000013;12.0;0.17600000000000013;12.0
13:45:13 23/02/2020;0.1744;0.17600000000000013;1.0;0.5966573556070518;0.17600000000000013;12.0;0.17600000000000013;12.0
21:17:22 23/02/2020;0.1739;0.17500000000000013;1.0;0.5974947698515861;0.17500000000000013;12.0;0.17500000000000013;12.0
04:41:19 24/02/2020;0.1735;0.17400000000000013;1.0;0.5983310120660635;0.17400000000000013;12.0;0.17400000000000013;12.0
17:23:18 24/02/2020;0.1736;0.17400000000000013;1.0;0.5983310120660635;0.17400000000000013;10.741388888888888;0.17400000000000013;10.741388888888888
22:16:17 24/02/2020;0.1739;0.17400000000000013;1.0;0.5983310120660635;0.17400000000000013;5.858333333333333;0.17400000000000013;5.858333333333333
04:07:47 25/02/2020;0.1745;0.17500000000000013;1.0;0.5974947698515861;0.17500000000000013;12.0;0.17500000000000013;12.0
09:26:32 25/02/2020;0.1747;0.17500000000000013;1.0;0.5974947698515861;0.17500000000000013;12.0;0.17500000000000013;12.0
16:16:41 25/02/2020;0.1748;0.17500000000000013;1.0;0.5974947698515861;0.17500000000000013;12.0;0.17500000000000013;12.0
23:40:31 25/02/2020;0.1746;0.17500000000000013;1.0;0.5974947698515861;0.17500000000000013;12.0;0.17500000000000013;12.0
05:16:02 26/02/2020;0.1745;0.17500000000000013;1.0;0.5974947698515861;0.17500000000000013;12.0;0.17500000000000013;12.0
10:42:31 26/02/2020;0.1748;0.17500000000000013;1.0;0.5974947698515861;0.17500000000000013;11.726944444444445;0.17500000000000013;11.726944444444445
16:09:02 26/02/2020;0.1747;0.17500000000000013;1.0;0.5974947698515861;0.17500000000000013;6.285;0.17500000000000013;6.285
22:26:08 26/02/2020;0.1752;0.17600000000000013;1.0;0.5966573556070518;0.17600000000000013;11.736666666666666;0.17600000000000013;11.736666666666666
05:08:04 27/02/2020;0.1758;0.17600000000000013;1.0;0.5966573556070518;0.17600000000000013;5.0377777777777775;0.17600000000000013;5.0377777777777775
10:10:20 27/02/2020;0.1764;0.17700000000000013;1.0;0.5958187643906492;0.17700000000000013;12.0;0.17700000000000013;12.0
15:28:05 27/02/2020;0.1765;0.17700000000000013;1.0;0.5958187643906492;0.17700000000000013;12.0;0.17700000000000013;12.0
22:23:35 27/02/2020;0.1768;0.17700000000000013;1.0;0.5958187643906492;0.17700000000000013;6.671111111111111;0.17700000000000013;6.671111111111111
05:03:51 28/02/2020;0.1772;0.17800000000000013;1.0;0.5949789912257406;0.17800000000000013;12.0;0.17800000000000013;12.0
07:44:12 28/02/2020;0.1772;0.17800000000000013;1.0;0.5949789912257406;0.17800000000000013;12.0;0.17800000000000013;12.0
10:21:48 28/02/2020;0.1771;0.17800000000000013;1.0;0.5949789912257406;0.17800000000000013;12.0;0.17800000000000013;12.0
15:56:48 28/02/2020;0.1775;0.17800000000000013;1.0;0.5949789912257406;0.17800000000000013;12.0;0.17800000000000013;12.0
23:20:47 28/02/2020;0.1779;0.17800000000000013;1.0;0.5949789912257406;0.17800000000000013;12.0;0.17800000000000013;12.0
05:20:51 29/02/2020;0.178;0.17800000000000013;1.0;0.5949789912257406;0.17800000000000013;6.978888888888889;0.17800000000000013;6.978888888888889
12:19:35 29/02/2020;0.1782;0.17900000000000013;1.0;0.5941380311005178;0.17900000000000013;12.0;0.17900000000000013;12.0
18:53:25 29/02/2020;0.1784;0.17900000000000013;1.0;0.5941380311005178;0.17900000000000013;12.0;0.17900000000000013;12.0
20:43:41 29/02/2020;0.1784;0.17900000000000013;1.0;0.5941380311005178;0.17900000000000013;12.0;0.17900000000000013;12.0
20:43:41 29/02/2020;0.1784;0.17900000000000013;1.0;0.5941380311005178;0.17900000000000013;12.0;0.17900000000000013;12.0
01:10:04 01/03/2020;0.1778;0.17900000000000013;1.0;0.5941380311005178;0.17900000000000013;12.0;0.17900000000000013;12.0
07:02:02 01/03/2020;0.1775;0.17900000000000013;1.0;0.5941380311005178;0.17900000000000013;12.0;0.17900000000000013;12.0
20:34:32 01/03/2020;0.1772;0.17800000000000013;1.0;0.5949789912257406;0.17800000000000013;12.0;0.17800000000000013;12.0
07:02:31 02/03/2020;0.177;0.17800000000000013;1.0;0.5949789912257406;0.17800000000000013;12.0;0.17733333333333345;12.0
09:40:43 02/03/2020;0.177;0.17700000000000013;1.0;0.5958187643906492;0.17700000000000013;12.0;0.17700000000000013;12.0
13:53:01 02/03/2020;0.1767;0.17700000000000013;1.0;0.5958187643906492;0.17700000000000013;12.0;0.17700000000000013;12.0
19:44:19 02/03/2020;0.1769;0.17700000000000013;1.0;0.5958187643906492;0.17700000000000013;11.31;0.17700000000000013;11.31
01:11:18 03/03/2020;0.1768;0.17700000000000013;1.0;0.5958187643906492;0.17700000000000013;5.860277777777778;0.17700000000000013;5.860277777777778
07:02:55 03/03/2020;0.1777;0.17800000000000013;1.0;0.5949789912257406;0.17800000000000013;5.165;0.17800000000000013;5.165
12:12:49 03/03/2020;0.1783;0.17900000000000013;1.0;0.5941380311005178;0.17900000000000013;11.585;0.17900000000000013;11.585
17:47:54 03/03/2020;0.1784;0.17900000000000013;1.0;0.5941380311005178;0.17900000000000013;6.000277777777778;0.17900000000000013;6.000277777777778
18:05:51 03/03/2020;0.1784;0.17900000000000013;1.0;0.5941380311005178;0.17900000000000013;5.7011111111111115;0.17950000000000013;12.0
23:47:55 03/03/2020;0.1791;0.18000000000000013;1.0;0.5932958789676529;0.18000000000000013;12.0;0.18000000000000013;12.0
06:38:08 04/03/2020;0.1796;0.18000000000000013;1.0;0.5932958789676529;0.18000000000000013;12.0;0.18000000000000013;12.0
17:14:38 04/03/2020;0.1798;0.18000000000000013;1.0;0.5932958789676529;0.18000000000000013;12.0;0.18000000000000013;12.0
00:47:02 05/03/2020;0.1796;0.18000000000000013;1.0;0.5932958789676529;0.18000000000000013;11.583333333333334;0.18000000000000013;11.583333333333334
06:13:32 05/03/2020;0.1799;0.18000000000000013;1.0;0.5932958789676529;0.18000000000000013;6.141666666666667;0.18000000000000013;6.141666666666667
12:22:02 05/03/2020;0.1802;0.18100000000000013;1.0;0.5924525297439449;0.18100000000000013;12.0;0.18100000000000013;12.0
18:55:33 05/03/2020;0.1808;0.18100000000000013;1.0;0.5924525297439449;0.18100000000000013;12.0;0.18100000000000013;12.0
02:11:44 06/03/2020;0.1809;0.18100000000000013;1.0;0.5924525297439449;0.18100000000000013;12.0;0.18100000000000013;12.0
08:20:02 06/03/2020;0.1806;0.18100000000000013;1.0;0.5924525297439449;0.18100000000000013;12.0;0.18100000000000013;12.0
15:10:05 06/03/2020;0.1808;0.18100000000000013;1.0;0.5924525297439449;0.18100000000000013;12.0;0.18100000000000013;12.0
20:03:05 06/03/2020;0.1804;0.18100000000000013;1.0;0.5924525297439449;0.18100000000000013;12.0;0.18100000000000013;12.0
07:46:33 07/03/2020;0.1805;0.18100000000000013;1.0;0.5924525297439449;0.18100000000000013;12.0;0.18100000000000013;12.0
14:20:38 07/03/2020;0.1803;0.18100000000000013;1.0;0.5924525297439449;0.18100000000000013;12.0;0.18100000000000013;12.0
03:02:34 08/03/2020;0.1798;0.18000000000000013;1.0;0.5932958789676529;0.18000000000000013;12.0;0.18000000000000013;12.0
13:22:16 08/03/2020;0.1796;0.18000000000000013;1.0;0.5932958789676529;0.18000000000000013;12.0;0.18000000000000013;12.0
01:47:56 09/03/2020;0.1793;0.18000000000000013;1.0;0.5932958789676529;0.18000000000000013;12.0;0.18000000000000013;12.0
06:40:50 09/03/2020;0.1795;0.18000000000000013;1.0;0.5932958789676529;0.18000000000000013;11.035;0.18000000000000013;11.035
11:42:49 09/03/2020;0.1794;0.18000000000000013;1.0;0.5932958789676529;0.18000000000000013;6.001944444444445;0.18000000000000013;6.001944444444445
17:42:56 09/03/2020;0.1801;0.18100000000000013;1.0;0.5924525297439449;0.18100000000000013;12.0;0.18100000000000013;12.0
23:59:45 09/03/2020;0.1806;0.18100000000000013;1.0;0.5924525297439449;0.18100000000000013;7.2525;0.18100000000000013;7.2525
07:14:54 10/03/2020;0.1812;0.18200000000000013;1.0;0.5916079783099615;0.18200000000000013;12.0;0.18200000000000013;12.0
13:15:31 10/03/2020;0.181;0.18200000000000013;1.0;0.5916079783099615;0.18200000000000013;12.0;0.18200000000000013;12.0
14:40:09 10/03/2020;0.181;0.18200000000000013;1.0;0.5916079783099615;0.18200000000000013;12.0;0.18200000000000013;12.0
19:45:45 10/03/2020;0.1818;0.18200000000000013;1.0;0.5916079783099615;0.18200000000000013;7.468333333333334;0.18200000000000013;7.468333333333334
21:05:48 10/03/2020;0.1818;0.18200000000000013;1.0;0.5916079783099615;0.18200000000000013;6.134166666666666;0.18200000000000013;6.134166666666666
03:13:51 11/03/2020;0.1829;0.18300000000000013;1.0;0.5907622195096771;0.18300000000000013;12.0;0.18300000000000013;12.0
09:47:33 11/03/2020;0.182;0.18300000000000013;1.0;0.5907622195096771;0.18300000000000013;12.0;0.18300000000000013;12.0
16:04:51 11/03/2020;0.1824;0.18300000000000013;1.0;0.5907622195096771;0.18300000000000013;6.700277777777778;0.18300000000000013;6.700277777777778
22:46:52 11/03/2020;0.1833;0.18400000000000014;1.0;0.5899152481501049;0.18400000000000014;5.866944444444444;0.18450000000000014;12.0
04:38:53 12/03/2020;0.1845;0.18500000000000014;1.0;0.5890670590009255;0.18500000000000014;12.0;0.18500000000000014;12.0
11:46:21 12/03/2020;0.1846;0.18500000000000014;1.0;0.5890670590009255;0.18500000000000014;7.124722222222222;0.18500000000000014;7.124722222222222
18:53:50 12/03/2020;0.1855;0.18600000000000014;1.0;0.5882176467941096;0.18600000000000014;6.151111111111111;0.18600000000000014;6.151111111111111
01:02:54 13/03/2020;0.1862;0.18700000000000014;1.0;0.5873670062235364;0.18700000000000014;12.0;0.18700000000000014;12.0
05:39:28 13/03/2020;0.1858;0.18700000000000014;1.0;0.5873670062235364;0.18700000000000014;12.0;0.18700000000000014;12.0
12:38:24 13/03/2020;0.1863;0.18700000000000014;1.0;0.5873670062235364;0.18700000000000014;5.866944444444444;0.18750000000000014;12.0
18:30:25 13/03/2020;0.1873;0.18800000000000014;1.0;0.5865151319446071;0.18800000000000014;12.0;0.18800000000000014;12.0
00:38:56 14/03/2020;0.1875;0.18800000000000014;1.0;0.5865151319446071;0.18800000000000014;10.903055555555556;0.18800000000000014;10.903055555555556
06:05:59 14/03/2020;0.1879;0.18800000000000014;1.0;0.5865151319446071;0.18800000000000014;5.452222222222222;0.18850000000000014;12.0
11:33:07 14/03/2020;0.1883;0.18900000000000014;1.0;0.5856620185738528;0.18900000000000014;12.0;0.18900000000000014;12.0
18:49:02 14/03/2020;0.1887;0.18900000000000014;1.0;0.5856620185738528;0.18900000000000014;12.0;0.18900000000000014;12.0
02:13:11 15/03/2020;0.1884;0.18900000000000014;1.0;0.5856620185738528;0.18900000000000014;12.0;0.18900000000000014;12.0
09:21:01 15/03/2020;0.1882;0.18900000000000014;1.0;0.5856620185738528;0.18900000000000014;12.0;0.18900000000000014;12.0
15:38:15 15/03/2020;0.1887;0.18900000000000014;1.0;0.5856620185738528;0.18900000000000014;12.0;0.18900000000000014;12.0
20:30:29 15/03/2020;0.1887;0.18900000000000014;1.0;0.5856620185738528;0.18900000000000014;12.0;0.18900000000000014;12.0
01:58:19 16/03/2020;0.1889;0.18900000000000014;1.0;0.5856620185738528;0.18900000000000014;6.709722222222222;0.18900000000000014;6.709722222222222
08:40:54 16/03/2020;0.1899;0.19000000000000014;1.0;0.5848076606885377;0.19000000000000014;5.174722222222222;0.19150000000000014;11.456666666666667
13:51:23 16/03/2020;0.1924;0.19300000000000014;1.0;0.5822370651203853;0.19300000000000014;6.281944444444444;0.19300000000000014;6.281944444444444
20:08:18 16/03/2020;0.1967;0.19700000000000015;1.0;0.5787918451395111;0.19700000000000015;5.591944444444445;0.19900000000000015;12.0
01:43:49 17/03/2020;0.2005;0.20100000000000015;1.0;0.5753259945457009;0.20100000000000015;11.318055555555556;0.20100000000000015;11.318055555555556
08:26:30 17/03/2020;0.1997;0.20100000000000015;1.0;0.5753259945457009;0.20100000000000015;4.6066666666666665;0.2016666666666668;12.0
09:30:32 17/03/2020;0.1997;0.20100000000000015;1.0;0.5753259945457009;0.20100000000000015;3.5394444444444444;0.20200000000000015;12.0
13:02:54 17/03/2020;0.2021;0.20300000000000015;1.0;0.5735852159879994;0.20300000000000015;11.319722222222222;0.20300000000000015;11.319722222222222
17:56:08 17/03/2020;0.203;0.20300000000000015;1.0;0.5735852159879994;0.20300000000000015;6.4325;0.20400000000000015;12.0
21:08:16 17/03/2020;0.203;0.20300000000000015;1.0;0.5735852159879994;0.20300000000000015;3.230277777777778;0.20400000000000015;12.0
00:22:05 18/03/2020;0.2041;0.20500000000000015;1.0;0.5718391382198318;0.20500000000000015;12.0;0.20500000000000015;12.0
06:14:37 18/03/2020;0.2043;0.20500000000000015;1.0;0.5718391382198318;0.20500000000000015;6.1497222222222225;0.20500000000000015;6.1497222222222225
12:23:36 18/03/2020;0.2065;0.20700000000000016;1.0;0.5700877125495688;0.20700000000000016;6.999722222222222;0.20700000000000016;6.999722222222222
19:23:35 18/03/2020;0.2096;0.21000000000000016;1.0;0.5674504383644442;0.21000000000000016;7.272777777777778;0.21000000000000016;7.272777777777778
02:39:57 19/03/2020;0.214;0.21400000000000016;1.0;0.5639148871948673;0.21400000000000016;4.756944444444445;0.21500000000000016;9.930277777777778
07:25:22 19/03/2020;0.2152;0.21600000000000016;1.0;0.5621387729022077;0.21600000000000016;5.173333333333333;0.21650000000000016;12.0
12:35:46 19/03/2020;0.217;0.21700000000000016;1.0;0.5612486080160911;0.21700000000000016;7.135;0.21700000000000016;7.135
19:43:52 19/03/2020;0.2172;0.21800000000000017;1.0;0.5603570290448758;0.21800000000000017;7.136111111111111;0.21800000000000017;7.136111111111111
02:52:02 20/03/2020;0.2186;0.21900000000000017;1.0;0.5594640292279744;0.21900000000000017;12.0;0.21900000000000017;12.0
09:18:07 20/03/2020;0.2158;0.21900000000000017;1.0;0.5594640292279744;0.21900000000000017;12.0;0.21900000000000017;12.0
16:43:02 20/03/2020;0.2166;0.21700000000000016;1.0;0.5612486080160911;0.21700000000000016;6.566388888888889;0.21700000000000016;6.566388888888889
23:17:01 20/03/2020;0.2174;0.21800000000000017;1.0;0.5603570290448758;0.21800000000000017;7.411944444444444;0.21800000000000017;7.411944444444444
06:41:44 21/03/2020;0.2193;0.22000000000000017;1.0;0.5585696017507575;0.22000000000000017;7.414722222222222;0.22000000000000017;7.414722222222222
14:06:37 21/03/2020;0.2216;0.22200000000000017;1.0;0.556776436283002;0.22200000000000017;5.176111111111111;0.22250000000000017;12.0
19:17:11 21/03/2020;0.2221;0.22300000000000017;1.0;0.5558776843874917;0.22300000000000017;12.0;0.22300000000000017;12.0
01:59:39 22/03/2020;0.2208;0.22300000000000017;1.0;0.5558776843874917;0.22300000000000017;12.0;0.22300000000000017;12.0
07:10:02 22/03/2020;0.2212;0.22300000000000017;1.0;0.5558776843874917;0.22300000000000017;12.0;0.22300000000000017;12.0
13:10:31 22/03/2020;0.2226;0.22300000000000017;1.0;0.5558776843874917;0.22300000000000017;12.0;0.22300000000000017;12.0
19:19:33 22/03/2020;0.2218;0.22300000000000017;1.0;0.5558776843874917;0.22300000000000017;10.2075;0.22300000000000017;10.2075
00:47:03 23/03/2020;0.2222;0.22300000000000017;1.0;0.5558776843874917;0.22300000000000017;4.7491666666666665;0.22350000000000017;10.618611111111111
05:32:00 23/03/2020;0.2239;0.22400000000000017;1.0;0.5549774770204642;0.22400000000000017;5.8694444444444445;0.22450000000000017;12.0
11:24:10 23/03/2020;0.2244;0.22500000000000017;1.0;0.5540758070878026;0.22500000000000017;6.290555555555556;0.22500000000000017;6.290555555555556
17:41:36 23/03/2020;0.2274;0.22800000000000017;1.0;0.5513619500836087;0.22800000000000017;5.033333333333333;0.22900000000000018;12.0
22:43:36 23/03/2020;0.2292;0.23000000000000018;1.0;0.5495452665613633;0.23000000000000018;7.132777777777778;0.23000000000000018;7.132777777777778
05:51:34 24/03/2020;0.2329;0.23300000000000018;1.0;0.5468089245796924;0.23300000000000018;7.268055555555556;0.23300000000000018;7.268055555555556
13:07:39 24/03/2020;0.2336;0.23400000000000018;1.0;0.5458937625582471;0.23400000000000018;6.6994444444444445;0.23400000000000018;6.6994444444444445
19:49:37 24/03/2020;0.2373;0.23800000000000018;1.0;0.5422176684690382;0.23800000000000018;12.0;0.23800000000000018;12.0
08:49:35 25/03/2020;0.2418;0.2420000000000002;1.0;0.5385164807134503;0.2420000000000002;4.609444444444445;0.2430000000000002;12.0
13:26:09 25/03/2020;0.2432;0.2440000000000002;1.0;0.5366563145999493;0.2440000000000002;7.482222222222222;0.2440000000000002;7.482222222222222
20:55:05 25/03/2020;0.2447;0.2450000000000002;1.0;0.5357238094391548;0.2450000000000002;7.400277777777778;0.2450000000000002;7.400277777777778
04:19:06 26/03/2020;0.2452;0.2460000000000002;1.0;0.5347896782848374;0.2460000000000002;12.0;0.2460000000000002;12.0
10:53:13 26/03/2020;0.2448;0.2460000000000002;1.0;0.5347896782848374;0.2460000000000002;9.915555555555555;0.2460000000000002;9.915555555555555
16:03:05 26/03/2020;0.2457;0.2460000000000002;1.0;0.5347896782848374;0.2460000000000002;4.751111111111111;0.2475000000000002;11.046666666666667
20:48:09 26/03/2020;0.2484;0.2490000000000002;1.0;0.5319774431308153;0.2490000000000002;6.295555555555556;0.2490000000000002;6.295555555555556
03:05:53 27/03/2020;0.2523;0.25300000000000017;1.0;0.5282045058497702;0.25300000000000017;12.0;0.25300000000000017;12.0
14:24:36 27/03/2020;0.2526;0.25300000000000017;1.0;0.5282045058497702;0.25300000000000017;7.544722222222222;0.25300000000000017;7.544722222222222
21:57:17 27/03/2020;0.2572;0.2580000000000002;1.0;0.5234500931320959;0.2580000000000002;5.872222222222222;0.2590000000000002;12.0
03:49:37 28/03/2020;0.2597;0.2600000000000002;1.0;0.5215361924162117;0.2600000000000002;7.257777777777778;0.2600000000000002;7.257777777777778
11:05:05 28/03/2020;0.2655;0.2660000000000002;1.0;0.515751878329105;0.2660000000000002;6.575555555555556;0.2660000000000002;6.575555555555556
17:39:37 28/03/2020;0.2662;0.2670000000000002;1.0;0.5147815070493499;0.2670000000000002;6.983611111111111;0.2670000000000002;6.983611111111111
00:38:38 29/03/2020;0.2683;0.2690000000000002;1.0;0.5128352561983233;0.2690000000000002;12.0;0.2690000000000002;12.0
07:29:38 29/03/2020;0.2674;0.2690000000000002;1.0;0.5128352561983233;0.2690000000000002;12.0;0.2690000000000002;12.0
09:13:10 29/03/2020;0.2674;0.2690000000000002;1.0;0.5128352561983233;0.2690000000000002;12.0;0.2690000000000002;12.0
14:53:39 29/03/2020;0.2646;0.2680000000000002;1.0;0.513809303146605;0.2680000000000002;12.0;0.2680000000000002;12.0
20:37:11 29/03/2020;0.2623;0.2680000000000002;1.0;0.513809303146605;0.2680000000000002;12.0;0.2680000000000002;12.0
04:01:39 30/03/2020;0.2592;0.2630000000000002;1.0;0.5186520991955974;0.2630000000000002;12.0;0.2615000000000002;12.0
09:45:40 30/03/2020;0.2561;0.2600000000000002;1.0;0.5215361924162117;0.2600000000000002;12.0;0.2600000000000002;12.0
17:09:40 30/03/2020;0.2555;0.2570000000000002;1.0;0.5244044240850756;0.2570000000000002;12.0;0.2570000000000002;12.0
23:27:10 30/03/2020;0.2564;0.2570000000000002;1.0;0.5244044240850756;0.2570000000000002;5.863888888888889;0.2575000000000002;12.0
04:12:40 31/03/2020;0.2564;0.2570000000000002;1.0;0.5244044240850756;0.2570000000000002;1.1055555555555556;0.2575000000000002;12.0
05:19:00 31/03/2020;0.2573;0.2580000000000002;1.0;0.5234500931320959;0.2580000000000002;12.0;0.2580000000000002;12.0
12:43:30 31/03/2020;0.2568;0.2580000000000002;1.0;0.5234500931320959;;;;
18:46:01 31/03/2020;0.2635;0.2640000000000002;1.0;0.5176871642217913;;;;
