20:54:32 30/06/2020;0.1812;;;;;;;
06:58:36 01/07/2020;0.1814;;;;;;;
12:25:35 01/07/2020;0.1813;0.18200000000000013;1.0;0.5916079783099615;0.18200000000000013;12.0;0.18200000000000013;12.0
15:32:48 01/07/2020;0.1813;0.18200000000000013;1.0;0.5916079783099615;0.18200000000000013;12.0;0.18200000000000013;12.0
18:52:06 01/07/2020;0.1811;0.18200000000000013;1.0;0.5916079783099615;0.18200000000000013;12.0;0.18200000000000013;12.0
01:26:19 02/07/2020;0.1805;0.18200000000000013;1.0;0.5916079783099615;0.18200000000000013;12.0;0.18200000000000013;12.0
13:11:22 02/07/2020;0.1808;0.18100000000000013;1.0;0.5924525297439449;0.18100000000000013;12.0;0.18100000000000013;12.0
18:05:12 02/07/2020;0.1805;0.18100000000000013;1.0;0.5924525297439449;0.18100000000000013;12.0;0.18100000000000013;12.0
23:23:55 02/07/2020;0.18;0.18100000000000013;1.0;0.5924525297439449;0.18100000000000013;12.0;0.18100000000000013;12.0
18:33:55 03/07/2020;0.1798;0.18000000000000013;1.0;0.5932958789676529;0.18000000000000013;12.0;0.18000000000000013;12.0
00:09:24 04/07/2020;0.1794;0.18000000000000013;1.0;0.5932958789676529;0.18000000000000013;12.0;0.18000000000000013;12.0
05:53:23 04/07/2020;0.1792;0.18000000000000013;1.0;0.5932958789676529;0.18000000000000013;12.0;0.18000000000000013;12.0
11:03:58 04/07/2020;0.179;0.18000000000000013;1.0;0.5932958789676529;0.18000000000000013;12.0;0.18000000000000013;12.0
18:20:25 04/07/2020;0.1786;0.17900000000000013;1.0;0.5941380311005178;0.17900000000000013;12.0;0.17900000000000013;12.0
23:22:27 04/07/2020;0.1782;0.17900000000000013;1.0;0.5941380311005178;0.17900000000000013;12.0;0.17900000000000013;12.0
05:40:23 05/07/2020;0.178;0.17900000000000013;1.0;0.5941380311005178;0.17900000000000013;12.0;0.17900000000000013;12.0
12:39:55 05/07/2020;0.1779;0.17800000000000013;1.0;0.5949789912257406;0.17800000000000013;12.0;0.17800000000000013;12.0
19:47:52 05/07/2020;0.1775;0.17800000000000013;1.0;0.5949789912257406;0.17800000000000013;12.0;0.17800000000000013;12.0
02:05:27 06/07/2020;0.1772;0.17800000000000013;1.0;0.5949789912257406;0.17800000000000013;12.0;0.17800000000000013;12.0
15:20:00 06/07/2020;0.1772;0.17800000000000013;1.0;0.5949789912257406;0.17800000000000013;10.390833333333333;0.17800000000000013;10.390833333333333
15:22:27 06/07/2020;0.1773;0.17800000000000013;1.0;0.5949789912257406;0.17800000000000013;10.35;0.17800000000000013;10.35
21:07:00 06/07/2020;0.1779;0.17800000000000013;1.0;0.5949789912257406;0.17800000000000013;4.6075;0.17850000000000013;12.0
01:43:27 07/07/2020;0.1785;0.17900000000000013;1.0;0.5941380311005178;0.17900000000000013;12.0;0.17900000000000013;12.0
08:43:31 07/07/2020;0.1788;0.17900000000000013;1.0;0.5941380311005178;0.17900000000000013;6.0088888888888885;0.17900000000000013;6.0088888888888885
14:44:03 07/07/2020;0.1791;0.18000000000000013;1.0;0.5932958789676529;0.18000000000000013;12.0;0.18000000000000013;12.0
21:15:25 07/07/2020;0.1793;0.18000000000000013;1.0;0.5932958789676529;0.18000000000000013;12.0;0.18000000000000013;12.0
04:45:54 08/07/2020;0.1795;0.18000000000000013;1.0;0.5932958789676529;0.18000000000000013;12.0;0.18000000000000013;12.0
11:53:54 08/07/2020;0.1799;0.18000000000000013;1.0;0.5932958789676529;0.18000000000000013;12.0;0.18000000000000013;12.0
16:37:23 08/07/2020;0.1798;0.18000000000000013;1.0;0.5932958789676529;0.18000000000000013;12.0;0.18000000000000013;12.0
22:40:55 08/07/2020;0.1793;0.18000000000000013;1.0;0.5932958789676529;0.18000000000000013;12.0;0.18000000000000013;12.0
04:08:32 09/07/2020;0.1794;0.18000000000000013;1.0;0.5932958789676529;0.18000000000000013;12.0;0.18000000000000013;12.0
10:59:24 09/07/2020;0.1796;0.18000000000000013;1.0;0.5932958789676529;0.18000000000000013;12.0;0.18000000000000013;12.0
16:52:24 09/07/2020;0.1795;0.18000000000000013;1.0;0.5932958789676529;0.18000000000000013;12.0;0.18000000000000013;12.0
04:54:26 10/07/2020;0.1796;0.18000000000000013;1.0;0.5932958789676529;0.18000000000000013;11.742222222222223;0.18000000000000013;11.742222222222223
10:04:40 10/07/2020;0.1799;0.18000000000000013;1.0;0.5932958789676529;0.18000000000000013;6.571666666666666;0.18000000000000013;6.571666666666666
16:38:58 10/07/2020;0.1802;0.18100000000000013;1.0;0.5924525297439449;0.18100000000000013;12.0;0.18100000000000013;12.0
00:04:03 11/07/2020;0.1806;0.18100000000000013;1.0;0.5924525297439449;0.18100000000000013;12.0;0.18100000000000013;12.0
06:38:32 11/07/2020;0.181;0.18100000000000013;1.0;0.5924525297439449;0.18100000000000013;5.456666666666667;0.18150000000000013;11.606944444444444
12:05:56 11/07/2020;0.1815;0.18200000000000013;1.0;0.5916079783099615;0.18200000000000013;6.150277777777778;0.18200000000000013;6.150277777777778
18:14:57 11/07/2020;0.1821;0.18300000000000013;1.0;0.5907622195096771;0.18300000000000013;12.0;0.18300000000000013;12.0
23:59:29 11/07/2020;0.1824;0.18300000000000013;1.0;0.5907622195096771;0.18300000000000013;12.0;0.18300000000000013;12.0
07:15:33 12/07/2020;0.1826;0.18300000000000013;1.0;0.5907622195096771;0.18300000000000013;12.0;0.18300000000000013;12.0
13:00:03 12/07/2020;0.1827;0.18300000000000013;1.0;0.5907622195096771;0.18300000000000013;12.0;0.18300000000000013;12.0
18:10:15 12/07/2020;0.1828;0.18300000000000013;1.0;0.5907622195096771;0.18300000000000013;12.0;0.18300000000000013;12.0
11:47:55 13/07/2020;0.1829;0.18300000000000013;1.0;0.5907622195096771;0.18300000000000013;12.0;0.18300000000000013;12.0
18:30:50 13/07/2020;0.1828;0.18300000000000013;1.0;0.5907622195096771;0.18300000000000013;12.0;0.18300000000000013;12.0
01:38:53 14/07/2020;0.1824;0.18300000000000013;1.0;0.5907622195096771;0.18300000000000013;12.0;0.18300000000000013;12.0
11:59:47 14/07/2020;0.1823;0.18300000000000013;1.0;0.5907622195096771;0.18300000000000013;12.0;0.18300000000000013;12.0
17:59:26 14/07/2020;0.1823;0.18300000000000013;1.0;0.5907622195096771;0.18300000000000013;12.0;0.18300000000000013;12.0
23:11:02 14/07/2020;0.1821;0.18300000000000013;1.0;0.5907622195096771;0.18300000000000013;12.0;0.18300000000000013;12.0
04:47:09 15/07/2020;0.182;0.18300000000000013;1.0;0.5907622195096771;0.18300000000000013;12.0;0.18300000000000013;12.0
11:30:02 15/07/2020;0.1818;0.18200000000000013;1.0;0.5916079783099615;0.18200000000000013;12.0;0.18200000000000013;12.0
17:39:03 15/07/2020;0.1817;0.18200000000000013;1.0;0.5916079783099615;0.18200000000000013;12.0;0.18200000000000013;12.0
23:31:30 15/07/2020;0.1816;0.18200000000000013;1.0;0.5916079783099615;0.18200000000000013;12.0;0.18200000000000013;12.0
06:48:00 16/07/2020;0.1815;0.18200000000000013;1.0;0.5916079783099615;0.18200000000000013;12.0;0.18200000000000013;12.0
12:15:30 16/07/2020;0.1814;0.18200000000000013;1.0;0.5916079783099615;0.18200000000000013;12.0;0.18200000000000013;12.0
17:01:25 16/07/2020;0.1814;0.18200000000000013;1.0;0.5916079783099615;0.18200000000000013;12.0;0.18200000000000013;12.0
18:08:15 16/07/2020;0.1813;0.18200000000000013;1.0;0.5916079783099615;0.18200000000000013;12.0;0.18200000000000013;12.0
23:10:26 16/07/2020;0.1811;0.18200000000000013;1.0;0.5916079783099615;0.18200000000000013;12.0;0.18200000000000013;12.0
06:44:10 17/07/2020;0.1808;0.18200000000000013;1.0;0.5916079783099615;0.18200000000000013;12.0;0.18200000000000013;12.0
13:18:26 17/07/2020;0.1806;0.18100000000000013;1.0;0.5924525297439449;0.18100000000000013;12.0;0.18100000000000013;12.0
18:12:06 17/07/2020;0.1805;0.18100000000000013;1.0;0.5924525297439449;0.18100000000000013;12.0;0.18100000000000013;12.0
08:45:21 18/07/2020;0.1808;0.18100000000000013;1.0;0.5924525297439449;0.18100000000000013;5.0441666666666665;0.18100000000000013;5.0441666666666665
13:48:00 18/07/2020;0.1811;0.18200000000000013;1.0;0.5916079783099615;0.18200000000000013;12.0;0.18200000000000013;12.0
18:58:18 18/07/2020;0.1813;0.18200000000000013;1.0;0.5916079783099615;0.18200000000000013;12.0;0.18200000000000013;12.0
06:26:54 19/07/2020;0.1814;0.18200000000000013;1.0;0.5916079783099615;0.18200000000000013;12.0;0.18200000000000013;12.0
11:45:56 19/07/2020;0.1815;0.18200000000000013;1.0;0.5916079783099615;0.18200000000000013;12.0;0.18200000000000013;12.0
17:13:25 19/07/2020;0.1814;0.18200000000000013;1.0;0.5916079783099615;0.18200000000000013;12.0;0.18200000000000013;12.0
23:22:53 19/07/2020;0.1811;0.18200000000000013;1.0;0.5916079783099615;0.18200000000000013;12.0;0.18200000000000013;12.0
01:45:33 20/07/2020;0.1811;0.18200000000000013;1.0;0.5916079783099615;0.18200000000000013;12.0;0.18200000000000013;12.0
05:56:55 20/07/2020;0.1809;0.18200000000000013;1.0;0.5916079783099615;0.18200000000000013;12.0;0.18200000000000013;12.0
13:21:56 20/07/2020;0.1805;0.18200000000000013;1.0;0.5916079783099615;0.18200000000000013;12.0;0.18150000000000013;12.0
18:33:55 20/07/2020;0.1802;0.18100000000000013;1.0;0.5924525297439449;0.18100000000000013;12.0;0.18100000000000013;12.0
01:43:55 21/07/2020;0.1792;0.18100000000000013;1.0;0.5924525297439449;0.18100000000000013;12.0;0.18050000000000013;12.0
07:20:24 21/07/2020;0.1786;0.18000000000000013;1.0;0.5932958789676529;0.18000000000000013;12.0;0.18000000000000013;12.0
14:29:37 21/07/2020;0.178;0.17900000000000013;1.0;0.5941380311005178;0.17900000000000013;12.0;0.17900000000000013;12.0
21:31:58 21/07/2020;0.1774;0.17800000000000013;1.0;0.5949789912257406;0.17800000000000013;12.0;0.17800000000000013;12.0
03:30:04 22/07/2020;0.1771;0.17800000000000013;1.0;0.5949789912257406;0.17800000000000013;12.0;0.17800000000000013;12.0
11:04:31 22/07/2020;0.1767;0.17800000000000013;1.0;0.5949789912257406;0.17800000000000013;12.0;0.17750000000000013;12.0
16:15:33 22/07/2020;0.1764;0.17700000000000013;1.0;0.5958187643906492;0.17700000000000013;12.0;0.17700000000000013;12.0
23:16:22 22/07/2020;0.176;0.17700000000000013;1.0;0.5958187643906492;0.17700000000000013;12.0;0.17700000000000013;12.0
05:51:24 23/07/2020;0.1757;0.17600000000000013;1.0;0.5966573556070518;0.17600000000000013;12.0;0.17600000000000013;12.0
12:26:57 23/07/2020;0.1756;0.17600000000000013;1.0;0.5966573556070518;0.17600000000000013;12.0;0.17600000000000013;12.0
17:46:33 23/07/2020;0.1754;0.17600000000000013;1.0;0.5966573556070518;0.17600000000000013;12.0;0.17600000000000013;12.0
23:05:54 23/07/2020;0.1751;0.17600000000000013;1.0;0.5966573556070518;0.17600000000000013;12.0;0.17600000000000013;12.0
04:59:00 24/07/2020;0.1749;0.17600000000000013;1.0;0.5966573556070518;0.17600000000000013;12.0;0.17600000000000013;12.0
12:24:24 24/07/2020;0.1746;0.17500000000000013;1.0;0.5974947698515861;0.17500000000000013;12.0;0.17500000000000013;12.0
17:35:56 24/07/2020;0.1744;0.17500000000000013;1.0;0.5974947698515861;0.17500000000000013;12.0;0.17500000000000013;12.0
22:30:01 24/07/2020;0.1743;0.17500000000000013;1.0;0.5974947698515861;0.17500000000000013;12.0;0.17500000000000013;12.0
03:15:52 25/07/2020;0.1742;0.17500000000000013;1.0;0.5974947698515861;0.17500000000000013;12.0;0.17500000000000013;12.0
12:45:01 25/07/2020;0.1742;0.17500000000000013;1.0;0.5974947698515861;0.17500000000000013;12.0;0.17500000000000013;12.0
14:11:55 25/07/2020;0.1743;0.17500000000000013;1.0;0.5974947698515861;0.17500000000000013;12.0;0.17500000000000013;12.0
21:20:54 25/07/2020;0.1744;0.17500000000000013;1.0;0.5974947698515861;0.17500000000000013;12.0;0.17500000000000013;12.0
02:49:08 26/07/2020;0.1745;0.17500000000000013;1.0;0.5974947698515861;0.17500000000000013;12.0;0.17500000000000013;12.0
09:32:23 26/07/2020;0.1744;0.17500000000000013;1.0;0.5974947698515861;0.17500000000000013;12.0;0.17500000000000013;12.0
16:15:55 26/07/2020;0.1743;0.17500000000000013;1.0;0.5974947698515861;0.17500000000000013;12.0;0.17500000000000013;12.0
21:35:53 26/07/2020;0.1744;0.17500000000000013;1.0;0.5974947698515861;0.17500000000000013;12.0;0.17500000000000013;12.0
09:47:56 27/07/2020;0.1745;0.17500000000000013;1.0;0.5974947698515861;0.17500000000000013;12.0;0.17500000000000013;12.0
17:05:23 27/07/2020;0.1744;0.17500000000000013;1.0;0.5974947698515861;0.17500000000000013;11.784444444444444;0.17500000000000013;11.784444444444444
22:58:54 27/07/2020;0.1748;0.17500000000000013;1.0;0.5974947698515861;0.17500000000000013;5.8925;0.17500000000000013;5.8925
04:52:27 28/07/2020;0.1752;0.17600000000000013;1.0;0.5966573556070518;0.17600000000000013;10.651666666666667;0.17600000000000013;10.651666666666667
10:20:02 28/07/2020;0.1758;0.17600000000000013;1.0;0.5966573556070518;0.17600000000000013;5.191944444444444;0.17650000000000013;12.0
15:31:33 28/07/2020;0.1765;0.17700000000000013;1.0;0.5958187643906492;0.17700000000000013;12.0;0.17700000000000013;12.0
21:45:16 28/07/2020;0.1769;0.17700000000000013;1.0;0.5958187643906492;0.17700000000000013;12.0;0.17700000000000013;12.0
04:45:34 29/07/2020;0.1768;0.17700000000000013;1.0;0.5958187643906492;0.17700000000000013;12.0;0.17700000000000013;12.0
10:56:03 29/07/2020;0.1766;0.17700000000000013;1.0;0.5958187643906492;0.17700000000000013;12.0;0.17700000000000013;12.0
18:05:04 29/07/2020;0.1762;0.17700000000000013;1.0;0.5958187643906492;0.17700000000000013;12.0;0.17700000000000013;12.0
01:22:36 30/07/2020;0.1763;0.17700000000000013;1.0;0.5958187643906492;0.17700000000000013;12.0;0.17700000000000013;12.0
07:41:29 30/07/2020;0.1761;0.17700000000000013;1.0;0.5958187643906492;0.17700000000000013;12.0;0.17700000000000013;12.0
15:07:26 30/07/2020;0.1758;0.17700000000000013;1.0;0.5958187643906492;0.17700000000000013;12.0;0.17700000000000013;12.0
21:53:04 30/07/2020;0.1756;0.17600000000000013;1.0;0.5966573556070518;0.17600000000000013;12.0;0.17600000000000013;12.0
03:27:31 31/07/2020;0.1753;0.17600000000000013;1.0;0.5966573556070518;0.17600000000000013;12.0;0.17600000000000013;12.0
09:54:40 31/07/2020;0.1754;0.17600000000000013;1.0;0.5966573556070518;0.17600000000000013;12.0;0.17600000000000013;12.0
16:55:01 31/07/2020;0.1756;0.17600000000000013;1.0;0.5966573556070518;0.17600000000000013;12.0;0.17600000000000013;12.0
16:55:01 31/07/2020;0.1756;0.17600000000000013;1.0;0.5966573556070518;0.17600000000000013;12.0;0.17600000000000013;12.0
00:21:02 01/08/2020;0.1758;0.17600000000000013;1.0;0.5966573556070518;0.17600000000000013;12.0;0.17600000000000013;12.0
05:32:30 01/08/2020;0.1759;0.17600000000000013;1.0;0.5966573556070518;0.17600000000000013;12.0;0.17600000000000013;12.0
11:17:04 01/08/2020;0.1756;0.17600000000000013;1.0;0.5966573556070518;0.17600000000000013;12.0;0.17600000000000013;12.0
17:10:30 01/08/2020;0.1754;0.17600000000000013;1.0;0.5966573556070518;0.17600000000000013;12.0;0.17600000000000013;12.0
07:37:00 02/08/2020;0.1752;0.17600000000000013;1.0;0.5966573556070518;0.17600000000000013;12.0;0.17600000000000013;12.0
14:46:04 02/08/2020;0.1751;0.17600000000000013;1.0;0.5966573556070518;0.17600000000000013;12.0;0.17600000000000013;12.0
21:46:34 02/08/2020;0.1749;0.17600000000000013;1.0;0.5966573556070518;0.17600000000000013;12.0;0.17600000000000013;12.0
07:35:04 03/08/2020;0.1751;0.17600000000000013;1.0;0.5966573556070518;0.17600000000000013;12.0;0.17600000000000013;12.0
14:19:11 03/08/2020;0.175;0.17600000000000013;1.0;0.5966573556070518;0.17600000000000013;12.0;0.17600000000000013;12.0
20:54:42 03/08/2020;0.1746;0.17500000000000013;1.0;0.5974947698515861;0.17500000000000013;12.0;0.17500000000000013;12.0
02:31:03 04/08/2020;0.1741;0.17500000000000013;1.0;0.5974947698515861;0.17500000000000013;12.0;0.17500000000000013;12.0
08:16:04 04/08/2020;0.1737;0.17500000000000013;1.0;0.5974947698515861;0.17500000000000013;12.0;0.17500000000000013;12.0
15:08:32 04/08/2020;0.173;0.17400000000000013;1.0;0.5983310120660635;0.17400000000000013;12.0;0.17400000000000013;12.0
22:00:31 04/08/2020;0.1726;0.17300000000000013;1.0;0.5991660871578096;0.17300000000000013;12.0;0.17300000000000013;12.0
05:10:01 05/08/2020;0.1727;0.17300000000000013;1.0;0.5991660871578096;0.17300000000000013;12.0;0.17300000000000013;12.0
11:45:01 05/08/2020;0.1729;0.17300000000000013;1.0;0.5991660871578096;0.17300000000000013;6.4511111111111115;0.17300000000000013;6.4511111111111115
18:12:05 05/08/2020;0.1733;0.17400000000000013;1.0;0.5983310120660635;0.17400000000000013;12.0;0.17400000000000013;12.0
21:13:45 05/08/2020;0.1733;0.17400000000000013;1.0;0.5983310120660635;0.17400000000000013;12.0;0.17400000000000013;12.0
05:24:48 06/08/2020;0.1732;0.17400000000000013;1.0;0.5983310120660635;0.17400000000000013;12.0;0.17400000000000013;12.0
10:27:46 06/08/2020;0.1731;0.17400000000000013;1.0;0.5983310120660635;0.17400000000000013;12.0;0.17400000000000013;12.0
16:37:48 06/08/2020;0.1734;0.17400000000000013;1.0;0.5983310120660635;0.17400000000000013;12.0;0.17400000000000013;12.0
11:58:25 07/08/2020;0.173;0.17300000000000013;1.0;0.5991660871578096;0.17300000000000013;12.0;0.17300000000000013;12.0
17:09:15 07/08/2020;0.1727;0.17300000000000013;1.0;0.5991660871578096;0.17300000000000013;12.0;0.17300000000000013;12.0
22:45:52 07/08/2020;0.1725;0.17300000000000013;1.0;0.5991660871578096;0.17300000000000013;12.0;0.17300000000000013;12.0
05:43:20 08/08/2020;0.172;0.17300000000000013;1.0;0.5991660871578096;0.17300000000000013;12.0;0.17300000000000013;12.0
11:56:21 08/08/2020;0.1716;0.17200000000000013;1.0;0.5999999999999999;0.17200000000000013;12.0;0.17200000000000013;12.0
16:50:51 08/08/2020;0.1712;0.17200000000000013;1.0;0.5999999999999999;0.17200000000000013;12.0;0.17200000000000013;12.0
22:35:20 08/08/2020;0.1711;0.17200000000000013;1.0;0.5999999999999999;0.17200000000000013;12.0;0.17200000000000013;12.0
05:27:53 09/08/2020;0.1709;0.17200000000000013;1.0;0.5999999999999999;0.17200000000000013;12.0;0.17200000000000013;12.0
10:21:59 09/08/2020;0.1707;0.17200000000000013;1.0;0.5999999999999999;0.17200000000000013;12.0;0.17200000000000013;12.0
22:59:01 09/08/2020;0.1709;0.17100000000000012;1.0;0.600832755431992;0.17100000000000012;12.0;0.17100000000000012;12.0
09:37:53 10/08/2020;0.1706;0.17100000000000012;1.0;0.600832755431992;0.17100000000000012;12.0;0.17100000000000012;12.0
15:22:51 10/08/2020;0.1703;0.17100000000000012;1.0;0.600832755431992;0.17100000000000012;12.0;0.17100000000000012;12.0
22:16:24 10/08/2020;0.17;0.17100000000000012;1.0;0.600832755431992;0.17100000000000012;12.0;0.17100000000000012;12.0
03:11:03 11/08/2020;0.1699;0.17100000000000012;1.0;0.600832755431992;0.17100000000000012;12.0;0.17100000000000012;12.0
10:27:52 11/08/2020;0.1691;0.17000000000000012;1.0;0.6016643582596528;0.17000000000000012;12.0;0.17000000000000012;12.0
14:01:09 11/08/2020;0.1691;0.17000000000000012;1.0;0.6016643582596528;0.17000000000000012;12.0;0.17000000000000012;12.0
16:55:01 11/08/2020;0.1686;0.17000000000000012;1.0;0.6016643582596528;0.17000000000000012;12.0;0.17000000000000012;12.0
23:47:51 11/08/2020;0.1683;0.17000000000000012;1.0;0.6016643582596528;0.17000000000000012;12.0;0.17000000000000012;12.0
07:05:21 12/08/2020;0.1674;0.16900000000000012;1.0;0.6024948132556827;0.16900000000000012;12.0;0.16900000000000012;12.0
12:16:39 12/08/2020;0.1669;0.16800000000000012;1.0;0.6033241251599342;0.16800000000000012;12.0;0.16800000000000012;12.0
18:16:21 12/08/2020;0.1664;0.16800000000000012;1.0;0.6033241251599342;0.16800000000000012;12.0;0.16750000000000012;12.0
23:20:32 12/08/2020;0.1662;0.16700000000000012;1.0;0.6041522986797285;0.16700000000000012;12.0;0.16700000000000012;12.0
06:38:10 13/08/2020;0.1664;0.16700000000000012;1.0;0.6041522986797285;0.16700000000000012;12.0;0.16700000000000012;12.0
13:46:40 13/08/2020;0.1665;0.16700000000000012;1.0;0.6041522986797285;0.16700000000000012;12.0;0.16700000000000012;12.0
20:22:02 13/08/2020;0.1668;0.16700000000000012;1.0;0.6041522986797285;0.16700000000000012;12.0;0.16700000000000012;12.0
03:39:38 14/08/2020;0.1669;0.16700000000000012;1.0;0.6041522986797285;0.16700000000000012;12.0;0.16700000000000012;12.0
09:24:31 14/08/2020;0.1666;0.16700000000000012;1.0;0.6041522986797285;0.16700000000000012;12.0;0.16700000000000012;12.0
14:44:06 14/08/2020;0.1664;0.16700000000000012;1.0;0.6041522986797285;0.16700000000000012;12.0;0.16700000000000012;12.0
02:30:38 15/08/2020;0.1662;0.16700000000000012;1.0;0.6041522986797285;0.16700000000000012;12.0;0.16700000000000012;12.0
07:25:08 15/08/2020;0.1661;0.16700000000000012;1.0;0.6041522986797285;0.16700000000000012;12.0;0.16700000000000012;12.0
14:42:37 15/08/2020;0.1662;0.16700000000000012;1.0;0.6041522986797285;0.16700000000000012;12.0;0.16700000000000012;12.0
21:43:27 15/08/2020;0.1664;0.16700000000000012;1.0;0.6041522986797285;0.16700000000000012;12.0;0.16700000000000012;12.0
05:00:37 16/08/2020;0.1666;0.16700000000000012;1.0;0.6041522986797285;0.16700000000000012;12.0;0.16700000000000012;12.0
11:27:43 16/08/2020;0.1665;0.16700000000000012;1.0;0.6041522986797285;0.16700000000000012;12.0;0.16700000000000012;12.0
18:28:44 16/08/2020;0.1663;0.16700000000000012;1.0;0.6041522986797285;0.16700000000000012;12.0;0.16700000000000012;12.0
00:13:11 17/08/2020;0.1662;0.16700000000000012;1.0;0.6041522986797285;0.16700000000000012;12.0;0.16700000000000012;12.0
06:31:44 17/08/2020;0.1663;0.16700000000000012;1.0;0.6041522986797285;0.16700000000000012;12.0;0.16700000000000012;12.0
11:34:39 17/08/2020;0.1666;0.16700000000000012;1.0;0.6041522986797285;0.16700000000000012;10.516944444444444;0.16700000000000012;10.516944444444444
17:11:13 17/08/2020;0.1669;0.16700000000000012;1.0;0.6041522986797285;0.16700000000000012;4.9075;0.16750000000000012;12.0
22:05:40 17/08/2020;0.1672;0.16800000000000012;1.0;0.6033241251599342;0.16800000000000012;12.0;0.16800000000000012;12.0
04:41:35 18/08/2020;0.1675;0.16800000000000012;1.0;0.6033241251599342;0.16800000000000012;12.0;0.16800000000000012;12.0
01:09:45 19/08/2020;0.1672;0.16800000000000012;1.0;0.6033241251599342;0.16800000000000012;12.0;0.16800000000000012;12.0
07:20:06 19/08/2020;0.167;0.16800000000000012;1.0;0.6033241251599342;0.16800000000000012;12.0;0.16800000000000012;12.0
14:20:36 19/08/2020;0.1666;0.16700000000000012;1.0;0.6041522986797285;0.16700000000000012;12.0;0.16700000000000012;12.0
21:13:08 19/08/2020;0.1665;0.16700000000000012;1.0;0.6041522986797285;0.16700000000000012;12.0;0.16700000000000012;12.0
02:07:38 20/08/2020;0.1666;0.16700000000000012;1.0;0.6041522986797285;0.16700000000000012;12.0;0.16700000000000012;12.0
09:16:37 20/08/2020;0.1667;0.16700000000000012;1.0;0.6041522986797285;0.16700000000000012;12.0;0.16700000000000012;12.0
16:00:36 20/08/2020;0.1663;0.16700000000000012;1.0;0.6041522986797285;0.16700000000000012;12.0;0.16700000000000012;12.0
22:44:59 20/08/2020;0.1661;0.16700000000000012;1.0;0.6041522986797285;0.16700000000000012;12.0;0.16700000000000012;12.0
06:02:20 21/08/2020;0.1658;0.16700000000000012;1.0;0.6041522986797285;0.16700000000000012;12.0;0.16650000000000012;12.0
11:30:20 21/08/2020;0.1657;0.16600000000000012;1.0;0.6049793384901668;0.16600000000000012;12.0;0.16600000000000012;12.0
18:22:49 21/08/2020;0.1655;0.16600000000000012;1.0;0.6049793384901668;0.16600000000000012;12.0;0.16600000000000012;12.0
01:23:30 22/08/2020;0.1654;0.16600000000000012;1.0;0.6049793384901668;0.16600000000000012;12.0;0.16600000000000012;12.0
08:48:57 22/08/2020;0.1652;0.16600000000000012;1.0;0.6049793384901668;0.16600000000000012;12.0;0.16600000000000012;12.0
13:43:24 22/08/2020;0.165;0.16600000000000012;1.0;0.6049793384901668;0.16600000000000012;12.0;0.16600000000000012;12.0
20:02:19 22/08/2020;0.1647;0.16600000000000012;1.0;0.6049793384901668;0.16600000000000012;12.0;0.16600000000000012;12.0
03:36:58 23/08/2020;0.1644;0.16500000000000012;1.0;0.6058052492344382;0.16500000000000012;12.0;0.16500000000000012;12.0
20:26:56 23/08/2020;0.1645;0.16500000000000012;1.0;0.6058052492344382;0.16500000000000012;12.0;0.16500000000000012;12.0
03:36:04 24/08/2020;0.1643;0.16500000000000012;1.0;0.6058052492344382;0.16500000000000012;12.0;0.16500000000000012;12.0
15:14:20 24/08/2020;0.1645;0.16500000000000012;1.0;0.6058052492344382;0.16500000000000012;12.0;0.16500000000000012;12.0
22:15:20 24/08/2020;0.1647;0.16500000000000012;1.0;0.6058052492344382;0.16500000000000012;11.780277777777778;0.16500000000000012;11.780277777777778
04:00:19 25/08/2020;0.1648;0.16500000000000012;1.0;0.6058052492344382;0.16500000000000012;6.030555555555556;0.16500000000000012;6.030555555555556
10:02:09 25/08/2020;0.1653;0.16600000000000012;1.0;0.6049793384901668;0.16600000000000012;12.0;0.16600000000000012;12.0
16:12:09 25/08/2020;0.166;0.16600000000000012;1.0;0.6049793384901668;0.16600000000000012;6.066388888888889;0.16600000000000012;6.066388888888889
22:16:08 25/08/2020;0.1668;0.16700000000000012;1.0;0.6041522986797285;0.16700000000000012;5.612222222222222;0.16750000000000012;12.0
03:52:52 26/08/2020;0.1675;0.16800000000000012;1.0;0.6033241251599342;0.16800000000000012;11.496944444444445;0.16800000000000012;11.496944444444445
10:19:41 26/08/2020;0.168;0.16800000000000012;1.0;0.6033241251599342;0.16800000000000012;5.05;0.16850000000000012;12.0
15:22:41 26/08/2020;0.1683;0.16900000000000012;1.0;0.6024948132556827;0.16900000000000012;12.0;0.16900000000000012;12.0
22:40:13 26/08/2020;0.1688;0.16900000000000012;1.0;0.6024948132556827;0.16900000000000012;5.046944444444445;0.16900000000000012;5.046944444444445
03:43:02 27/08/2020;0.1691;0.17000000000000012;1.0;0.6016643582596528;0.17000000000000012;12.0;0.17000000000000012;12.0
09:36:38 27/08/2020;0.1693;0.17000000000000012;1.0;0.6016643582596528;0.17000000000000012;11.622777777777777;0.17000000000000012;11.622777777777777
15:04:59 27/08/2020;0.1699;0.17000000000000012;1.0;0.6016643582596528;0.17000000000000012;6.150277777777778;0.17000000000000012;6.150277777777778
21:14:00 27/08/2020;0.1706;0.17100000000000012;1.0;0.600832755431992;0.17100000000000012;6.450833333333334;0.17100000000000012;6.450833333333334
03:41:03 28/08/2020;0.1716;0.17200000000000013;1.0;0.5999999999999999;0.17200000000000013;12.0;0.17200000000000013;12.0
09:52:02 28/08/2020;0.1719;0.17200000000000013;1.0;0.5999999999999999;0.17200000000000013;12.0;0.17200000000000013;12.0
23:46:19 28/08/2020;0.1718;0.17200000000000013;1.0;0.5999999999999999;0.17200000000000013;12.0;0.17200000000000013;12.0
07:04:49 29/08/2020;0.1715;0.17200000000000013;1.0;0.5999999999999999;0.17200000000000013;12.0;0.17200000000000013;12.0
13:20:49 29/08/2020;0.1714;0.17200000000000013;1.0;0.5999999999999999;0.17200000000000013;12.0;0.17200000000000013;12.0
19:09:49 29/08/2020;0.1713;0.17200000000000013;1.0;0.5999999999999999;0.17200000000000013;12.0;0.17200000000000013;12.0
02:36:24 30/08/2020;0.1714;0.17200000000000013;1.0;0.5999999999999999;0.17200000000000013;12.0;0.17200000000000013;12.0
08:39:20 30/08/2020;0.1717;0.17200000000000013;1.0;0.5999999999999999;0.17200000000000013;12.0;0.17200000000000013;12.0
15:15:19 30/08/2020;0.1718;0.17200000000000013;1.0;0.5999999999999999;0.17200000000000013;12.0;0.17200000000000013;12.0
22:08:20 30/08/2020;0.1719;0.17200000000000013;1.0;0.5999999999999999;0.17200000000000013;12.0;0.17200000000000013;12.0
11:54:26 31/08/2020;0.1722;0.17300000000000013;1.0;0.5991660871578096;0.17300000000000013;12.0;0.17300000000000013;12.0
19:12:49 31/08/2020;0.1726;0.17300000000000013;1.0;0.5991660871578096;0.17300000000000013;12.0;0.17300000000000013;12.0
23:51:27 31/08/2020;0.1727;0.17300000000000013;1.0;0.5991660871578096;0.17300000000000013;12.0;0.17300000000000013;12.0
23:51:27 31/08/2020;0.1727;0.17300000000000013;1.0;0.5991660871578096;0.17300000000000013;12.0;0.17300000000000013;12.0
07:18:01 01/09/2020;0.1724;0.17300000000000013;1.0;0.5991660871578096;0.17300000000000013;12.0;0.17300000000000013;12.0
13:45:56 01/09/2020;0.1723;0.17300000000000013;1.0;0.5991660871578096;0.17300000000000013;12.0;0.17300000000000013;12.0
20:56:58 01/09/2020;0.1724;0.17300000000000013;1.0;0.5991660871578096;0.17300000000000013;12.0;0.17300000000000013;12.0
10:34:28 02/09/2020;0.1728;0.17300000000000013;1.0;0.5991660871578096;0.17300000000000013;12.0;0.17300000000000013;12.0
17:35:59 02/09/2020;0.1729;0.17300000000000013;1.0;0.5991660871578096;0.17300000000000013;12.0;0.17300000000000013;12.0
23:38:35 02/09/2020;0.173;0.17300000000000013;1.0;0.5991660871578096;0.17300000000000013;12.0;0.17300000000000013;12.0
06:48:26 03/09/2020;0.1729;0.17300000000000013;1.0;0.5991660871578096;0.17300000000000013;5.200277777777778;0.17350000000000013;12.0
12:00:27 03/09/2020;0.1732;0.17400000000000013;1.0;0.5983310120660635;0.17400000000000013;12.0;0.17400000000000013;12.0
19:18:33 03/09/2020;0.1734;0.17400000000000013;1.0;0.5983310120660635;0.17400000000000013;12.0;0.17400000000000013;12.0
01:21:27 04/09/2020;0.1737;0.17400000000000013;1.0;0.5983310120660635;0.17400000000000013;7.017222222222222;0.17400000000000013;7.017222222222222
08:22:29 04/09/2020;0.1742;0.17500000000000013;1.0;0.5974947698515861;0.17500000000000013;10.124722222222223;0.17500000000000013;10.124722222222223
13:00:57 04/09/2020;0.1746;0.17500000000000013;1.0;0.5974947698515861;0.17500000000000013;5.483611111111111;0.17550000000000013;12.0
18:29:58 04/09/2020;0.1754;0.17600000000000013;1.0;0.5966573556070518;0.17600000000000013;7.442777777777778;0.17600000000000013;7.442777777777778
01:56:32 05/09/2020;0.1766;0.17700000000000013;1.0;0.5958187643906492;0.17700000000000013;7.165;0.17700000000000013;7.165
09:06:26 05/09/2020;0.1773;0.17800000000000013;1.0;0.5949789912257406;0.17800000000000013;4.7844444444444445;0.17850000000000013;12.0
13:53:30 05/09/2020;0.1782;0.17900000000000013;1.0;0.5941380311005178;0.17900000000000013;12.0;0.17900000000000013;12.0
19:05:33 05/09/2020;0.1788;0.17900000000000013;1.0;0.5941380311005178;0.17900000000000013;12.0;0.17900000000000013;12.0
01:50:02 06/09/2020;0.179;0.17900000000000013;1.0;0.5941380311005178;0.17900000000000013;12.0;0.17900000000000013;12.0
07:19:05 06/09/2020;0.1789;0.17900000000000013;1.0;0.5941380311005178;0.17900000000000013;12.0;0.17900000000000013;12.0
12:22:03 06/09/2020;0.1788;0.17900000000000013;1.0;0.5941380311005178;0.17900000000000013;12.0;0.17900000000000013;12.0
00:10:28 07/09/2020;0.1786;0.17900000000000013;1.0;0.5941380311005178;0.17900000000000013;12.0;0.17900000000000013;12.0
06:12:57 07/09/2020;0.1788;0.17900000000000013;1.0;0.5941380311005178;0.17900000000000013;12.0;0.17900000000000013;12.0
19:50:58 07/09/2020;0.179;0.17900000000000013;1.0;0.5941380311005178;0.17900000000000013;12.0;0.17900000000000013;12.0
03:08:59 08/09/2020;0.1788;0.17900000000000013;1.0;0.5941380311005178;0.17900000000000013;12.0;0.17900000000000013;12.0
09:03:02 08/09/2020;0.1785;0.17900000000000013;1.0;0.5941380311005178;0.17900000000000013;12.0;0.17900000000000013;12.0
14:40:32 08/09/2020;0.1779;0.17900000000000013;1.0;0.5941380311005178;0.17900000000000013;12.0;0.17900000000000013;12.0
20:30:45 08/09/2020;0.1778;0.17900000000000013;1.0;0.5941380311005178;0.17900000000000013;12.0;0.17900000000000013;12.0
03:16:23 09/09/2020;0.1781;0.17900000000000013;1.0;0.5941380311005178;0.17900000000000013;11.653888888888888;0.17900000000000013;11.653888888888888
10:08:39 09/09/2020;0.1788;0.17900000000000013;1.0;0.5941380311005178;0.17900000000000013;4.782777777777778;0.17950000000000013;12.0
14:55:37 09/09/2020;0.1791;0.18000000000000013;1.0;0.5932958789676529;0.18000000000000013;12.0;0.18000000000000013;12.0
02:26:55 10/09/2020;0.1793;0.18000000000000013;1.0;0.5932958789676529;0.18000000000000013;12.0;0.18000000000000013;12.0
09:28:21 10/09/2020;0.1796;0.18000000000000013;1.0;0.5932958789676529;0.18000000000000013;12.0;0.18000000000000013;12.0
15:39:21 10/09/2020;0.1794;0.18000000000000013;1.0;0.5932958789676529;0.18000000000000013;12.0;0.18000000000000013;12.0
23:04:35 10/09/2020;0.1795;0.18000000000000013;1.0;0.5932958789676529;0.18000000000000013;12.0;0.18000000000000013;12.0
04:15:50 11/09/2020;0.1797;0.18000000000000013;1.0;0.5932958789676529;0.18000000000000013;12.0;0.18000000000000013;12.0
11:08:55 11/09/2020;0.1799;0.18000000000000013;1.0;0.5932958789676529;0.18000000000000013;12.0;0.18000000000000013;12.0
16:37:25 11/09/2020;0.1798;0.18000000000000013;1.0;0.5932958789676529;0.18000000000000013;12.0;0.18000000000000013;12.0
22:47:54 11/09/2020;0.1794;0.18000000000000013;1.0;0.5932958789676529;0.18000000000000013;12.0;0.18000000000000013;12.0
11:00:44 12/09/2020;0.1793;0.18000000000000013;1.0;0.5932958789676529;0.18000000000000013;12.0;0.18000000000000013;12.0
16:29:50 12/09/2020;0.179;0.18000000000000013;1.0;0.5932958789676529;0.18000000000000013;12.0;0.18000000000000013;12.0
04:48:13 13/09/2020;0.1789;0.17900000000000013;1.0;0.5941380311005178;0.17900000000000013;12.0;0.17900000000000013;12.0
15:45:44 13/09/2020;0.1788;0.17900000000000013;1.0;0.5941380311005178;0.17900000000000013;12.0;0.17900000000000013;12.0
05:57:20 14/09/2020;0.1791;0.18000000000000013;1.0;0.5932958789676529;0.18000000000000013;12.0;0.18000000000000013;12.0
12:58:58 14/09/2020;0.1794;0.18000000000000013;1.0;0.5932958789676529;0.18000000000000013;12.0;0.18000000000000013;12.0
18:01:59 14/09/2020;0.1796;0.18000000000000013;1.0;0.5932958789676529;0.18000000000000013;12.0;0.18000000000000013;12.0
23:56:01 14/09/2020;0.1799;0.18000000000000013;1.0;0.5932958789676529;0.18000000000000013;6.891111111111111;0.18000000000000013;6.891111111111111
06:49:29 15/09/2020;0.1801;0.18100000000000013;1.0;0.5924525297439449;0.18100000000000013;12.0;0.18100000000000013;12.0
12:59:59 15/09/2020;0.1804;0.18100000000000013;1.0;0.5924525297439449;0.18100000000000013;7.1002777777777775;0.18100000000000013;7.1002777777777775
20:06:00 15/09/2020;0.1811;0.18200000000000013;1.0;0.5916079783099615;0.18200000000000013;12.0;0.18200000000000013;12.0
01:30:18 16/09/2020;0.1814;0.18200000000000013;1.0;0.5916079783099615;0.18200000000000013;12.0;0.18200000000000013;12.0
06:50:59 16/09/2020;0.1816;0.18200000000000013;1.0;0.5916079783099615;0.18200000000000013;12.0;0.18200000000000013;12.0
12:03:19 16/09/2020;0.1817;0.18200000000000013;1.0;0.5916079783099615;0.18200000000000013;12.0;0.18200000000000013;12.0
17:40:49 16/09/2020;0.1818;0.18200000000000013;1.0;0.5916079783099615;0.18200000000000013;6.608611111111111;0.18200000000000013;6.608611111111111
00:17:20 17/09/2020;0.1822;0.18300000000000013;1.0;0.5907622195096771;0.18300000000000013;12.0;0.18300000000000013;12.0
06:37:22 17/09/2020;0.1823;0.18300000000000013;1.0;0.5907622195096771;0.18300000000000013;12.0;0.18300000000000013;12.0
11:49:20 17/09/2020;0.1824;0.18300000000000013;1.0;0.5907622195096771;0.18300000000000013;12.0;0.18300000000000013;12.0
22:56:18 17/09/2020;0.1828;0.18300000000000013;1.0;0.5907622195096771;0.18300000000000013;4.781944444444444;0.18350000000000014;12.0
01:47:21 18/09/2020;0.1828;0.18300000000000013;1.0;0.5907622195096771;0.18300000000000013;1.931111111111111;0.18350000000000014;12.0
03:43:13 18/09/2020;0.1831;0.18400000000000014;1.0;0.5899152481501049;0.18400000000000014;12.0;0.18400000000000014;12.0
09:20:52 18/09/2020;0.1836;0.18400000000000014;1.0;0.5899152481501049;0.18400000000000014;12.0;0.18400000000000014;12.0
15:49:16 18/09/2020;0.184;0.18400000000000014;1.0;0.5899152481501049;0.18400000000000014;7.0344444444444445;0.18400000000000014;7.0344444444444445
22:51:20 18/09/2020;0.1843;0.18500000000000014;1.0;0.5890670590009255;0.18500000000000014;12.0;0.18500000000000014;12.0
05:02:56 19/09/2020;0.1846;0.18500000000000014;1.0;0.5890670590009255;0.18500000000000014;7.03;0.18500000000000014;7.03
12:04:44 19/09/2020;0.1852;0.18600000000000014;1.0;0.5882176467941096;0.18600000000000014;12.0;0.18600000000000014;12.0
19:31:47 19/09/2020;0.1853;0.18600000000000014;1.0;0.5882176467941096;0.18600000000000014;12.0;0.18600000000000014;12.0
02:42:15 20/09/2020;0.1854;0.18600000000000014;1.0;0.5882176467941096;0.18600000000000014;12.0;0.18600000000000014;12.0
09:22:14 20/09/2020;0.1858;0.18600000000000014;1.0;0.5882176467941096;0.18600000000000014;7.026111111111111;0.18600000000000014;7.026111111111111
16:23:48 20/09/2020;0.1864;0.18700000000000014;1.0;0.5873670062235364;0.18700000000000014;12.0;0.18700000000000014;12.0
22:52:14 20/09/2020;0.1867;0.18700000000000014;1.0;0.5873670062235364;0.18700000000000014;12.0;0.18700000000000014;12.0
17:34:18 21/09/2020;0.1868;0.18700000000000014;1.0;0.5873670062235364;0.18700000000000014;6.7572222222222225;0.18700000000000014;6.7572222222222225
00:19:44 22/09/2020;0.1876;0.18800000000000014;1.0;0.5865151319446071;0.18800000000000014;12.0;0.18800000000000014;12.0
02:47:24 22/09/2020;0.1876;0.18800000000000014;1.0;0.5865151319446071;0.18800000000000014;11.89;0.18800000000000014;11.89
07:30:47 22/09/2020;0.1878;0.18800000000000014;1.0;0.5865151319446071;0.18800000000000014;7.166944444444445;0.18800000000000014;7.166944444444445
14:40:48 22/09/2020;0.1885;0.18900000000000014;1.0;0.5856620185738528;0.18900000000000014;12.0;0.18900000000000014;12.0
19:27:51 22/09/2020;0.1887;0.18900000000000014;1.0;0.5856620185738528;0.18900000000000014;12.0;0.18900000000000014;12.0
02:13:26 23/09/2020;0.1889;0.18900000000000014;1.0;0.5856620185738528;0.18900000000000014;12.0;0.18900000000000014;12.0
07:17:18 23/09/2020;0.1887;0.18900000000000014;1.0;0.5856620185738528;0.18900000000000014;11.107777777777779;0.18900000000000014;11.107777777777779
17:07:00 23/09/2020;0.1887;0.18900000000000014;1.0;0.5856620185738528;0.18900000000000014;1.2794444444444444;0.18950000000000014;12.0
18:23:46 23/09/2020;0.1894;0.19000000000000014;1.0;0.5848076606885377;0.19000000000000014;12.0;0.19000000000000014;12.0
00:26:37 24/09/2020;0.1895;0.19000000000000014;1.0;0.5848076606885377;0.19000000000000014;12.0;0.19000000000000014;12.0
07:20:09 24/09/2020;0.1894;0.19000000000000014;1.0;0.5848076606885377;0.19000000000000014;12.0;0.19000000000000014;12.0
20:00:08 24/09/2020;0.1896;0.19000000000000014;1.0;0.5848076606885377;0.19000000000000014;12.0;0.19000000000000014;12.0
00:46:50 25/09/2020;0.1895;0.19000000000000014;1.0;0.5848076606885377;0.19000000000000014;12.0;0.19000000000000014;12.0
11:45:22 25/09/2020;0.1898;0.19000000000000014;1.0;0.5848076606885377;0.19000000000000014;4.643055555555556;0.19050000000000014;11.533611111111112
16:23:57 25/09/2020;0.1901;0.19100000000000014;1.0;0.5839520528262572;0.19100000000000014;6.890555555555555;0.19100000000000014;6.890555555555555
23:17:23 25/09/2020;0.194;0.19400000000000014;1.0;0.5813776741499452;0.19400000000000014;6.474722222222222;0.19400000000000014;6.474722222222222
05:45:52 26/09/2020;0.1959;0.19600000000000015;1.0;0.5796550698475774;0.19600000000000015;7.024444444444445;0.19600000000000015;7.024444444444445
12:47:20 26/09/2020;0.1961;0.19700000000000015;1.0;0.5787918451395111;0.19700000000000015;5.352222222222222;0.19750000000000015;11.674166666666666
18:08:28 26/09/2020;0.1975;0.19800000000000015;1.0;0.5779273310719955;0.19800000000000015;6.321944444444444;0.19800000000000015;6.321944444444444
00:27:47 27/09/2020;0.2004;0.20100000000000015;1.0;0.5753259945457009;0.20100000000000015;4.642222222222222;0.20150000000000015;11.119722222222222
05:06:19 27/09/2020;0.2017;0.20200000000000015;1.0;0.5744562646538027;0.20200000000000015;6.4775;0.20200000000000015;6.4775
11:34:58 27/09/2020;0.2032;0.20400000000000015;1.0;0.572712842531054;0.20400000000000015;7.308333333333334;0.20400000000000015;7.308333333333334
18:53:28 27/09/2020;0.2047;0.20500000000000015;1.0;0.5718391382198318;0.20500000000000015;5.492222222222222;0.20650000000000016;12.0
00:23:00 28/09/2020;0.2071;0.20800000000000016;1.0;0.5692099788303081;0.20800000000000016;12.0;0.20800000000000016;12.0
06:25:17 28/09/2020;0.208;0.20800000000000016;1.0;0.5692099788303081;0.20800000000000016;12.0;0.20800000000000016;12.0
13:18:47 28/09/2020;0.2076;0.20800000000000016;1.0;0.5692099788303081;0.20800000000000016;12.0;0.20800000000000016;12.0
21:46:44 28/09/2020;0.2076;0.20800000000000016;1.0;0.5692099788303081;0.20800000000000016;3.915277777777778;0.20900000000000016;9.540277777777778
01:41:39 29/09/2020;0.2095;0.21000000000000016;1.0;0.5674504383644442;0.21000000000000016;5.625;0.21150000000000016;12.0
07:19:09 29/09/2020;0.2123;0.21300000000000016;1.0;0.5648008498577174;0.21300000000000016;6.891388888888889;0.21300000000000016;6.891388888888889
14:12:38 29/09/2020;0.2133;0.21400000000000016;1.0;0.5639148871948673;0.21400000000000016;6.051944444444445;0.21400000000000016;6.051944444444445
20:15:45 29/09/2020;0.2145;0.21500000000000016;1.0;0.5630275304103698;0.21500000000000016;5.762222222222222;0.21500000000000016;5.762222222222222
02:01:29 30/09/2020;0.2151;0.21600000000000016;1.0;0.5621387729022077;0.21600000000000016;9.716666666666667;0.21600000000000016;9.716666666666667
06:57:29 30/09/2020;0.2157;0.21600000000000016;1.0;0.5621387729022077;0.21600000000000016;4.783333333333333;0.21650000000000016;11.258888888888889
11:44:29 30/09/2020;0.2165;0.21700000000000016;1.0;0.5612486080160911;;;;
18:13:01 30/09/2020;0.2189;0.21900000000000017;1.0;0.5594640292279744;;;;
22:59:58 30/09/2020;0.2212;0.22200000000000017;1.0;0.556776436283002;;;;
