13:42:21 01/01/2020;Wednesday;0.3299;0.33100000000000024;1.0;0.6610597552415363;1.0;0.9774537037037037;0.33100000000000024;11.729444444444445;0.9774537037037037;1.0;0.33133333333333354;12.0;1.0;0.9774537037037037;0.33100000000000024;11.729444444444445;0.9774537037037037;Now
18:27:06 01/01/2020;Wednesday;0.3304;0.33100000000000024;1.0;0.6610597552415363;1.0;0.5819675925925926;0.33100000000000024;6.983611111111111;0.5819675925925926;1.0;0.33150000000000024;12.0;1.0;0.5819675925925926;0.33100000000000024;6.983611111111111;0.5819675925925926;Now
01:26:07 02/01/2020;Thursday;0.3319;0.33200000000000024;1.0;0.6603029607687669;0.9936319321435505;0.47759259259259257;0.33200000000000024;5.731111111111111;0.47759259259259257;1.0;0.33300000000000024;12.0;1.0;1.0;0.33300000000000024;12.0;1.0;Now
07:09:59 02/01/2020;Thursday;0.3339;0.33400000000000024;1.0;0.658786763680024;0.9808738501380952;1.0;0.33400000000000024;12.0;1.0;1.0;0.33400000000000024;12.0;1.0;1.0;0.33400000000000024;12.0;1.0;Now
20:58:19 02/01/2020;Thursday;0.334;0.33400000000000024;1.0;0.658786763680024;0.9808738501380952;1.0;0.33400000000000024;12.0;1.0;1.0;0.33400000000000024;12.0;1.0;1.0;0.33400000000000024;12.0;1.0;Now
02:08:18 03/01/2020;Friday;0.3332;0.33400000000000024;1.0;0.658786763680024;0.9808738501380952;1.0;0.33400000000000024;12.0;1.0;1.0;0.33400000000000024;12.0;1.0;1.0;0.33400000000000024;12.0;1.0;Now
09:15:53 03/01/2020;Friday;0.3326;0.33400000000000024;1.0;0.658786763680024;0.9808738501380952;1.0;0.33400000000000024;12.0;1.0;1.0;0.33366666666666694;12.0;1.0;1.0;0.33400000000000024;12.0;1.0;Now
14:00:15 03/01/2020;Friday;0.3318;0.33400000000000024;1.0;0.658786763680024;0.9808738501380952;1.0;0.33400000000000024;12.0;1.0;1.0;0.33366666666666694;12.0;1.0;0.988912037037037;0.33350000000000024;11.866944444444444;0.988912037037037;Now
19:44:27 03/01/2020;Friday;0.3327;0.33300000000000024;1.0;0.6595452979136458;0.9872565572599746;0.5108564814814814;0.33300000000000024;6.130277777777778;0.5108564814814814;1.0;0.33366666666666694;12.0;1.0;0.5108564814814814;0.33300000000000024;6.130277777777778;0.5108564814814814;Now
01:52:16 04/01/2020;Saturday;0.3337;0.33400000000000024;1.0;0.658786763680024;0.9808738501380952;1.0;0.33400000000000024;12.0;1.0;1.0;0.33400000000000024;12.0;1.0;1.0;0.33400000000000024;12.0;1.0;Now
05:52:01 04/01/2020;Saturday;0.3337;0.33400000000000024;1.0;0.658786763680024;0.9808738501380952;0.8534953703703704;0.33400000000000024;10.241944444444444;0.8534953703703704;1.0;0.3343333333333336;12.0;1.0;0.8534953703703704;0.33400000000000024;10.241944444444444;0.8534953703703704;Now
08:59:25 04/01/2020;Saturday;0.3332;0.33400000000000024;1.0;0.658786763680024;0.9808738501380952;0.5932175925925925;0.33400000000000024;7.118611111111111;0.5932175925925925;1.0;0.33450000000000024;12.0;1.0;0.5932175925925925;0.33400000000000024;7.118611111111111;0.5932175925925925;Now
16:06:32 04/01/2020;Saturday;0.3344;0.33500000000000024;1.0;0.6580273550544838;0.9744837854214273;1.0;0.33500000000000024;12.0;1.0;1.0;0.33500000000000024;12.0;1.0;1.0;0.33500000000000024;12.0;1.0;Now
23:38:55 04/01/2020;Saturday;0.3346;0.33500000000000024;1.0;0.6580273550544838;0.9744837854214273;1.0;0.33500000000000024;12.0;1.0;1.0;0.33500000000000024;12.0;1.0;1.0;0.33500000000000024;12.0;1.0;Now
05:30:50 05/01/2020;Sunday;0.3345;0.33500000000000024;1.0;0.6580273550544838;0.9744837854214273;0.5701851851851852;0.33500000000000024;6.842222222222222;0.5701851851851852;1.0;0.33550000000000024;12.0;1.0;0.5701851851851852;0.33500000000000024;6.842222222222222;0.5701851851851852;Now
12:21:22 05/01/2020;Sunday;0.3356;0.33600000000000024;1.0;0.6572670690061991;0.9680863376069999;0.5812268518518519;0.33600000000000024;6.974722222222222;0.5812268518518519;1.0;0.33650000000000024;12.0;1.0;0.5812268518518519;0.33600000000000024;6.974722222222222;0.5812268518518519;Now
19:19:51 05/01/2020;Sunday;0.3365;0.33700000000000024;1.0;0.656505902486794;0.9616814810441706;1.0;0.33700000000000024;12.0;1.0;1.0;0.33700000000000024;12.0;1.0;1.0;0.33700000000000024;12.0;1.0;Now
02:35:27 06/01/2020;Monday;0.336;0.33700000000000024;1.0;0.656505902486794;0.9616814810441706;1.0;0.33700000000000024;12.0;1.0;1.0;0.33650000000000024;12.0;1.0;1.0;0.33650000000000024;12.0;1.0;Now
08:18:54 06/01/2020;Monday;0.3354;0.33600000000000024;1.0;0.6572670690061991;0.9680863376069999;1.0;0.33600000000000024;12.0;1.0;1.0;0.33600000000000024;12.0;1.0;1.0;0.33600000000000024;12.0;1.0;Now
15:51:28 06/01/2020;Monday;0.3353;0.33600000000000024;1.0;0.6572670690061991;0.9680863376069999;1.0;0.33600000000000024;12.0;1.0;1.0;0.33600000000000024;12.0;1.0;1.0;0.33600000000000024;12.0;1.0;Now
18:08:01 06/01/2020;Monday;0.3353;0.33600000000000024;1.0;0.6572670690061991;0.9680863376069999;1.0;0.33600000000000024;12.0;1.0;1.0;0.33600000000000024;12.0;1.0;1.0;0.33600000000000024;12.0;1.0;Now
22:09:21 06/01/2020;Monday;0.3353;0.33600000000000024;1.0;0.6572670690061991;0.9680863376069999;1.0;0.33600000000000024;12.0;1.0;1.0;0.33600000000000024;12.0;1.0;1.0;0.33600000000000024;12.0;1.0;Now
22:24:56 06/01/2020;Monday;0.3353;0.33600000000000024;1.0;0.6572670690061991;0.9680863376069999;1.0;0.33600000000000024;12.0;1.0;1.0;0.33600000000000024;12.0;1.0;1.0;0.33600000000000024;12.0;1.0;Now
22:50:04 06/01/2020;Monday;0.3339;0.33600000000000024;1.0;0.6572670690061991;0.9680863376069999;1.0;0.33600000000000024;12.0;1.0;1.0;0.33600000000000024;12.0;1.0;1.0;0.33600000000000024;12.0;1.0;Now
13:04:04 07/01/2020;Tuesday;0.3341;0.33500000000000024;1.0;0.6580273550544838;0.9744837854214273;1.0;0.33500000000000024;12.0;1.0;1.0;0.33500000000000024;12.0;1.0;1.0;0.33500000000000024;12.0;1.0;Now
20:19:35 07/01/2020;Tuesday;0.3346;0.33500000000000024;1.0;0.6580273550544838;0.9744837854214273;0.9537731481481482;0.33500000000000024;11.445277777777777;0.9537731481481482;1.0;0.33533333333333354;12.0;1.0;0.9537731481481482;0.33500000000000024;11.445277777777777;0.9537731481481482;Now
01:29:34 08/01/2020;Wednesday;0.335;0.33500000000000024;1.0;0.6580273550544838;0.9744837854214273;0.5232407407407408;0.33500000000000024;6.278888888888889;0.5232407407407408;1.0;0.33550000000000024;12.0;1.0;0.5232407407407408;0.33500000000000024;6.278888888888889;0.5232407407407408;Now
07:46:18 08/01/2020;Wednesday;0.3358;0.33600000000000024;1.0;0.6572670690061991;0.9680863376069999;1.0;0.33600000000000024;12.0;1.0;1.0;0.33600000000000024;12.0;1.0;1.0;0.33600000000000024;12.0;1.0;Now
13:46:26 08/01/2020;Wednesday;0.3348;0.33600000000000024;1.0;0.6572670690061991;0.9680863376069999;1.0;0.33600000000000024;12.0;1.0;1.0;0.33600000000000024;12.0;1.0;1.0;0.33600000000000024;12.0;1.0;Now
18:48:01 08/01/2020;Wednesday;0.3353;0.33600000000000024;1.0;0.6572670690061991;0.9680863376069999;1.0;0.33600000000000024;12.0;1.0;1.0;0.33600000000000024;12.0;1.0;1.0;0.33600000000000024;12.0;1.0;Now
00:31:46 09/01/2020;Thursday;0.335;0.33600000000000024;1.0;0.6572670690061991;0.9680863376069999;1.0;0.33600000000000024;12.0;1.0;1.0;0.33600000000000024;12.0;1.0;1.0;0.33600000000000024;12.0;1.0;Now
05:41:18 09/01/2020;Thursday;0.3347;0.33600000000000024;1.0;0.6572670690061991;0.9680863376069999;1.0;0.33600000000000024;12.0;1.0;1.0;0.33600000000000024;12.0;1.0;1.0;0.33600000000000024;12.0;1.0;Now
19:38:51 09/01/2020;Thursday;0.3354;0.33600000000000024;1.0;0.6572670690061991;0.9680863376069999;0.3957638888888889;0.33600000000000024;4.7491666666666665;0.3957638888888889;1.0;0.33733333333333354;12.0;1.0;0.9546064814814815;0.33650000000000024;11.455277777777777;0.9546064814814815;Now
00:23:48 10/01/2020;Friday;0.3367;0.33700000000000024;1.0;0.656505902486794;0.9616814810441706;0.5588425925925926;0.33700000000000024;6.706111111111111;0.5588425925925926;1.0;0.3383333333333336;12.0;1.0;0.5588425925925926;0.33700000000000024;6.706111111111111;0.5588425925925926;Now
07:06:10 10/01/2020;Friday;0.339;0.33900000000000025;1.0;0.6549809157525124;0.9488494383251556;1.0;0.33900000000000025;12.0;1.0;1.0;0.33900000000000025;12.0;1.0;1.0;0.33900000000000025;12.0;1.0;Now
12:15:48 10/01/2020;Friday;0.3384;0.33900000000000025;1.0;0.6549809157525124;0.9488494383251556;1.0;0.33900000000000025;12.0;1.0;1.0;0.33900000000000025;12.0;1.0;1.0;0.33900000000000025;12.0;1.0;Now
02:05:12 11/01/2020;Saturday;0.3386;0.33900000000000025;1.0;0.6549809157525124;0.9488494383251556;1.0;0.33900000000000025;12.0;1.0;1.0;0.33900000000000025;12.0;1.0;1.0;0.33900000000000025;12.0;1.0;Now
07:15:23 11/01/2020;Saturday;0.3388;0.33900000000000025;1.0;0.6549809157525124;0.9488494383251556;1.0;0.33900000000000025;12.0;1.0;1.0;0.33900000000000025;12.0;1.0;1.0;0.33900000000000025;12.0;1.0;Now
13:06:46 11/01/2020;Saturday;0.3387;0.33900000000000025;1.0;0.6549809157525124;0.9488494383251556;1.0;0.33900000000000025;12.0;1.0;1.0;0.33900000000000025;12.0;1.0;1.0;0.33900000000000025;12.0;1.0;Now
20:30:47 11/01/2020;Saturday;0.3389;0.33900000000000025;1.0;0.6549809157525124;0.9488494383251556;0.5464583333333334;0.33900000000000025;6.5575;0.5464583333333334;1.0;0.3403333333333336;12.0;1.0;0.5464583333333334;0.33900000000000025;6.5575;0.5464583333333334;Now
03:04:14 12/01/2020;Sunday;0.3401;0.34100000000000025;1.0;0.6534523701081815;0.9359874490598792;0.9774074074074074;0.34100000000000025;11.72888888888889;0.9774074074074074;1.0;0.34166666666666695;12.0;1.0;0.9774074074074074;0.34100000000000025;11.72888888888889;0.9774074074074074;Now
07:40:55 12/01/2020;Sunday;0.3405;0.34100000000000025;1.0;0.6534523701081815;0.9359874490598792;0.593125;0.34100000000000025;7.1175;0.593125;1.0;0.34200000000000025;12.0;1.0;0.593125;0.34100000000000025;7.1175;0.593125;Now
14:47:58 12/01/2020;Sunday;0.3421;0.34300000000000025;1.0;0.6519202405202646;0.9230953026029611;0.47671296296296295;0.34300000000000025;5.720555555555555;0.47671296296296295;1.0;0.34350000000000025;12.0;1.0;1.0;0.34350000000000025;12.0;1.0;Now
20:31:12 12/01/2020;Sunday;0.3437;0.34400000000000025;1.0;0.6511528238439881;0.9166378539236423;0.5822916666666667;0.34400000000000025;6.9875;0.5822916666666667;1.0;0.34500000000000025;12.0;1.0;0.5822916666666667;0.34400000000000025;6.9875;0.5822916666666667;Now
03:30:27 13/01/2020;Monday;0.3453;0.34600000000000025;1.0;0.6496152707564684;0.903700071280503;0.42949074074074073;0.34600000000000025;5.153888888888889;0.42949074074074073;1.0;0.34733333333333355;12.0;1.0;1.0;0.34700000000000025;12.0;1.0;Now
08:39:41 13/01/2020;Monday;0.3472;0.34800000000000025;1.0;0.6480740698407859;0.8907315938871961;1.0;0.34800000000000025;12.0;1.0;1.0;0.34800000000000025;12.0;1.0;1.0;0.34800000000000025;12.0;1.0;Now
15:14:03 13/01/2020;Monday;0.3476;0.34800000000000025;1.0;0.6480740698407859;0.8907315938871961;1.0;0.34800000000000025;12.0;1.0;1.0;0.34800000000000025;12.0;1.0;1.0;0.34800000000000025;12.0;1.0;Now
20:15:17 13/01/2020;Monday;0.3474;0.34800000000000025;1.0;0.6480740698407859;0.8907315938871961;1.0;0.34800000000000025;12.0;1.0;1.0;0.34800000000000025;12.0;1.0;1.0;0.34800000000000025;12.0;1.0;Now
02:15:11 14/01/2020;Tuesday;0.3468;0.34800000000000025;1.0;0.6480740698407859;0.8907315938871961;1.0;0.34800000000000025;12.0;1.0;1.0;0.34766666666666696;12.0;1.0;1.0;0.34800000000000025;12.0;1.0;Now
07:26:38 14/01/2020;Tuesday;0.3467;0.34800000000000025;1.0;0.6480740698407859;0.8907315938871961;1.0;0.34800000000000025;12.0;1.0;1.0;0.34766666666666696;12.0;1.0;0.8208564814814815;0.34750000000000025;9.850277777777778;0.8208564814814815;Now
12:11:50 14/01/2020;Tuesday;0.3469;0.34700000000000025;1.0;0.6488451279003332;0.8972196830859613;0.42474537037037036;0.34700000000000025;5.0969444444444445;0.42474537037037036;1.0;0.34800000000000025;12.0;1.0;0.42474537037037036;0.34700000000000025;5.0969444444444445;0.42474537037037036;Now
17:17:39 14/01/2020;Tuesday;0.3471;0.34800000000000025;1.0;0.6480740698407859;0.8907315938871961;0.46729166666666666;0.34800000000000025;5.6075;0.46729166666666666;1.0;0.34850000000000025;12.0;1.0;1.0;0.34850000000000025;12.0;1.0;Now
22:54:06 14/01/2020;Tuesday;0.349;0.34900000000000025;1.0;0.6473020933072902;0.8842357761641911;0.5377777777777778;0.34900000000000025;6.453333333333333;0.5377777777777778;1.0;0.35000000000000026;12.0;1.0;0.5377777777777778;0.34900000000000025;6.453333333333333;0.5377777777777778;Now
05:21:18 15/01/2020;Wednesday;0.3505;0.35100000000000026;1.0;0.6457553716385175;0.8712208442425261;1.0;0.35100000000000026;12.0;1.0;1.0;0.35100000000000026;12.0;1.0;1.0;0.35100000000000026;12.0;1.0;Now
11:38:17 15/01/2020;Wednesday;0.3509;0.35100000000000026;1.0;0.6457553716385175;0.8712208442425261;0.5353935185185185;0.35100000000000026;6.424722222222222;0.5353935185185185;1.0;0.35250000000000026;12.0;1.0;0.5353935185185185;0.35100000000000026;6.424722222222222;0.5353935185185185;Now
18:03:46 15/01/2020;Wednesday;0.3539;0.35400000000000026;1.0;0.6434283176858163;0.8516397849065697;0.5702083333333333;0.35400000000000026;6.8425;0.5702083333333333;1.0;0.35450000000000026;12.0;1.0;0.5702083333333333;0.35400000000000026;6.8425;0.5702083333333333;Now
00:54:19 16/01/2020;Thursday;0.3545;0.35500000000000026;1.0;0.6426507605223849;0.8450970088198462;1.0;0.35500000000000026;12.0;1.0;1.0;0.35500000000000026;12.0;1.0;1.0;0.35500000000000026;12.0;1.0;Now
07:28:37 16/01/2020;Thursday;0.3514;0.35500000000000026;1.0;0.6426507605223849;0.8450970088198462;1.0;0.35500000000000026;12.0;1.0;1.0;0.3543333333333336;12.0;1.0;1.0;0.35500000000000026;12.0;1.0;Now
12:04:47 16/01/2020;Thursday;0.3512;0.35500000000000026;1.0;0.6426507605223849;0.8450970088198462;1.0;0.35500000000000026;12.0;1.0;1.0;0.35366666666666696;12.0;1.0;1.0;0.35500000000000026;12.0;1.0;Now
17:48:23 16/01/2020;Thursday;0.3527;0.35300000000000026;1.0;0.6442049363362561;0.8581746638499734;0.861550925925926;0.35300000000000026;10.338611111111112;0.861550925925926;1.0;0.35333333333333355;12.0;1.0;0.861550925925926;0.35300000000000026;10.338611111111112;0.861550925925926;Now
23:32:12 16/01/2020;Thursday;0.3518;0.35300000000000026;1.0;0.6442049363362561;0.8581746638499734;0.3840277777777778;0.35300000000000026;4.608333333333333;0.3840277777777778;1.0;0.35350000000000026;12.0;1.0;1.0;0.35350000000000026;12.0;1.0;Now
04:08:42 17/01/2020;Friday;0.3532;0.35400000000000026;1.0;0.6434283176858163;0.8516397849065697;1.0;0.35400000000000026;12.0;1.0;1.0;0.35400000000000026;12.0;1.0;1.0;0.35400000000000026;12.0;1.0;Now
11:32:46 17/01/2020;Friday;0.3518;0.35400000000000026;1.0;0.6434283176858163;0.8516397849065697;1.0;0.35400000000000026;12.0;1.0;1.0;0.3526666666666669;12.0;1.0;1.0;0.35300000000000026;12.0;1.0;Now
16:42:44 17/01/2020;Friday;0.3516;0.35200000000000026;1.0;0.6449806198638838;0.8647016741768166;1.0;0.35200000000000026;12.0;1.0;1.0;0.35200000000000026;12.0;1.0;1.0;0.35200000000000026;12.0;1.0;Now
22:59:44 17/01/2020;Friday;0.3515;0.35200000000000026;1.0;0.6449806198638838;0.8647016741768166;1.0;0.35200000000000026;12.0;1.0;1.0;0.35200000000000026;12.0;1.0;1.0;0.35200000000000026;12.0;1.0;Now
06:07:12 18/01/2020;Saturday;0.3505;0.35200000000000026;1.0;0.6449806198638838;0.8647016741768166;1.0;0.35200000000000026;12.0;1.0;1.0;0.35150000000000026;12.0;1.0;1.0;0.35200000000000026;12.0;1.0;Now
12:40:54 18/01/2020;Saturday;0.35;0.35100000000000026;1.0;0.6457553716385175;0.8712208442425261;1.0;0.35100000000000026;12.0;1.0;1.0;0.35050000000000026;12.0;1.0;1.0;0.35050000000000026;12.0;1.0;Now
18:33:15 18/01/2020;Saturday;0.3475;0.35000000000000026;1.0;0.6465291950097843;0.877732202232631;1.0;0.35000000000000026;12.0;1.0;1.0;0.34900000000000025;12.0;1.0;1.0;0.35000000000000026;12.0;1.0;Now
01:48:25 19/01/2020;Sunday;0.3462;0.34800000000000025;1.0;0.6480740698407859;0.8907315938871961;1.0;0.34800000000000025;12.0;1.0;1.0;0.34733333333333355;12.0;1.0;1.0;0.34800000000000025;12.0;1.0;Now
08:38:59 19/01/2020;Sunday;0.3457;0.34700000000000025;1.0;0.6488451279003332;0.8972196830859613;0.9304398148148149;0.34700000000000025;11.165277777777778;0.9304398148148149;1.0;0.34733333333333355;12.0;1.0;0.9304398148148149;0.34700000000000025;11.165277777777778;0.9304398148148149;Now
13:24:01 19/01/2020;Sunday;0.3461;0.34700000000000025;1.0;0.6488451279003332;0.8972196830859613;0.5575694444444445;0.34700000000000025;6.414722222222222;0.5345601851851852;1.0;0.34766666666666696;12.0;1.0;0.5575694444444445;0.34700000000000025;6.414722222222222;0.5345601851851852;Now
19:48:54 19/01/2020;Sunday;0.3471;0.34800000000000025;1.0;0.6480740698407859;0.8907315938871961;1.0;0.34800000000000025;12.0;1.0;1.0;0.34800000000000025;12.0;1.0;1.0;0.34800000000000025;12.0;1.0;Now
01:07:27 20/01/2020;Monday;0.3448;0.34800000000000025;1.0;0.6480740698407859;0.8907315938871961;1.0;0.34800000000000025;12.0;1.0;1.0;0.34650000000000025;12.0;1.0;1.0;0.34800000000000025;12.0;1.0;Now
08:23:24 20/01/2020;Monday;0.3445;0.34500000000000025;1.0;0.6503845016603638;0.9101727858279;0.4192361111111111;0.34500000000000025;5.030833333333334;0.4192361111111111;1.0;0.3463333333333336;12.0;1.0;0.4192361111111111;0.34500000000000025;5.030833333333334;0.4192361111111111;Now
13:25:15 20/01/2020;Monday;0.3463;0.34700000000000025;1.0;0.6488451279003332;0.8972196830859613;1.0;0.34700000000000025;12.0;1.0;1.0;0.34700000000000025;12.0;1.0;1.0;0.34700000000000025;12.0;1.0;Now
18:26:39 20/01/2020;Monday;0.3459;0.34700000000000025;1.0;0.6488451279003332;0.8972196830859613;1.0;0.34700000000000025;12.0;1.0;1.0;0.34700000000000025;12.0;1.0;1.0;0.34700000000000025;12.0;1.0;Now
01:42:27 21/01/2020;Tuesday;0.3468;0.34700000000000025;1.0;0.6488451279003332;0.8972196830859613;0.5695833333333333;0.34700000000000025;6.835;0.5695833333333333;1.0;0.34750000000000025;12.0;1.0;0.5695833333333333;0.34700000000000025;6.835;0.5695833333333333;Now
08:32:33 21/01/2020;Tuesday;0.3474;0.34800000000000025;1.0;0.6480740698407859;0.8907315938871961;0.5471527777777778;0.34800000000000025;6.565833333333333;0.5471527777777778;1.0;0.34850000000000025;12.0;1.0;0.5471527777777778;0.34800000000000025;6.565833333333333;0.5471527777777778;Now
15:06:30 21/01/2020;Tuesday;0.3481;0.34900000000000025;1.0;0.6473020933072902;0.8842357761641911;1.0;0.34900000000000025;12.0;1.0;1.0;0.34900000000000025;12.0;1.0;1.0;0.34900000000000025;12.0;1.0;Now
22:14:39 21/01/2020;Tuesday;0.3488;0.34900000000000025;1.0;0.6473020933072902;0.8842357761641911;1.0;0.34900000000000025;12.0;1.0;1.0;0.34900000000000025;12.0;1.0;1.0;0.34900000000000025;12.0;1.0;Now
03:47:38 22/01/2020;Wednesday;0.3479;0.34900000000000025;1.0;0.6473020933072902;0.8842357761641911;1.0;0.34900000000000025;12.0;1.0;1.0;0.34900000000000025;12.0;1.0;1.0;0.34900000000000025;12.0;1.0;Now
15:56:37 22/01/2020;Wednesday;0.3483;0.34900000000000025;1.0;0.6473020933072902;0.8842357761641911;0.5938425925925926;0.34900000000000025;7.126111111111111;0.5938425925925926;1.0;0.34950000000000025;12.0;1.0;0.5938425925925926;0.34900000000000025;7.126111111111111;0.5938425925925926;Now
23:04:11 22/01/2020;Wednesday;0.3494;0.35000000000000026;1.0;0.6465291950097843;0.877732202232631;0.4762037037037037;0.35000000000000026;5.714444444444444;0.4762037037037037;1.0;0.35050000000000026;12.0;1.0;1.0;0.35050000000000026;12.0;1.0;Now
04:47:03 23/01/2020;Thursday;0.3505;0.35100000000000026;1.0;0.6457553716385175;0.8712208442425261;1.0;0.35100000000000026;12.0;1.0;1.0;0.35100000000000026;12.0;1.0;1.0;0.35100000000000026;12.0;1.0;Now
12:11:04 23/01/2020;Thursday;0.3498;0.35100000000000026;1.0;0.6457553716385175;0.8712208442425261;1.0;0.35100000000000026;12.0;1.0;1.0;0.35100000000000026;12.0;1.0;1.0;0.35100000000000026;12.0;1.0;Now
19:26:33 23/01/2020;Thursday;0.351;0.35100000000000026;1.0;0.6457553716385175;0.8712208442425261;0.41875;0.35100000000000026;5.025;0.41875;1.0;0.35150000000000026;12.0;1.0;1.0;0.35150000000000026;12.0;1.0;Now
00:28:03 24/01/2020;Friday;0.352;0.35200000000000026;1.0;0.6449806198638838;0.8647016741768166;1.0;0.35200000000000026;12.0;1.0;1.0;0.35200000000000026;12.0;1.0;1.0;0.35200000000000026;12.0;1.0;Now
07:35:08 24/01/2020;Friday;0.3499;0.35200000000000026;1.0;0.6449806198638838;0.8647016741768166;1.0;0.35200000000000026;12.0;1.0;1.0;0.35100000000000026;12.0;1.0;1.0;0.35200000000000026;12.0;1.0;Now
14:34:04 24/01/2020;Friday;0.3495;0.35000000000000026;1.0;0.6465291950097843;0.877732202232631;1.0;0.35000000000000026;12.0;1.0;1.0;0.35000000000000026;12.0;1.0;1.0;0.35000000000000026;12.0;1.0;Now
21:07:44 24/01/2020;Friday;0.3481;0.35000000000000026;1.0;0.6465291950097843;0.877732202232631;1.0;0.35000000000000026;12.0;1.0;1.0;0.34950000000000025;12.0;1.0;1.0;0.35000000000000026;12.0;1.0;Now
04:32:09 25/01/2020;Saturday;0.3465;0.34900000000000025;1.0;0.6473020933072902;0.8842357761641911;1.0;0.34900000000000025;12.0;1.0;1.0;0.34800000000000025;12.0;1.0;1.0;0.34900000000000025;12.0;1.0;Now
11:39:24 25/01/2020;Saturday;0.3454;0.34700000000000025;1.0;0.6488451279003332;0.8972196830859613;1.0;0.34700000000000025;12.0;1.0;1.0;0.3463333333333336;12.0;1.0;1.0;0.34700000000000025;12.0;1.0;Now
16:33:08 25/01/2020;Saturday;0.3442;0.34600000000000025;1.0;0.6496152707564684;0.903700071280503;1.0;0.34600000000000025;12.0;1.0;1.0;0.34566666666666696;12.0;1.0;1.0;0.34600000000000025;12.0;1.0;Now
21:09:20 25/01/2020;Saturday;0.344;0.34600000000000025;1.0;0.6496152707564684;0.903700071280503;1.0;0.34600000000000025;12.0;1.0;1.0;0.34550000000000025;12.0;1.0;1.0;0.34550000000000025;12.0;1.0;Now
02:36:14 26/01/2020;Sunday;0.3425;0.34500000000000025;1.0;0.6503845016603638;0.9101727858279;1.0;0.34500000000000025;12.0;1.0;1.0;0.34400000000000025;12.0;1.0;1.0;0.34500000000000025;12.0;1.0;Now
09:26:21 26/01/2020;Sunday;0.3414;0.34300000000000025;1.0;0.6519202405202646;0.9230953026029611;1.0;0.34300000000000025;12.0;1.0;1.0;0.34250000000000025;12.0;1.0;1.0;0.34300000000000025;12.0;1.0;Now
16:50:20 26/01/2020;Sunday;0.3413;0.34200000000000025;1.0;0.6526867548832286;0.9295451587421526;1.0;0.34200000000000025;12.0;1.0;1.0;0.34200000000000025;12.0;1.0;1.0;0.34200000000000025;12.0;1.0;Now
23:41:08 26/01/2020;Sunday;0.3396;0.34200000000000025;1.0;0.6526867548832286;0.9295451587421526;1.0;0.34200000000000025;12.0;1.0;1.0;0.34100000000000025;12.0;1.0;1.0;0.34200000000000025;12.0;1.0;Now
06:48:32 27/01/2020;Monday;0.3372;0.34000000000000025;1.0;0.6542170893518449;0.9424222001184609;1.0;0.34000000000000025;12.0;1.0;1.0;0.33900000000000025;12.0;1.0;1.0;0.34000000000000025;12.0;1.0;Now
11:41:55 27/01/2020;Monday;0.3375;0.33800000000000024;1.0;0.6557438524301998;0.9552691899334218;0.5815046296296297;0.33800000000000024;6.978055555555556;0.5815046296296297;1.0;0.3386666666666669;12.0;1.0;1.0;0.33900000000000025;12.0;1.0;Now
16:14:12 27/01/2020;Monday;0.3375;0.33800000000000024;1.0;0.6557438524301998;0.9552691899334218;0.20333333333333334;0.33800000000000024;2.44;0.20333333333333334;1.0;0.34000000000000025;12.0;1.0;0.7386574074074074;0.33900000000000025;8.863888888888889;0.7386574074074074;Now
18:40:36 27/01/2020;Monday;0.3395;0.34000000000000025;1.0;0.6542170893518449;0.9424222001184609;0.5353240740740741;0.34000000000000025;6.4238888888888885;0.5353240740740741;1.0;0.3423333333333336;12.0;1.0;0.5353240740740741;0.34000000000000025;6.4238888888888885;0.5353240740740741;Now
01:06:02 28/01/2020;Tuesday;0.342;0.34200000000000025;1.0;0.6526867548832286;0.9295451587421526;0.41939814814814813;0.34200000000000025;5.032777777777778;0.41939814814814813;1.0;0.34400000000000025;12.0;1.0;1.0;0.34350000000000025;12.0;1.0;Now
06:08:00 28/01/2020;Tuesday;0.3443;0.34500000000000025;1.0;0.6503845016603638;0.9101727858279;0.9771064814814815;0.34500000000000025;11.725277777777778;0.9771064814814815;1.0;0.34533333333333355;12.0;1.0;0.9771064814814815;0.34500000000000025;11.725277777777778;0.9771064814814815;Now
12:16:31 28/01/2020;Tuesday;0.3445;0.34500000000000025;1.0;0.6503845016603638;0.9101727858279;0.4652777777777778;0.34500000000000025;5.583333333333333;0.4652777777777778;1.0;0.34550000000000025;12.0;1.0;1.0;0.34550000000000025;12.0;1.0;Now
17:51:31 28/01/2020;Tuesday;0.3457;0.34600000000000025;1.0;0.6496152707564684;0.903700071280503;0.570925925925926;0.34600000000000025;6.851111111111111;0.570925925925926;1.0;0.34700000000000025;12.0;1.0;0.570925925925926;0.34600000000000025;6.851111111111111;0.570925925925926;Now
00:42:35 29/01/2020;Wednesday;0.3473;0.34800000000000025;1.0;0.6480740698407859;0.8907315938871961;1.0;0.34800000000000025;12.0;1.0;1.0;0.34800000000000025;12.0;1.0;1.0;0.34800000000000025;12.0;1.0;Now
12:42:35 29/01/2020;Wednesday;0.3471;0.34800000000000025;1.0;0.6480740698407859;0.8907315938871961;1.0;0.34800000000000025;12.0;1.0;1.0;0.34800000000000025;12.0;1.0;1.0;0.34800000000000025;12.0;1.0;Now
19:41:35 29/01/2020;Wednesday;0.3464;0.34800000000000025;1.0;0.6480740698407859;0.8907315938871961;1.0;0.34800000000000025;12.0;1.0;1.0;0.34766666666666696;12.0;1.0;1.0;0.34800000000000025;12.0;1.0;Now
00:18:12 30/01/2020;Thursday;0.3458;0.34800000000000025;1.0;0.6480740698407859;0.8907315938871961;1.0;0.34800000000000025;12.0;1.0;1.0;0.34750000000000025;12.0;1.0;1.0;0.34750000000000025;12.0;1.0;Now
05:53:34 30/01/2020;Thursday;0.3451;0.34700000000000025;1.0;0.6488451279003332;0.8972196830859613;1.0;0.34700000000000025;12.0;1.0;1.0;0.34700000000000025;12.0;1.0;1.0;0.34700000000000025;12.0;1.0;Now
12:27:02 30/01/2020;Thursday;0.3465;0.34700000000000025;1.0;0.6488451279003332;0.8972196830859613;0.6166666666666667;0.34700000000000025;7.4;0.6166666666666667;1.0;0.34750000000000025;12.0;1.0;0.6166666666666667;0.34700000000000025;7.4;0.6166666666666667;Now
19:51:02 30/01/2020;Thursday;0.3478;0.34800000000000025;1.0;0.6480740698407859;0.8907315938871961;0.5347685185185185;0.34800000000000025;4.891666666666667;0.4076388888888889;1.0;0.3486666666666669;12.0;1.0;1.0;0.34850000000000025;12.0;1.0;Now
00:44:32 31/01/2020;Friday;0.3488;0.34900000000000025;1.0;0.6473020933072902;0.8842357761641911;1.0;0.34900000000000025;12.0;1.0;1.0;0.34900000000000025;12.0;1.0;1.0;0.34900000000000025;12.0;1.0;Now
06:19:30 31/01/2020;Friday;0.348;0.34900000000000025;1.0;0.6473020933072902;0.8842357761641911;1.0;0.34900000000000025;12.0;1.0;1.0;0.34900000000000025;12.0;1.0;1.0;0.34900000000000025;12.0;1.0;Now
13:10:12 31/01/2020;Friday;0.3483;0.34900000000000025;1.0;0.6473020933072902;0.8842357761641911;1.0;0.34900000000000025;12.0;1.0;1.0;0.34900000000000025;12.0;1.0;1.0;0.34900000000000025;12.0;1.0;Now
18:28:36 31/01/2020;Friday;0.3478;0.34900000000000025;1.0;0.6473020933072902;0.8842357761641911;1.0;0.34900000000000025;12.0;1.0;1.0;0.3486666666666669;12.0;1.0;1.0;0.34900000000000025;12.0;1.0;Now
18:28:36 31/01/2020;Friday;0.3478;0.34900000000000025;1.0;0.6473020933072902;0.8842357761641911;1.0;0.34900000000000025;12.0;1.0;1.0;0.34850000000000025;12.0;1.0;1.0;0.34900000000000025;12.0;1.0;Now
01:52:38 01/02/2020;Saturday;0.3472;0.34800000000000025;1.0;0.6480740698407859;0.8907315938871961;1.0;0.34800000000000025;12.0;1.0;1.0;0.34800000000000025;12.0;1.0;1.0;0.34800000000000025;12.0;1.0;Now
06:29:03 01/02/2020;Saturday;0.3473;0.34800000000000025;1.0;0.6480740698407859;0.8907315938871961;1.0;0.34800000000000025;12.0;1.0;1.0;0.34800000000000025;12.0;1.0;1.0;0.34800000000000025;12.0;1.0;Now
14:02:00 01/02/2020;Saturday;0.3469;0.34800000000000025;1.0;0.6480740698407859;0.8907315938871961;1.0;0.34800000000000025;12.0;1.0;1.0;0.34733333333333355;12.0;1.0;1.0;0.34800000000000025;12.0;1.0;Now
00:38:31 02/02/2020;Sunday;0.3466;0.34700000000000025;1.0;0.6488451279003332;0.8972196830859613;1.0;0.34700000000000025;12.0;1.0;1.0;0.34700000000000025;12.0;1.0;1.0;0.34700000000000025;12.0;1.0;Now
01:14:13 02/02/2020;Sunday;0.3466;0.34700000000000025;1.0;0.6488451279003332;0.8972196830859613;1.0;0.34700000000000025;12.0;1.0;1.0;0.34700000000000025;12.0;1.0;1.0;0.34700000000000025;12.0;1.0;Now
05:15:06 02/02/2020;Sunday;0.3469;0.34700000000000025;1.0;0.6488451279003332;0.8972196830859613;1.0;0.34700000000000025;12.0;1.0;1.0;0.34700000000000025;12.0;1.0;1.0;0.34700000000000025;12.0;1.0;Now
11:15:32 02/02/2020;Sunday;0.3467;0.34700000000000025;1.0;0.6488451279003332;0.8972196830859613;1.0;0.34700000000000025;12.0;1.0;1.0;0.34700000000000025;12.0;1.0;1.0;0.34700000000000025;12.0;1.0;Now
01:30:04 03/02/2020;Monday;0.3472;0.34800000000000025;1.0;0.6480740698407859;0.8907315938871961;1.0;0.34800000000000025;12.0;1.0;1.0;0.34800000000000025;12.0;1.0;1.0;0.34800000000000025;12.0;1.0;Now
06:40:03 03/02/2020;Monday;0.3476;0.34800000000000025;1.0;0.6480740698407859;0.8907315938871961;1.0;0.34800000000000025;12.0;1.0;1.0;0.34800000000000025;12.0;1.0;1.0;0.34800000000000025;12.0;1.0;Now
18:49:07 03/02/2020;Monday;0.347;0.34700000000000025;1.0;0.6488451279003332;0.8972196830859613;0.3944675925925926;0.34700000000000025;4.609444444444445;0.3841203703703704;1.0;0.34766666666666696;12.0;1.0;1.0;0.34750000000000025;12.0;1.0;Now
23:25:41 03/02/2020;Monday;0.3474;0.34800000000000025;1.0;0.6480740698407859;0.8907315938871961;1.0;0.34800000000000025;12.0;1.0;1.0;0.34800000000000025;12.0;1.0;1.0;0.34800000000000025;12.0;1.0;Now
06:41:40 04/02/2020;Tuesday;0.347;0.34800000000000025;1.0;0.6480740698407859;0.8907315938871961;0.9188425925925926;0.34800000000000025;11.026111111111112;0.9188425925925926;1.0;0.3483333333333336;12.0;1.0;0.9188425925925926;0.34800000000000025;11.026111111111112;0.9188425925925926;Now
11:26:14 04/02/2020;Tuesday;0.3473;0.34800000000000025;1.0;0.6480740698407859;0.8907315938871961;0.5236111111111111;0.34800000000000025;6.283333333333333;0.5236111111111111;1.0;0.3487500000000002;12.0;1.0;0.5236111111111111;0.34800000000000025;6.283333333333333;0.5236111111111111;Now
17:43:14 04/02/2020;Tuesday;0.3485;0.34900000000000025;1.0;0.6473020933072902;0.8842357761641911;0.8646296296296296;0.34900000000000025;10.375555555555556;0.8646296296296296;1.0;0.3492500000000003;12.0;1.0;0.8646296296296296;0.34900000000000025;10.375555555555556;0.8646296296296296;Now
22:23:13 04/02/2020;Tuesday;0.349;0.34900000000000025;1.0;0.6473020933072902;0.8842357761641911;0.4757638888888889;0.34900000000000025;5.7091666666666665;0.4757638888888889;1.0;0.34933333333333355;12.0;1.0;1.0;0.34933333333333355;12.0;1.0;Now
22:25:42 04/02/2020;Tuesday;0.349;0.34900000000000025;1.0;0.6473020933072902;0.8842357761641911;0.4723148148148148;0.34900000000000025;5.667777777777777;0.4723148148148148;1.0;0.34950000000000025;12.0;1.0;1.0;0.34950000000000025;12.0;1.0;Now
04:05:46 05/02/2020;Wednesday;0.3499;0.35000000000000026;1.0;0.6465291950097843;0.877732202232631;0.5929861111111111;0.35000000000000026;7.115833333333334;0.5929861111111111;1.0;0.35100000000000026;12.0;1.0;0.5929861111111111;0.35000000000000026;7.115833333333334;0.5929861111111111;Now
11:12:43 05/02/2020;Wednesday;0.3514;0.35200000000000026;1.0;0.6449806198638838;0.8647016741768166;0.48886574074074074;0.35200000000000026;5.866388888888889;0.48886574074074074;1.0;0.35250000000000026;12.0;1.0;1.0;0.35250000000000026;12.0;1.0;Now
17:04:42 05/02/2020;Wednesday;0.3528;0.35300000000000026;1.0;0.6442049363362561;0.8581746638499734;0.6288888888888889;0.35300000000000026;7.546666666666667;0.6288888888888889;1.0;0.35350000000000026;12.0;1.0;0.6288888888888889;0.35300000000000026;7.546666666666667;0.6288888888888889;Now
00:37:30 06/02/2020;Thursday;0.3534;0.35400000000000026;1.0;0.6434283176858163;0.8516397849065697;1.0;0.35400000000000026;12.0;1.0;1.0;0.35400000000000026;12.0;1.0;1.0;0.35400000000000026;12.0;1.0;Now
05:13:42 06/02/2020;Thursday;0.3531;0.35400000000000026;1.0;0.6434283176858163;0.8516397849065697;0.9427083333333334;0.35400000000000026;11.3125;0.9427083333333334;1.0;0.3543333333333336;12.0;1.0;0.9427083333333334;0.35400000000000026;11.3125;0.9427083333333334;Now
10:31:59 06/02/2020;Thursday;0.3533;0.35400000000000026;1.0;0.6434283176858163;0.8516397849065697;0.5006481481481482;0.35400000000000026;6.007777777777778;0.5006481481481482;1.0;0.35450000000000026;12.0;1.0;0.5006481481481482;0.35400000000000026;6.007777777777778;0.5006481481481482;Now
16:32:27 06/02/2020;Thursday;0.3548;0.35500000000000026;1.0;0.6426507605223849;0.8450970088198462;1.0;0.35500000000000026;12.0;1.0;1.0;0.35500000000000026;12.0;1.0;1.0;0.35500000000000026;12.0;1.0;Now
23:11:54 06/02/2020;Thursday;0.3528;0.35500000000000026;1.0;0.6426507605223849;0.8450970088198462;0.5118518518518519;0.35500000000000026;6.142222222222222;0.5118518518518519;1.0;0.35550000000000026;12.0;1.0;0.5118518518518519;0.35500000000000026;6.142222222222222;0.5118518518518519;Now
05:20:26 07/02/2020;Friday;0.3556;0.35600000000000026;1.0;0.6418722614352483;0.8385463068902608;0.6285648148148149;0.35600000000000026;7.542777777777777;0.6285648148148149;1.0;0.35750000000000026;12.0;1.0;0.6285648148148149;0.35600000000000026;7.542777777777777;0.6285648148148149;Now
12:53:00 07/02/2020;Friday;0.359;0.35900000000000026;1.0;0.6395310782127791;0.8188463564261544;0.48909722222222224;0.35900000000000026;5.869166666666667;0.48909722222222224;1.0;0.36000000000000026;12.0;1.0;1.0;0.36000000000000026;12.0;1.0;Now
18:45:09 07/02/2020;Friday;0.3602;0.36100000000000027;1.0;0.6379655163094631;0.8056728928339759;0.5237037037037037;0.36100000000000027;6.2844444444444445;0.5237037037037037;1.0;0.36166666666666697;12.0;1.0;0.5237037037037037;0.36100000000000027;6.2844444444444445;0.5237037037037037;Now
01:02:13 08/02/2020;Saturday;0.3614;0.36200000000000027;1.0;0.6371812928829594;0.7990740232937188;1.0;0.36200000000000027;12.0;1.0;1.0;0.36200000000000027;12.0;1.0;1.0;0.36200000000000027;12.0;1.0;Now
06:37:05 08/02/2020;Saturday;0.3611;0.36200000000000027;1.0;0.6371812928829594;0.7990740232937188;1.0;0.36200000000000027;12.0;1.0;1.0;0.36200000000000027;12.0;1.0;1.0;0.36200000000000027;12.0;1.0;Now
11:21:39 08/02/2020;Saturday;0.3602;0.36200000000000027;1.0;0.6371812928829594;0.7990740232937188;1.0;0.36200000000000027;12.0;1.0;1.0;0.36200000000000027;12.0;1.0;1.0;0.36200000000000027;12.0;1.0;Now
16:06:40 08/02/2020;Saturday;0.3596;0.36200000000000027;1.0;0.6371812928829594;0.7990740232937188;1.0;0.36200000000000027;12.0;1.0;1.0;0.36100000000000027;12.0;1.0;1.0;0.36200000000000027;12.0;1.0;Now
23:30:34 08/02/2020;Saturday;0.3585;0.36000000000000026;1.0;0.6387487769068523;0.8122636606222311;1.0;0.36000000000000026;12.0;1.0;1.0;0.35933333333333356;12.0;1.0;1.0;0.36000000000000026;12.0;1.0;Now
05:47:41 09/02/2020;Sunday;0.358;0.35900000000000026;1.0;0.6395310782127791;0.8188463564261544;1.0;0.35900000000000026;12.0;1.0;1.0;0.35900000000000026;12.0;1.0;1.0;0.35900000000000026;12.0;1.0;Now
11:14:30 09/02/2020;Sunday;0.3574;0.35900000000000026;1.0;0.6395310782127791;0.8188463564261544;1.0;0.35900000000000026;12.0;1.0;1.0;0.35900000000000026;12.0;1.0;1.0;0.35900000000000026;12.0;1.0;Now
17:40:09 09/02/2020;Sunday;0.3587;0.35900000000000026;1.0;0.6395310782127791;0.8188463564261544;0.6280787037037037;0.35900000000000026;7.536944444444444;0.6280787037037037;1.0;0.36050000000000026;12.0;1.0;0.6280787037037037;0.35900000000000026;7.536944444444444;0.6280787037037037;Now
01:12:22 10/02/2020;Monday;0.3616;0.36200000000000027;1.0;0.6371812928829594;0.7990740232937188;1.0;0.36200000000000027;12.0;1.0;1.0;0.36200000000000027;12.0;1.0;1.0;0.36200000000000027;12.0;1.0;Now
07:54:21 10/02/2020;Monday;0.3611;0.36200000000000027;1.0;0.6371812928829594;0.7990740232937188;1.0;0.36200000000000027;12.0;1.0;1.0;0.36200000000000027;12.0;1.0;1.0;0.36200000000000027;12.0;1.0;Now
15:18:30 10/02/2020;Monday;0.3613;0.36200000000000027;1.0;0.6371812928829594;0.7990740232937188;0.4772222222222222;0.36200000000000027;5.726666666666667;0.4772222222222222;1.0;0.3626666666666669;12.0;1.0;0.4772222222222222;0.36200000000000027;5.726666666666667;0.4772222222222222;Now
21:02:06 10/02/2020;Monday;0.3626;0.36300000000000027;1.0;0.6363961030678926;0.7924670220503804;1.0;0.36300000000000027;12.0;1.0;1.0;0.36300000000000027;12.0;1.0;1.0;0.36300000000000027;12.0;1.0;Now
01:46:53 11/02/2020;Tuesday;0.3625;0.36300000000000027;1.0;0.6363961030678926;0.7924670220503804;1.0;0.36300000000000027;12.0;1.0;1.0;0.36300000000000027;12.0;1.0;1.0;0.36300000000000027;12.0;1.0;Now
08:28:59 11/02/2020;Tuesday;0.3607;0.36300000000000027;1.0;0.6363961030678926;0.7924670220503804;1.0;0.36300000000000027;12.0;1.0;1.0;0.3623333333333336;12.0;1.0;0.9897453703703704;0.36200000000000027;11.876944444444444;0.9897453703703704;Now
13:55:56 11/02/2020;Tuesday;0.3609;0.36100000000000027;1.0;0.6379655163094631;0.8056728928339759;0.5356481481481481;0.36100000000000027;6.427777777777778;0.5356481481481481;1.0;0.36200000000000027;12.0;1.0;0.5356481481481481;0.36100000000000027;6.427777777777778;0.5356481481481481;Now
20:21:36 11/02/2020;Tuesday;0.3622;0.36300000000000027;1.0;0.6363961030678926;0.7924670220503804;1.0;0.36300000000000027;12.0;1.0;1.0;0.36300000000000027;12.0;1.0;1.0;0.36300000000000027;12.0;1.0;Now
02:46:37 12/02/2020;Wednesday;0.3609;0.36300000000000027;1.0;0.6363961030678926;0.7924670220503804;1.0;0.36300000000000027;12.0;1.0;1.0;0.36200000000000027;12.0;1.0;1.0;0.36200000000000027;12.0;1.0;Now
08:22:07 12/02/2020;Wednesday;0.3608;0.36100000000000027;1.0;0.6379655163094631;0.8056728928339759;1.0;0.36100000000000027;12.0;1.0;1.0;0.36100000000000027;12.0;1.0;1.0;0.36100000000000027;12.0;1.0;Now
14:55:37 12/02/2020;Wednesday;0.3605;0.36100000000000027;1.0;0.6379655163094631;0.8056728928339759;0.4891666666666667;0.36100000000000027;5.87;0.4891666666666667;1.0;0.3623333333333336;12.0;1.0;0.4891666666666667;0.36100000000000027;5.87;0.4891666666666667;Now
20:47:49 12/02/2020;Wednesday;0.3615;0.36200000000000027;1.0;0.6371812928829594;0.7990740232937188;0.46502314814814816;0.36200000000000027;5.580277777777778;0.46502314814814816;1.0;0.36366666666666697;12.0;1.0;0.9656944444444444;0.36300000000000027;11.588333333333333;0.9656944444444444;Now
02:22:38 13/02/2020;Thursday;0.3638;0.36400000000000027;1.0;0.6356099432828279;0.7858518589678806;0.5006712962962963;0.36400000000000027;6.008055555555556;0.5006712962962963;1.0;0.3646666666666669;12.0;1.0;0.5006712962962963;0.36400000000000027;6.008055555555556;0.5006712962962963;Now
08:23:07 13/02/2020;Thursday;0.3649;0.36500000000000027;1.0;0.634822809924155;0.7792285037235401;0.9541666666666667;0.36500000000000027;11.45;0.9541666666666667;1.0;0.36533333333333357;12.0;1.0;0.9541666666666667;0.36500000000000027;11.45;0.9541666666666667;Now
14:15:26 13/02/2020;Thursday;0.3643;0.36500000000000027;1.0;0.634822809924155;0.7792285037235401;0.464837962962963;0.36500000000000027;5.578055555555555;0.464837962962963;1.0;0.365666666666667;12.0;1.0;0.464837962962963;0.36500000000000027;5.578055555555555;0.464837962962963;Now
19:50:07 13/02/2020;Thursday;0.3653;0.36600000000000027;1.0;0.6340346993658941;0.7725969258064544;1.0;0.36600000000000027;12.0;1.0;1.0;0.36600000000000027;12.0;1.0;1.0;0.36600000000000027;12.0;1.0;Now
00:35:10 14/02/2020;Friday;0.3652;0.36600000000000027;1.0;0.6340346993658941;0.7725969258064544;1.0;0.36600000000000027;12.0;1.0;1.0;0.36600000000000027;12.0;1.0;1.0;0.36600000000000027;12.0;1.0;Now
07:33:59 14/02/2020;Friday;0.3651;0.36600000000000027;1.0;0.6340346993658941;0.7725969258064544;1.0;0.36600000000000027;12.0;1.0;1.0;0.36600000000000027;12.0;1.0;1.0;0.36600000000000027;12.0;1.0;Now
12:27:31 14/02/2020;Friday;0.3656;0.36600000000000027;1.0;0.6340346993658941;0.7725969258064544;1.0;0.36600000000000027;12.0;1.0;1.0;0.36600000000000027;12.0;1.0;1.0;0.36600000000000027;12.0;1.0;Now
18:36:29 14/02/2020;Friday;0.365;0.36600000000000027;1.0;0.6340346993658941;0.7725969258064544;1.0;0.36600000000000027;12.0;1.0;1.0;0.36600000000000027;12.0;1.0;1.0;0.36600000000000027;12.0;1.0;Now
00:45:00 15/02/2020;Saturday;0.3653;0.36600000000000027;1.0;0.6340346993658941;0.7725969258064544;1.0;0.36600000000000027;12.0;1.0;1.0;0.36600000000000027;12.0;1.0;1.0;0.36600000000000027;12.0;1.0;Now
06:59:58 15/02/2020;Saturday;0.3637;0.36600000000000027;1.0;0.6340346993658941;0.7725969258064544;1.0;0.36600000000000027;12.0;1.0;1.0;0.36500000000000027;12.0;1.0;1.0;0.36600000000000027;12.0;1.0;Now
13:58:59 15/02/2020;Saturday;0.3628;0.36400000000000027;1.0;0.6356099432828279;0.7858518589678806;1.0;0.36400000000000027;12.0;1.0;1.0;0.36350000000000027;12.0;1.0;1.0;0.36400000000000027;12.0;1.0;Now
20:32:56 15/02/2020;Saturday;0.3615;0.36300000000000027;1.0;0.6363961030678926;0.7924670220503804;1.0;0.36300000000000027;12.0;1.0;1.0;0.36300000000000027;12.0;1.0;1.0;0.36300000000000027;12.0;1.0;Now
02:07:50 16/02/2020;Sunday;0.3623;0.36300000000000027;1.0;0.6363961030678926;0.7924670220503804;1.0;0.36300000000000027;12.0;1.0;1.0;0.36300000000000027;12.0;1.0;1.0;0.36300000000000027;12.0;1.0;Now
07:51:21 16/02/2020;Sunday;0.3617;0.36300000000000027;1.0;0.6363961030678926;0.7924670220503804;1.0;0.36300000000000027;12.0;1.0;1.0;0.36300000000000027;12.0;1.0;1.0;0.36300000000000027;12.0;1.0;Now
14:25:18 16/02/2020;Sunday;0.3622;0.36300000000000027;1.0;0.6363961030678926;0.7924670220503804;1.0;0.36300000000000027;12.0;1.0;1.0;0.36300000000000027;12.0;1.0;1.0;0.36300000000000027;12.0;1.0;Now
21:49:18 16/02/2020;Sunday;0.362;0.36300000000000027;1.0;0.6363961030678926;0.7924670220503804;0.9422222222222222;0.36300000000000027;11.306666666666667;0.9422222222222222;1.0;0.36333333333333356;12.0;1.0;0.9422222222222222;0.36300000000000027;11.306666666666667;0.9422222222222222;Now
02:34:17 17/02/2020;Monday;0.3624;0.36300000000000027;1.0;0.6363961030678926;0.7924670220503804;0.546412037037037;0.36300000000000027;6.5569444444444445;0.546412037037037;1.0;0.36400000000000027;12.0;1.0;0.546412037037037;0.36300000000000027;6.5569444444444445;0.546412037037037;Now
09:07:42 17/02/2020;Monday;0.364;0.36400000000000027;1.0;0.6356099432828279;0.7858518589678806;0.39578703703703705;0.36400000000000027;4.749444444444444;0.39578703703703705;1.0;0.3646666666666669;12.0;1.0;1.0;0.36450000000000027;12.0;1.0;Now
13:52:40 17/02/2020;Monday;0.3649;0.36500000000000027;1.0;0.634822809924155;0.7792285037235401;1.0;0.36500000000000027;12.0;1.0;1.0;0.36500000000000027;12.0;1.0;1.0;0.36500000000000027;12.0;1.0;Now
19:02:38 17/02/2020;Monday;0.3646;0.36500000000000027;1.0;0.634822809924155;0.7792285037235401;1.0;0.36500000000000027;12.0;1.0;1.0;0.36500000000000027;12.0;1.0;1.0;0.36500000000000027;12.0;1.0;Now
06:04:37 18/02/2020;Tuesday;0.3642;0.36500000000000027;1.0;0.634822809924155;0.7792285037235401;1.0;0.36500000000000027;12.0;1.0;1.0;0.36500000000000027;12.0;1.0;1.0;0.36500000000000027;12.0;1.0;Now
11:31:13 18/02/2020;Tuesday;0.3646;0.36500000000000027;1.0;0.634822809924155;0.7792285037235401;0.907962962962963;0.36500000000000027;10.895555555555555;0.907962962962963;1.0;0.365666666666667;12.0;1.0;0.907962962962963;0.36500000000000027;10.895555555555555;0.907962962962963;Now
16:24:37 18/02/2020;Tuesday;0.365;0.36500000000000027;1.0;0.634822809924155;0.7792285037235401;0.500462962962963;0.36500000000000027;6.0055555555555555;0.500462962962963;1.0;0.36600000000000027;12.0;1.0;0.500462962962963;0.36500000000000027;6.0055555555555555;0.500462962962963;Now
22:24:57 18/02/2020;Tuesday;0.3663;0.36700000000000027;1.0;0.6332456079595024;0.7659570945158587;0.511875;0.36700000000000027;6.1425;0.511875;1.0;0.36800000000000027;12.0;1.0;0.511875;0.36700000000000027;6.1425;0.511875;Now
04:33:30 19/02/2020;Wednesday;0.3683;0.36900000000000027;1.0;0.6316644678941501;0.7526525480517844;0.49997685185185187;0.36900000000000027;5.999722222222222;0.49997685185185187;1.0;0.3706666666666669;12.0;1.0;0.49997685185185187;0.36900000000000027;5.999722222222222;0.49997685185185187;Now
10:33:29 19/02/2020;Wednesday;0.3703;0.3710000000000003;1.0;0.6300793600809343;0.7393146148644435;0.4078935185185185;0.3710000000000003;4.894722222222223;0.4078935185185185;1.0;0.3720000000000003;12.0;1.0;0.9354861111111111;0.3715000000000003;11.225833333333334;0.9354861111111111;Now
15:27:10 19/02/2020;Wednesday;0.3712;0.3720000000000003;1.0;0.6292853089020907;0.7326330494324619;0.5674074074074074;0.3720000000000003;6.331111111111111;0.5275925925925926;1.0;0.3726666666666669;12.0;1.0;0.5674074074074074;0.3720000000000003;6.331111111111111;0.5275925925925926;Now
21:47:02 19/02/2020;Wednesday;0.3727;0.3730000000000003;1.0;0.6284902544988266;0.7259430423410677;1.0;0.3730000000000003;12.0;1.0;1.0;0.3730000000000003;12.0;1.0;1.0;0.3730000000000003;12.0;1.0;Now
02:58:30 20/02/2020;Thursday;0.3713;0.3730000000000003;1.0;0.6284902544988266;0.7259430423410677;1.0;0.3730000000000003;12.0;1.0;1.0;0.3730000000000003;12.0;1.0;1.0;0.3730000000000003;12.0;1.0;Now
09:40:36 20/02/2020;Thursday;0.3726;0.3730000000000003;1.0;0.6284902544988266;0.7259430423410677;0.5000231481481482;0.3730000000000003;6.000277777777778;0.5000231481481482;1.0;0.3746666666666669;12.0;1.0;0.5000231481481482;0.3730000000000003;6.000277777777778;0.5000231481481482;Now
15:40:37 20/02/2020;Thursday;0.3744;0.3750000000000003;1.0;0.626897120746299;0.7125375746671675;0.4890277777777778;0.3750000000000003;5.868333333333333;0.4890277777777778;1.0;0.3766666666666669;12.0;1.0;0.4890277777777778;0.3750000000000003;5.868333333333333;0.4890277777777778;Now
21:32:43 20/02/2020;Thursday;0.376;0.3760000000000003;1.0;0.6260990336999409;0.7058220493172476;0.46458333333333335;0.3760000000000003;5.575;0.46458333333333335;1.0;0.3775000000000003;12.0;1.0;1.0;0.3775000000000003;12.0;1.0;Now
03:07:13 21/02/2020;Friday;0.3781;0.3790000000000003;1.0;0.6236986451805068;0.6856239142573235;0.5819444444444445;0.3790000000000003;6.983333333333333;0.5819444444444445;1.0;0.3800000000000003;12.0;1.0;0.5819444444444445;0.3790000000000003;6.983333333333333;0.5819444444444445;Now
10:06:13 21/02/2020;Friday;0.3803;0.3810000000000003;1.0;0.6220932405998314;0.6721151933632801;0.43064814814814817;0.3810000000000003;5.167777777777777;0.43064814814814817;1.0;0.38266666666666693;12.0;1.0;0.43064814814814817;0.3810000000000003;5.167777777777777;0.43064814814814817;Now
15:16:17 21/02/2020;Friday;0.3812;0.3820000000000003;1.0;0.6212889826803625;0.6653477430322493;0.488125;0.3820000000000003;5.8575;0.488125;1.0;0.3850000000000003;12.0;1.0;0.488125;0.3820000000000003;5.8575;0.488125;Now
21:07:44 21/02/2020;Friday;0.3841;0.3850000000000003;1.0;0.6188699378706318;0.644992624105724;0.4069212962962963;0.3850000000000003;4.883055555555556;0.4069212962962963;1.0;0.3865000000000003;12.0;1.0;1.0;0.3865000000000003;12.0;1.0;Now
02:00:43 22/02/2020;Saturday;0.3871;0.3880000000000003;1.0;0.6164414002968974;0.6245576280560214;1.0;0.3880000000000003;12.0;1.0;1.0;0.3880000000000003;12.0;1.0;1.0;0.3880000000000003;12.0;1.0;Now
09:08:00 22/02/2020;Saturday;0.3859;0.3880000000000003;1.0;0.6164414002968974;0.6245576280560214;1.0;0.3880000000000003;12.0;1.0;1.0;0.38666666666666694;12.0;1.0;1.0;0.3880000000000003;12.0;1.0;Now
14:43:02 22/02/2020;Saturday;0.3857;0.3860000000000003;1.0;0.6180614856144975;0.6381898804137356;1.0;0.3860000000000003;12.0;1.0;1.0;0.3860000000000003;12.0;1.0;1.0;0.3860000000000003;12.0;1.0;Now
20:10:00 22/02/2020;Saturday;0.3845;0.3860000000000003;1.0;0.6180614856144975;0.6381898804137356;1.0;0.3860000000000003;12.0;1.0;1.0;0.3855000000000003;12.0;1.0;1.0;0.3860000000000003;12.0;1.0;Now
03:00:05 23/02/2020;Sunday;0.3804;0.3850000000000003;1.0;0.6188699378706318;0.644992624105724;1.0;0.3850000000000003;12.0;1.0;1.0;0.3830000000000003;12.0;1.0;1.0;0.3850000000000003;12.0;1.0;Now
10:32:37 23/02/2020;Sunday;0.3787;0.3810000000000003;1.0;0.6220932405998314;0.6721151933632801;1.0;0.3810000000000003;12.0;1.0;1.0;0.38075000000000025;12.0;1.0;1.0;0.3810000000000003;12.0;1.0;Now
15:59:01 23/02/2020;Sunday;0.3796;0.3800000000000003;1.0;0.6228964600958973;0.678873905852093;0.4652777777777778;0.3800000000000003;5.583333333333333;0.4652777777777778;1.0;0.3810000000000003;12.0;1.0;0.4652777777777778;0.3800000000000003;5.583333333333333;0.4652777777777778;Now
21:34:01 23/02/2020;Sunday;0.3805;0.3810000000000003;1.0;0.6220932405998314;0.6721151933632801;0.38430555555555557;0.3810000000000003;4.611666666666666;0.38430555555555557;1.0;0.3830000000000003;12.0;1.0;0.9656018518518519;0.3813333333333336;11.587222222222222;0.9656018518518519;Now
21:40:38 23/02/2020;Sunday;0.3805;0.3810000000000003;1.0;0.6220932405998314;0.6721151933632801;0.3751157407407407;0.3810000000000003;4.501388888888889;0.3751157407407407;1.0;0.383666666666667;12.0;1.0;0.956412037037037;0.3815000000000003;11.476944444444445;0.956412037037037;Now
02:10:43 24/02/2020;Monday;0.3818;0.3820000000000003;1.0;0.6212889826803625;0.6653477430322493;0.5812962962962963;0.3820000000000003;6.975555555555555;0.5812962962962963;1.0;0.3850000000000003;12.0;1.0;0.5812962962962963;0.3820000000000003;6.975555555555555;0.5812962962962963;Now
09:09:15 24/02/2020;Monday;0.3872;0.3880000000000003;1.0;0.6164414002968974;0.6245576280560214;0.6162037037037037;0.3880000000000003;7.394444444444445;0.6162037037037037;1.0;0.3890000000000003;12.0;1.0;0.6162037037037037;0.3880000000000003;7.394444444444445;0.6162037037037037;Now
16:32:55 24/02/2020;Monday;0.3897;0.3900000000000003;1.0;0.6148170459575757;0.6108894538978946;0.5469907407407407;0.3900000000000003;6.563888888888889;0.5469907407407407;1.0;0.3905000000000003;12.0;1.0;0.5469907407407407;0.3900000000000003;6.563888888888889;0.5469907407407407;Now
23:06:45 24/02/2020;Monday;0.3907;0.3910000000000003;1.0;0.6140032573203499;0.6040418070807896;1.0;0.3910000000000003;12.0;1.0;1.0;0.3910000000000003;12.0;1.0;1.0;0.3910000000000003;12.0;1.0;Now
06:30:20 25/02/2020;Tuesday;0.3901;0.3910000000000003;1.0;0.6140032573203499;0.6040418070807896;0.5934722222222222;0.3910000000000003;7.121666666666667;0.5934722222222222;1.0;0.3930000000000003;12.0;1.0;0.5934722222222222;0.3910000000000003;7.121666666666667;0.5934722222222222;Now
13:37:38 25/02/2020;Tuesday;0.3945;0.3950000000000003;1.0;0.6107372593840986;0.5765599778320031;0.5700231481481481;0.3950000000000003;6.840277777777778;0.5700231481481481;1.0;0.3960000000000003;12.0;1.0;0.5700231481481481;0.3950000000000003;6.840277777777778;0.5700231481481481;Now
20:28:03 25/02/2020;Tuesday;0.3967;0.3970000000000003;1.0;0.6090976933136422;0.5627638041448555;0.43060185185185185;0.3970000000000003;5.167222222222223;0.43060185185185185;1.0;0.3993333333333336;12.0;1.0;0.43060185185185185;0.3970000000000003;5.167222222222223;0.43060185185185185;Now
01:38:05 26/02/2020;Wednesday;0.3973;0.3980000000000003;1.0;0.6082762530298217;0.5558517723375297;0.48819444444444443;0.3980000000000003;5.858333333333333;0.48819444444444443;1.0;0.4020000000000003;12.0;1.0;0.48819444444444443;0.3980000000000003;5.858333333333333;0.48819444444444443;Now
07:29:35 26/02/2020;Wednesday;0.4022;0.4030000000000003;1.0;0.6041522986797284;0.5211506453034022;0.3958101851851852;0.4030000000000003;4.749722222222222;0.3958101851851852;1.0;0.40466666666666695;12.0;1.0;0.896875;0.4040000000000003;10.7625;0.896875;Now
12:14:34 26/02/2020;Wednesday;0.4041;0.4050000000000003;1.0;0.6024948132556824;0.5072036887237946;0.5010648148148148;0.4050000000000003;6.012777777777778;0.5010648148148148;1.0;0.40666666666666695;12.0;1.0;0.5010648148148148;0.4050000000000003;6.012777777777778;0.5010648148148148;Now
18:15:20 26/02/2020;Wednesday;0.4056;0.4060000000000003;1.0;0.6016643582596527;0.5002158023732335;0.46479166666666666;0.4060000000000003;5.5775;0.46479166666666666;1.0;0.4090000000000003;12.0;1.0;0.46479166666666666;0.4060000000000003;5.5775;0.46479166666666666;Now
23:49:59 26/02/2020;Wednesday;0.4085;0.4090000000000003;1.0;0.5991660871578095;0.4791940316378737;0.46543981481481483;0.4090000000000003;5.585277777777778;0.46543981481481483;1.0;0.4110000000000003;12.0;1.0;0.46543981481481483;0.4090000000000003;5.585277777777778;0.46543981481481483;Now
05:25:06 27/02/2020;Thursday;0.4112;0.4120000000000003;1.0;0.5966573556070517;0.4580842411681024;1.0;0.4120000000000003;12.0;1.0;1.0;0.4120000000000003;12.0;1.0;1.0;0.4120000000000003;12.0;1.0;Now
11:00:28 27/02/2020;Thursday;0.4104;0.4120000000000003;1.0;0.5966573556070517;0.4580842411681024;1.0;0.4120000000000003;12.0;1.0;1.0;0.411666666666667;12.0;1.0;1.0;0.4120000000000003;12.0;1.0;Now
16:09:59 27/02/2020;Thursday;0.4103;0.4120000000000003;1.0;0.5966573556070517;0.4580842411681024;1.0;0.4120000000000003;12.0;1.0;1.0;0.4113333333333336;12.0;1.0;1.0;0.4115000000000003;12.0;1.0;Now
20:43:17 27/02/2020;Thursday;0.4105;0.4110000000000003;1.0;0.597494769851586;0.4651306863061569;1.0;0.4110000000000003;12.0;1.0;1.0;0.4110000000000003;12.0;1.0;1.0;0.4110000000000003;12.0;1.0;Now
02:32:30 28/02/2020;Friday;0.4057;0.4110000000000003;1.0;0.597494769851586;0.4651306863061569;1.0;0.4110000000000003;12.0;1.0;1.0;0.41033333333333366;12.0;1.0;1.0;0.4110000000000003;12.0;1.0;Now
07:42:29 28/02/2020;Friday;0.4084;0.4110000000000003;1.0;0.597494769851586;0.4651306863061569;1.0;0.4110000000000003;12.0;1.0;1.0;0.409666666666667;12.0;1.0;1.0;0.4110000000000003;12.0;1.0;Now
13:26:07 28/02/2020;Friday;0.4031;0.4090000000000003;1.0;0.5991660871578095;0.4791940316378737;1.0;0.4090000000000003;12.0;1.0;1.0;0.4080000000000003;12.0;1.0;1.0;0.4090000000000003;12.0;1.0;Now
18:36:01 28/02/2020;Friday;0.4026;0.4090000000000003;1.0;0.5991660871578095;0.4791940316378737;1.0;0.4090000000000003;12.0;1.0;1.0;0.4075000000000003;12.0;1.0;1.0;0.4075000000000003;12.0;1.0;Now
23:20:25 28/02/2020;Friday;0.4059;0.4060000000000003;1.0;0.6016643582596527;0.5002158023732335;0.6051851851851852;0.4060000000000003;7.262222222222222;0.6051851851851852;1.0;0.4080000000000003;12.0;1.0;0.6051851851851852;0.4060000000000003;7.262222222222222;0.6051851851851852;Now
06:36:09 29/02/2020;Saturday;0.4083;0.4090000000000003;1.0;0.5991660871578095;0.4791940316378737;1.0;0.4090000000000003;12.0;1.0;1.0;0.4090000000000003;12.0;1.0;1.0;0.4090000000000003;12.0;1.0;Now
11:12:23 29/02/2020;Saturday;0.4077;0.4090000000000003;1.0;0.5991660871578095;0.4791940316378737;1.0;0.4090000000000003;12.0;1.0;1.0;0.4085000000000003;12.0;1.0;1.0;0.4090000000000003;12.0;1.0;Now
18:36:35 29/02/2020;Saturday;0.4037;0.4080000000000003;1.0;0.5999999999999998;0.4862110141298307;1.0;0.4080000000000003;12.0;1.0;1.0;0.4050000000000003;12.0;1.0;1.0;0.4060000000000003;12.0;1.0;Now
23:29:29 29/02/2020;Saturday;0.4015;0.4040000000000003;1.0;0.603324125159934;0.514181956497224;1.0;0.4040000000000003;12.0;1.0;1.0;0.4035000000000003;12.0;1.0;1.0;0.4040000000000003;12.0;1.0;Now
23:29:29 29/02/2020;Saturday;0.4015;0.4040000000000003;1.0;0.603324125159934;0.514181956497224;1.0;0.4040000000000003;12.0;1.0;1.0;0.4033333333333336;12.0;1.0;1.0;0.4040000000000003;12.0;1.0;Now
06:20:10 01/03/2020;Sunday;0.4;0.4040000000000003;1.0;0.603324125159934;0.514181956497224;1.0;0.4040000000000003;12.0;1.0;1.0;0.4020000000000003;12.0;1.0;1.0;0.4030000000000003;12.0;1.0;Now
11:04:38 01/03/2020;Sunday;0.3983;0.4020000000000003;1.0;0.6049793384901667;0.5281097944810964;1.0;0.4020000000000003;12.0;1.0;1.0;0.4010000000000003;12.0;1.0;1.0;0.4020000000000003;12.0;1.0;Now
17:38:38 01/03/2020;Sunday;0.3977;0.4000000000000003;1.0;0.6066300355241238;0.541999629966037;1.0;0.4000000000000003;12.0;1.0;1.0;0.3990000000000003;12.0;1.0;1.0;0.4000000000000003;12.0;1.0;Now
23:47:11 01/03/2020;Sunday;0.397;0.3980000000000003;1.0;0.6082762530298217;0.5558517723375297;0.45358796296296294;0.3980000000000003;5.4430555555555555;0.45358796296296294;1.0;0.39866666666666695;12.0;1.0;0.45358796296296294;0.3980000000000003;5.4430555555555555;0.45358796296296294;Now
05:13:46 02/03/2020;Monday;0.3988;0.3990000000000003;1.0;0.6074537019394973;0.5489303936183981;1.0;0.3990000000000003;12.0;1.0;1.0;0.3990000000000003;12.0;1.0;1.0;0.3990000000000003;12.0;1.0;Now
10:15:08 02/03/2020;Monday;0.3981;0.3990000000000003;1.0;0.6074537019394973;0.5489303936183981;1.0;0.3990000000000003;12.0;1.0;1.0;0.3990000000000003;12.0;1.0;1.0;0.3990000000000003;12.0;1.0;Now
12:44:12 02/03/2020;Monday;0.3981;0.3990000000000003;1.0;0.6074537019394973;0.5489303936183981;0.8279398148148148;0.3990000000000003;9.935277777777777;0.8279398148148148;1.0;0.40066666666666695;12.0;1.0;0.8279398148148148;0.3990000000000003;9.935277777777777;0.8279398148148148;Now
16:32:05 02/03/2020;Monday;0.3962;0.3990000000000003;1.0;0.6074537019394973;0.5489303936183981;0.5114351851851852;0.3990000000000003;6.137222222222222;0.5114351851851852;1.0;0.40233333333333365;12.0;1.0;0.5114351851851852;0.3990000000000003;6.137222222222222;0.5114351851851852;Now
22:40:19 02/03/2020;Monday;0.4035;0.4040000000000003;1.0;0.603324125159934;0.514181956497224;0.8144907407407408;0.4040000000000003;9.773888888888889;0.8144907407407408;1.0;0.405666666666667;12.0;1.0;0.8144907407407408;0.4040000000000003;9.773888888888889;0.8144907407407408;Now
03:50:05 03/03/2020;Tuesday;0.4034;0.4040000000000003;1.0;0.603324125159934;0.514181956497224;0.38425925925925924;0.4040000000000003;4.611111111111111;0.38425925925925924;1.0;0.40833333333333366;12.0;1.0;0.8145601851851851;0.4065000000000003;9.774722222222222;0.8145601851851851;Now
08:26:45 03/03/2020;Tuesday;0.4086;0.4090000000000003;1.0;0.5991660871578095;0.4791940316378737;0.43030092592592595;0.4090000000000003;5.163611111111111;0.43030092592592595;1.0;0.411666666666667;12.0;1.0;0.43030092592592595;0.4090000000000003;5.163611111111111;0.43030092592592595;Now
13:36:34 03/03/2020;Tuesday;0.4115;0.4120000000000003;1.0;0.5966573556070517;0.4580842411681024;0.4765740740740741;0.4120000000000003;5.7188888888888885;0.4765740740740741;1.0;0.4133333333333336;12.0;1.0;0.4765740740740741;0.4120000000000003;5.7188888888888885;0.4765740740740741;Now
19:19:42 03/03/2020;Tuesday;0.4137;0.4140000000000003;1.0;0.5949789912257404;0.4439615980296978;1.0;0.4140000000000003;12.0;1.0;1.0;0.4140000000000003;12.0;1.0;1.0;0.4140000000000003;12.0;1.0;Now
00:13:03 04/03/2020;Wednesday;0.4139;0.4140000000000003;1.0;0.5949789912257404;0.4439615980296978;1.0;0.4140000000000003;12.0;1.0;1.0;0.4140000000000003;12.0;1.0;1.0;0.4140000000000003;12.0;1.0;Now
06:13:06 04/03/2020;Wednesday;0.4133;0.4140000000000003;1.0;0.5949789912257404;0.4439615980296978;1.0;0.4140000000000003;12.0;1.0;1.0;0.4140000000000003;12.0;1.0;1.0;0.4140000000000003;12.0;1.0;Now
13:11:36 04/03/2020;Wednesday;0.4123;0.4140000000000003;1.0;0.5949789912257404;0.4439615980296978;1.0;0.4140000000000003;12.0;1.0;1.0;0.4133333333333336;12.0;1.0;1.0;0.4135000000000003;12.0;1.0;Now
19:03:34 04/03/2020;Wednesday;0.4119;0.4130000000000003;1.0;0.595818764390649;0.4510278923679668;0.6160648148148148;0.4130000000000003;7.392777777777778;0.6160648148148148;1.0;0.413666666666667;12.0;1.0;0.6160648148148148;0.4130000000000003;7.392777777777778;0.6160648148148148;Now
19:04:42 04/03/2020;Wednesday;0.4119;0.4130000000000003;1.0;0.595818764390649;0.4510278923679668;0.6144907407407407;0.4130000000000003;7.373888888888889;0.6144907407407407;1.0;0.4140000000000003;12.0;1.0;0.6144907407407407;0.4130000000000003;7.373888888888889;0.6144907407407407;Now
02:27:08 05/03/2020;Thursday;0.4146;0.4150000000000003;1.0;0.5941380311005177;0.436885315981297;1.0;0.4150000000000003;12.0;1.0;1.0;0.4150000000000003;12.0;1.0;1.0;0.4150000000000003;12.0;1.0;Now
09:26:07 05/03/2020;Thursday;0.4134;0.4150000000000003;1.0;0.5941380311005177;0.436885315981297;1.0;0.4150000000000003;12.0;1.0;1.0;0.4145000000000003;12.0;1.0;1.0;0.4150000000000003;12.0;1.0;Now
16:25:10 05/03/2020;Thursday;0.414;0.4140000000000003;1.0;0.5949789912257404;0.4439615980296978;1.0;0.4140000000000003;12.0;1.0;1.0;0.4140000000000003;12.0;1.0;1.0;0.4140000000000003;12.0;1.0;Now
22:16:37 05/03/2020;Thursday;0.4126;0.4140000000000003;1.0;0.5949789912257404;0.4439615980296978;1.0;0.4140000000000003;12.0;1.0;1.0;0.4133333333333336;12.0;1.0;1.0;0.4140000000000003;12.0;1.0;Now
05:15:37 06/03/2020;Friday;0.4105;0.4130000000000003;1.0;0.595818764390649;0.4510278923679668;1.0;0.4130000000000003;12.0;1.0;1.0;0.41233333333333366;12.0;1.0;1.0;0.4130000000000003;12.0;1.0;Now
10:00:07 06/03/2020;Friday;0.4083;0.4130000000000003;1.0;0.595818764390649;0.4510278923679668;1.0;0.4130000000000003;12.0;1.0;1.0;0.4120000000000003;12.0;1.0;1.0;0.4120000000000003;12.0;1.0;Now
15:35:16 06/03/2020;Friday;0.4077;0.4110000000000003;1.0;0.597494769851586;0.4651306863061569;0.5701388888888889;0.4110000000000003;6.841666666666667;0.5701388888888889;1.0;0.4115000000000003;12.0;1.0;0.5701388888888889;0.4110000000000003;6.841666666666667;0.5701388888888889;Now
22:25:46 06/03/2020;Friday;0.4114;0.4120000000000003;1.0;0.5966573556070517;0.4580842411681024;0.6279398148148149;0.4120000000000003;7.535277777777778;0.6279398148148149;1.0;0.4130000000000003;12.0;1.0;0.6279398148148149;0.4120000000000003;7.535277777777778;0.6279398148148149;Now
05:57:53 07/03/2020;Saturday;0.4132;0.4140000000000003;1.0;0.5949789912257404;0.4439615980296978;1.0;0.4140000000000003;12.0;1.0;1.0;0.4140000000000003;12.0;1.0;1.0;0.4140000000000003;12.0;1.0;Now
12:14:53 07/03/2020;Saturday;0.4094;0.4140000000000003;1.0;0.5949789912257404;0.4439615980296978;1.0;0.4140000000000003;12.0;1.0;1.0;0.41266666666666696;12.0;1.0;1.0;0.4140000000000003;12.0;1.0;Now
17:16:30 07/03/2020;Saturday;0.409;0.4140000000000003;1.0;0.5949789912257404;0.4439615980296978;1.0;0.4140000000000003;12.0;1.0;1.0;0.4110000000000003;12.0;1.0;1.0;0.4140000000000003;12.0;1.0;Now
23:49:54 07/03/2020;Saturday;0.4071;0.4100000000000003;1.0;0.5983310120660634;0.4721672693651388;1.0;0.4100000000000003;12.0;1.0;1.0;0.40875000000000034;12.0;1.0;1.0;0.4100000000000003;12.0;1.0;Now
04:34:59 08/03/2020;Sunday;0.4041;0.4090000000000003;1.0;0.5991660871578095;0.4791940316378737;1.0;0.4090000000000003;12.0;1.0;1.0;0.40833333333333366;12.0;1.0;1.0;0.4085000000000003;12.0;1.0;Now
09:10:53 08/03/2020;Sunday;0.4041;0.4080000000000003;1.0;0.5999999999999998;0.4862110141298307;1.0;0.4080000000000003;12.0;1.0;1.0;0.4070000000000003;12.0;1.0;1.0;0.4080000000000003;12.0;1.0;Now
10:18:05 08/03/2020;Sunday;0.4019;0.4080000000000003;1.0;0.5999999999999998;0.4862110141298307;1.0;0.4080000000000003;12.0;1.0;1.0;0.4050000000000003;12.0;1.0;1.0;0.4080000000000003;12.0;1.0;Now
16:43:31 08/03/2020;Sunday;0.4017;0.4050000000000003;1.0;0.6024948132556824;0.5072036887237946;1.0;0.4050000000000003;12.0;1.0;1.0;0.4030000000000003;12.0;1.0;1.0;0.4035000000000003;12.0;1.0;Now
21:28:26 08/03/2020;Sunday;0.4004;0.4020000000000003;1.0;0.6049793384901667;0.5281097944810964;1.0;0.4020000000000003;12.0;1.0;1.0;0.401666666666667;12.0;1.0;1.0;0.4020000000000003;12.0;1.0;Now
03:37:31 09/03/2020;Monday;0.3945;0.4020000000000003;1.0;0.6049793384901667;0.5281097944810964;1.0;0.4020000000000003;12.0;1.0;1.0;0.3993333333333336;12.0;1.0;1.0;0.4015000000000003;12.0;1.0;Now
08:21:24 09/03/2020;Monday;0.3941;0.4010000000000003;1.0;0.6058052492344381;0.5350594431005494;1.0;0.4010000000000003;12.0;1.0;1.0;0.3970000000000003;12.0;1.0;1.0;0.4010000000000003;12.0;1.0;Now
15:11:57 09/03/2020;Monday;0.3935;0.3950000000000003;1.0;0.6107372593840986;0.5765599778320031;1.0;0.3950000000000003;12.0;1.0;1.0;0.39466666666666694;12.0;1.0;1.0;0.3945000000000003;12.0;1.0;Now
20:14:44 09/03/2020;Monday;0.3935;0.3950000000000003;1.0;0.6107372593840986;0.5765599778320031;1.0;0.3950000000000003;12.0;1.0;1.0;0.39433333333333365;12.0;1.0;1.0;0.3945000000000003;12.0;1.0;Now
20:21:46 09/03/2020;Monday;0.3931;0.3940000000000003;1.0;0.611555394056826;0.583444194484085;1.0;0.3940000000000003;12.0;1.0;1.0;0.3940000000000003;12.0;1.0;1.0;0.3940000000000003;12.0;1.0;Now
03:28:46 10/03/2020;Tuesday;0.3935;0.3940000000000003;1.0;0.611555394056826;0.583444194484085;1.0;0.3940000000000003;12.0;1.0;1.0;0.3940000000000003;12.0;1.0;1.0;0.3940000000000003;12.0;1.0;Now
09:29:14 10/03/2020;Tuesday;0.3922;0.3940000000000003;1.0;0.611555394056826;0.583444194484085;1.0;0.3940000000000003;12.0;1.0;1.0;0.393666666666667;12.0;1.0;1.0;0.3940000000000003;12.0;1.0;Now
14:30:50 10/03/2020;Tuesday;0.3895;0.3940000000000003;1.0;0.611555394056826;0.583444194484085;1.0;0.3940000000000003;12.0;1.0;1.0;0.3930000000000003;12.0;1.0;1.0;0.3940000000000003;12.0;1.0;Now
20:10:46 10/03/2020;Tuesday;0.3904;0.3930000000000003;1.0;0.6123724356957942;0.5903192137736092;1.0;0.3930000000000003;12.0;1.0;1.0;0.39233333333333364;12.0;1.0;1.0;0.3925000000000003;12.0;1.0;Now
01:16:24 11/03/2020;Wednesday;0.3914;0.3920000000000003;1.0;0.6131883886702354;0.5971850724655989;1.0;0.3920000000000003;12.0;1.0;1.0;0.3920000000000003;12.0;1.0;1.0;0.3920000000000003;12.0;1.0;Now
07:58:52 11/03/2020;Wednesday;0.3906;0.3920000000000003;1.0;0.6131883886702354;0.5971850724655989;1.0;0.3920000000000003;12.0;1.0;1.0;0.3913333333333336;12.0;1.0;1.0;0.3920000000000003;12.0;1.0;Now
14:58:00 11/03/2020;Wednesday;0.389;0.3910000000000003;1.0;0.6140032573203499;0.6040418070807896;0.8378240740740741;0.3910000000000003;10.053888888888888;0.8378240740740741;1.0;0.391666666666667;12.0;1.0;0.8378240740740741;0.3910000000000003;10.053888888888888;0.8378240740740741;Now
19:50:53 11/03/2020;Wednesday;0.3896;0.3910000000000003;1.0;0.6140032573203499;0.6040418070807896;0.5815509259259259;0.3910000000000003;5.1725;0.43104166666666666;1.0;0.39233333333333364;12.0;1.0;0.5815509259259259;0.3910000000000003;5.1725;0.43104166666666666;Now
01:01:14 12/03/2020;Thursday;0.3924;0.3930000000000003;1.0;0.6123724356957942;0.5903192137736092;1.0;0.3930000000000003;12.0;1.0;1.0;0.3930000000000003;12.0;1.0;1.0;0.3930000000000003;12.0;1.0;Now
06:02:31 12/03/2020;Thursday;0.391;0.3930000000000003;1.0;0.6123724356957942;0.5903192137736092;1.0;0.3930000000000003;12.0;1.0;1.0;0.3930000000000003;12.0;1.0;1.0;0.3930000000000003;12.0;1.0;Now
10:39:31 12/03/2020;Thursday;0.3913;0.3930000000000003;1.0;0.6123724356957942;0.5903192137736092;0.6167361111111112;0.3930000000000003;7.400833333333333;0.6167361111111112;1.0;0.3935000000000003;12.0;1.0;0.6167361111111112;0.3930000000000003;7.400833333333333;0.6167361111111112;Now
18:03:34 12/03/2020;Thursday;0.3939;0.3940000000000003;1.0;0.611555394056826;0.583444194484085;0.4078935185185185;0.3940000000000003;4.894722222222223;0.4078935185185185;1.0;0.3970000000000003;12.0;1.0;0.8618518518518519;0.3955000000000003;10.342222222222222;0.8618518518518519;Now
22:57:15 12/03/2020;Thursday;0.3961;0.3970000000000003;1.0;0.6090976933136422;0.5627638041448555;0.45395833333333335;0.3970000000000003;5.4475;0.45395833333333335;1.0;0.3985000000000003;12.0;1.0;1.0;0.3985000000000003;12.0;1.0;Now
04:24:06 13/03/2020;Friday;0.3999;0.4000000000000003;1.0;0.6066300355241238;0.541999629966037;1.0;0.4000000000000003;12.0;1.0;1.0;0.4000000000000003;12.0;1.0;1.0;0.4000000000000003;12.0;1.0;Now
11:22:56 13/03/2020;Friday;0.4;0.4000000000000003;1.0;0.6066300355241238;0.541999629966037;1.0;0.4000000000000003;12.0;1.0;1.0;0.4000000000000003;12.0;1.0;1.0;0.4000000000000003;12.0;1.0;Now
17:06:38 13/03/2020;Friday;0.3995;0.4000000000000003;1.0;0.6066300355241238;0.541999629966037;0.5469907407407407;0.4000000000000003;6.563888888888889;0.5469907407407407;1.0;0.40233333333333365;12.0;1.0;0.5469907407407407;0.4000000000000003;6.563888888888889;0.5469907407407407;Now
23:40:28 13/03/2020;Friday;0.4029;0.4030000000000003;1.0;0.6041522986797284;0.5211506453034022;0.5459722222222222;0.4030000000000003;5.168333333333333;0.43069444444444444;1.0;0.403666666666667;12.0;1.0;0.5459722222222222;0.4030000000000003;5.168333333333333;0.43069444444444444;Now
04:50:34 14/03/2020;Saturday;0.404;0.4040000000000003;1.0;0.603324125159934;0.514181956497224;1.0;0.4040000000000003;12.0;1.0;1.0;0.4040000000000003;12.0;1.0;1.0;0.4040000000000003;12.0;1.0;Now
10:17:28 14/03/2020;Saturday;0.4014;0.4040000000000003;1.0;0.603324125159934;0.514181956497224;1.0;0.4040000000000003;12.0;1.0;1.0;0.4030000000000003;12.0;1.0;1.0;0.4040000000000003;12.0;1.0;Now
17:50:25 14/03/2020;Saturday;0.401;0.4020000000000003;1.0;0.6049793384901667;0.5281097944810964;1.0;0.4020000000000003;12.0;1.0;1.0;0.4013333333333336;12.0;1.0;1.0;0.4015000000000003;12.0;1.0;Now
22:43:51 14/03/2020;Saturday;0.3995;0.4010000000000003;1.0;0.6058052492344381;0.5350594431005494;1.0;0.4010000000000003;12.0;1.0;1.0;0.4010000000000003;12.0;1.0;1.0;0.4010000000000003;12.0;1.0;Now
05:43:03 15/03/2020;Sunday;0.398;0.4010000000000003;1.0;0.6058052492344381;0.5350594431005494;1.0;0.4010000000000003;12.0;1.0;1.0;0.3995000000000003;12.0;1.0;1.0;0.4010000000000003;12.0;1.0;Now
13:15:55 15/03/2020;Sunday;0.3947;0.3980000000000003;1.0;0.6082762530298217;0.5558517723375297;1.0;0.3980000000000003;12.0;1.0;1.0;0.39666666666666694;12.0;1.0;1.0;0.3980000000000003;12.0;1.0;Now
17:52:25 15/03/2020;Sunday;0.3958;0.3960000000000003;1.0;0.6099180272790761;0.5696665268057617;0.8964814814814814;0.3960000000000003;10.757777777777777;0.8964814814814814;1.0;0.39666666666666694;12.0;1.0;0.8964814814814814;0.3960000000000003;10.757777777777777;0.8964814814814814;Now
22:45:53 15/03/2020;Sunday;0.3957;0.3960000000000003;1.0;0.6099180272790761;0.5696665268057617;0.4888888888888889;0.3960000000000003;5.866666666666666;0.4888888888888889;1.0;0.39866666666666695;12.0;1.0;0.4888888888888889;0.3960000000000003;5.866666666666666;0.4888888888888889;Now
04:37:53 16/03/2020;Monday;0.3974;0.3980000000000003;1.0;0.6082762530298217;0.5558517723375297;0.40761574074074075;0.3980000000000003;4.891388888888889;0.40761574074074075;1.0;0.4010000000000003;12.0;1.0;0.8620833333333333;0.4000000000000003;10.345;0.8620833333333333;Now
09:31:22 16/03/2020;Monday;0.4014;0.4020000000000003;1.0;0.6049793384901667;0.5281097944810964;0.4544675925925926;0.4020000000000003;5.453611111111111;0.4544675925925926;1.0;0.4040000000000003;12.0;1.0;0.9548611111111112;0.4025000000000003;11.458333333333334;0.9548611111111112;Now
14:58:35 16/03/2020;Monday;0.4021;0.4030000000000003;1.0;0.6041522986797284;0.5211506453034022;0.5003935185185185;0.4030000000000003;6.004722222222222;0.5003935185185185;1.0;0.4070000000000003;12.0;1.0;0.5003935185185185;0.4030000000000003;6.004722222222222;0.5003935185185185;Now
20:58:52 16/03/2020;Monday;0.407;0.4070000000000003;1.0;0.6008327554319919;0.4932182575619179;0.4305324074074074;0.4070000000000003;5.166388888888889;0.4305324074074074;1.0;0.41066666666666696;12.0;1.0;0.4305324074074074;0.4070000000000003;5.166388888888889;0.4305324074074074;Now
02:08:51 17/03/2020;Tuesday;0.4101;0.4110000000000003;1.0;0.597494769851586;0.4651306863061569;0.4660185185185185;0.4110000000000003;5.592222222222222;0.4660185185185185;1.0;0.4125000000000003;12.0;1.0;1.0;0.4125000000000003;12.0;1.0;Now
07:44:23 17/03/2020;Tuesday;0.4132;0.4140000000000003;1.0;0.5949789912257404;0.4439615980296978;1.0;0.4140000000000003;12.0;1.0;1.0;0.4140000000000003;12.0;1.0;1.0;0.4140000000000003;12.0;1.0;Now
15:17:22 17/03/2020;Tuesday;0.4112;0.4140000000000003;1.0;0.5949789912257404;0.4439615980296978;0.47627314814814814;0.4140000000000003;5.715277777777778;0.47627314814814814;1.0;0.4160000000000003;12.0;1.0;0.9895833333333334;0.4150000000000003;11.875;0.9895833333333334;Now
21:00:17 17/03/2020;Tuesday;0.4152;0.4160000000000003;1.0;0.5932958789676528;0.4297990037518844;0.5133101851851852;0.4160000000000003;6.159722222222222;0.5133101851851852;1.0;0.4170000000000003;12.0;1.0;0.5133101851851852;0.4160000000000003;6.159722222222222;0.5133101851851852;Now
03:09:52 18/03/2020;Wednesday;0.418;0.4180000000000003;1.0;0.5916079783099614;0.4155961173542178;0.5826851851851852;0.4180000000000003;6.992222222222222;0.5826851851851852;1.0;0.42066666666666697;12.0;1.0;0.5826851851851852;0.4180000000000003;6.992222222222222;0.5826851851851852;Now
10:09:24 18/03/2020;Wednesday;0.4211;0.4220000000000003;1.0;0.5882176467941095;0.38706807978835056;0.9674768518518518;0.4220000000000003;11.609722222222222;0.9674768518518518;1.0;0.4233333333333336;12.0;1.0;0.9674768518518518;0.4220000000000003;11.609722222222222;0.9674768518518518;Now
14:46:23 18/03/2020;Wednesday;0.4204;0.4220000000000003;1.0;0.5882176467941095;0.38706807978835056;0.5827777777777777;0.4220000000000003;6.993333333333333;0.5827777777777777;1.0;0.4240000000000003;12.0;1.0;0.5827777777777777;0.4220000000000003;6.993333333333333;0.5827777777777777;Now
21:45:59 18/03/2020;Wednesday;0.4259;0.4260000000000003;1.0;0.5848076606885376;0.3583746581379914;0.5597685185185185;0.4260000000000003;6.717222222222222;0.5597685185185185;1.0;0.4290000000000003;12.0;1.0;0.5597685185185185;0.4260000000000003;6.717222222222222;0.5597685185185185;Now
04:29:01 19/03/2020;Thursday;0.4272;0.4280000000000003;1.0;0.5830951894845298;0.3439650222041654;0.3963425925925926;0.4280000000000003;4.756111111111111;0.3963425925925926;1.0;0.4305000000000003;12.0;1.0;1.0;0.4305000000000003;12.0;1.0;Now
09:14:23 19/03/2020;Thursday;0.4328;0.43300000000000033;1.0;0.578791845139511;0.3077544131355384;0.6065277777777778;0.43300000000000033;7.278333333333333;0.6065277777777778;1.0;0.43400000000000033;12.0;1.0;0.6065277777777778;0.43300000000000033;7.278333333333333;0.6065277777777778;Now
16:31:05 19/03/2020;Thursday;0.435;0.43500000000000033;1.0;0.57706152185014;0.29319456033958957;0.6176388888888888;0.43500000000000033;7.411666666666667;0.6176388888888888;1.0;0.43800000000000033;12.0;1.0;0.6176388888888888;0.43500000000000033;7.411666666666667;0.6176388888888888;Now
23:55:47 19/03/2020;Thursday;0.4403;0.44100000000000034;1.0;0.5718391382198316;0.24925066998780046;1.0;0.44100000000000034;12.0;1.0;1.0;0.44100000000000034;12.0;1.0;1.0;0.44100000000000034;12.0;1.0;Now
07:21:00 20/03/2020;Friday;0.4381;0.44100000000000034;1.0;0.5718391382198316;0.24925066998780046;1.0;0.44100000000000034;12.0;1.0;1.0;0.44050000000000034;12.0;1.0;1.0;0.44100000000000034;12.0;1.0;Now
14:36:54 20/03/2020;Friday;0.4392;0.44000000000000034;1.0;0.5727128425310538;0.2566024788877468;0.431087962962963;0.44000000000000034;5.173055555555556;0.431087962962963;1.0;0.44300000000000034;12.0;1.0;0.431087962962963;0.44000000000000034;5.173055555555556;0.431087962962963;Now
19:47:17 20/03/2020;Friday;0.4415;0.44200000000000034;1.0;0.5709640969448077;0.2418876111692607;0.4313425925925926;0.44200000000000034;5.176111111111111;0.4313425925925926;1.0;0.4463333333333337;12.0;1.0;0.4313425925925926;0.44200000000000034;5.176111111111111;0.4313425925925926;Now
00:57:51 21/03/2020;Saturday;0.4465;0.44700000000000034;1.0;0.5665686189686114;0.20490174113307924;0.40752314814814816;0.44700000000000034;4.8902777777777775;0.40752314814814816;1.0;0.44850000000000034;12.0;1.0;1.0;0.44850000000000034;12.0;1.0;Now
05:51:16 21/03/2020;Saturday;0.4498;0.45000000000000034;1.0;0.563914887194867;0.18257184230839363;0.6063194444444444;0.45000000000000034;7.275833333333333;0.6063194444444444;1.0;0.45366666666666705;12.0;1.0;0.6063194444444444;0.45000000000000034;7.275833333333333;0.6063194444444444;Now
13:07:49 21/03/2020;Saturday;0.455;0.45500000000000035;1.0;0.5594640292279743;0.1451199758209507;0.3841435185185185;0.45500000000000035;4.6097222222222225;0.3841435185185185;1.0;0.45700000000000035;12.0;1.0;0.8271064814814815;0.45550000000000035;9.925277777777778;0.8271064814814815;Now
17:44:24 21/03/2020;Saturday;0.4551;0.45600000000000035;1.0;0.5585696017507573;0.13759379127212804;0.44296296296296295;0.45600000000000035;5.315555555555555;0.44296296296296295;1.0;0.458666666666667;12.0;1.0;0.44296296296296295;0.45600000000000035;5.315555555555555;0.44296296296296295;Now
23:03:20 21/03/2020;Saturday;0.4593;0.46000000000000035;1.0;0.554977477020464;0.10736775916643275;1.0;0.46000000000000035;12.0;1.0;1.0;0.46000000000000035;12.0;1.0;1.0;0.46000000000000035;12.0;1.0;Now
04:30:24 22/03/2020;Sunday;0.4561;0.46000000000000035;1.0;0.554977477020464;0.10736775916643275;1.0;0.46000000000000035;12.0;1.0;1.0;0.46000000000000035;12.0;1.0;1.0;0.46000000000000035;12.0;1.0;Now
10:47:46 22/03/2020;Sunday;0.4523;0.46000000000000035;1.0;0.554977477020464;0.10736775916643275;1.0;0.46000000000000035;12.0;1.0;1.0;0.45700000000000035;12.0;1.0;1.0;0.46000000000000035;12.0;1.0;Now
17:22:18 22/03/2020;Sunday;0.4539;0.45400000000000035;1.0;0.5603570290448757;0.15263414728287458;0.6291203703703704;0.45400000000000035;7.549444444444444;0.6291203703703704;1.0;0.45550000000000035;12.0;1.0;0.6291203703703704;0.45400000000000035;7.549444444444444;0.6291203703703704;Now
00:55:16 23/03/2020;Monday;0.4561;0.45700000000000035;1.0;0.5576737397439471;0.13005553583468177;1.0;0.45700000000000035;12.0;1.0;1.0;0.45700000000000035;12.0;1.0;1.0;0.45700000000000035;12.0;1.0;Now
07:37:45 23/03/2020;Monday;0.4568;0.45700000000000035;1.0;0.5576737397439471;0.13005553583468177;1.0;0.45700000000000035;12.0;1.0;1.0;0.45700000000000035;12.0;1.0;1.0;0.45700000000000035;12.0;1.0;Now
13:13:17 23/03/2020;Monday;0.4561;0.45700000000000035;1.0;0.5576737397439471;0.13005553583468177;1.0;0.45700000000000035;12.0;1.0;1.0;0.45700000000000035;12.0;1.0;1.0;0.45700000000000035;12.0;1.0;Now
19:22:31 23/03/2020;Monday;0.4567;0.45700000000000035;1.0;0.5576737397439471;0.13005553583468177;1.0;0.45700000000000035;12.0;1.0;1.0;0.45700000000000035;12.0;1.0;1.0;0.45700000000000035;12.0;1.0;Now
01:06:31 24/03/2020;Tuesday;0.4553;0.45700000000000035;1.0;0.5576737397439471;0.13005553583468177;1.0;0.45700000000000035;12.0;1.0;1.0;0.45650000000000035;12.0;1.0;1.0;0.45700000000000035;12.0;1.0;Now
08:05:31 24/03/2020;Tuesday;0.4534;0.45600000000000035;1.0;0.5585696017507573;0.13759379127212804;1.0;0.45600000000000035;12.0;1.0;1.0;0.45500000000000035;12.0;1.0;1.0;0.45600000000000035;12.0;1.0;Now
18:59:06 24/03/2020;Tuesday;0.4529;0.45400000000000035;1.0;0.5603570290448757;0.15263414728287458;1.0;0.45400000000000035;12.0;1.0;1.0;0.45350000000000035;12.0;1.0;1.0;0.45400000000000035;12.0;1.0;Now
00:59:38 25/03/2020;Wednesday;0.451;0.45300000000000035;1.0;0.5612486080160909;0.16013636299978584;0.931875;0.45300000000000035;11.1825;0.931875;1.0;0.45400000000000035;12.0;1.0;0.931875;0.45300000000000035;11.1825;0.931875;Now
07:17:20 25/03/2020;Wednesday;0.4516;0.45200000000000035;1.0;0.5621387729022076;0.16762667985883567;0.40729166666666666;0.45200000000000035;4.8875;0.40729166666666666;1.0;0.45533333333333365;12.0;1.0;0.40729166666666666;0.45200000000000035;4.8875;0.40729166666666666;Now
12:10:35 25/03/2020;Wednesday;0.4564;0.45700000000000035;1.0;0.5576737397439471;0.13005553583468177;1.0;0.45700000000000035;12.0;1.0;1.0;0.45700000000000035;12.0;1.0;1.0;0.45700000000000035;12.0;1.0;Now
17:04:09 25/03/2020;Wednesday;0.457;0.45700000000000035;1.0;0.5576737397439471;0.13005553583468177;1.0;0.45700000000000035;12.0;1.0;1.0;0.45700000000000035;12.0;1.0;1.0;0.45700000000000035;12.0;1.0;Now
22:35:06 25/03/2020;Wednesday;0.4549;0.45700000000000035;1.0;0.5576737397439471;0.13005553583468177;1.0;0.45700000000000035;12.0;1.0;1.0;0.45700000000000035;12.0;1.0;1.0;0.45700000000000035;12.0;1.0;Now
03:54:09 26/03/2020;Thursday;0.4534;0.45700000000000035;1.0;0.5576737397439471;0.13005553583468177;0.5818518518518518;0.45700000000000035;6.982222222222222;0.5818518518518518;1.0;0.45750000000000035;12.0;1.0;0.5818518518518518;0.45700000000000035;6.982222222222222;0.5818518518518518;Now
10:53:05 26/03/2020;Thursday;0.4577;0.45800000000000035;1.0;0.5567764362830019;0.12250515124186566;0.5239351851851852;0.45800000000000035;6.287222222222222;0.5239351851851852;1.0;0.45950000000000035;12.0;1.0;0.5239351851851852;0.45800000000000035;6.287222222222222;0.5239351851851852;Now
17:10:19 26/03/2020;Thursday;0.4606;0.46100000000000035;1.0;0.5540758070878025;0.09978063277755014;0.6289583333333333;0.46100000000000035;7.5475;0.6289583333333333;1.0;0.46150000000000035;12.0;1.0;0.6289583333333333;0.46100000000000035;7.5475;0.6289583333333333;Now
00:43:10 27/03/2020;Friday;0.4612;0.46200000000000035;1.0;0.553172667437573;0.09218113940986486;0.6284722222222222;0.46200000000000035;7.541666666666667;0.6284722222222222;1.0;0.46450000000000036;12.0;1.0;0.6284722222222222;0.46200000000000035;7.541666666666667;0.6284722222222222;Now
08:15:40 27/03/2020;Friday;0.4662;0.46700000000000036;1.0;0.5486346689738077;0.05399602682048044;0.4777546296296296;0.46700000000000036;5.733055555555556;0.4777546296296296;1.0;0.47133333333333366;12.0;1.0;0.4777546296296296;0.46700000000000036;5.733055555555556;0.4777546296296296;Now
13:59:39 27/03/2020;Friday;0.4729;0.47300000000000036;1.0;0.5431390245600105;0.007752776108149352;0.4771064814814815;0.47300000000000036;5.7252777777777775;0.4771064814814815;1.0;0.47350000000000037;12.0;1.0;1.0;0.47350000000000037;12.0;1.0;Now
19:43:10 27/03/2020;Friday;0.4733;0.47400000000000037;1.0;0.5422176684690381;0.0;1.0;0.47400000000000037;12.0;1.0;1.0;0.47400000000000037;12.0;1.0;1.0;0.47400000000000037;12.0;1.0;Now
03:16:09 28/03/2020;Saturday;0.4688;0.47400000000000037;1.0;0.5422176684690381;0.0;1.0;0.47400000000000037;12.0;1.0;1.0;0.47150000000000036;12.0;1.0;1.0;0.47400000000000037;12.0;1.0;Now
10:31:36 28/03/2020;Saturday;0.4553;0.46900000000000036;1.0;0.5468089245796923;0.03863325052044387;1.0;0.46900000000000036;12.0;1.0;1.0;0.46250000000000036;12.0;1.0;1.0;0.46900000000000036;12.0;1.0;Now
16:57:35 28/03/2020;Saturday;0.4427;0.45600000000000035;1.0;0.5585696017507573;0.13759379127212804;1.0;0.45600000000000035;12.0;1.0;1.0;0.44950000000000034;12.0;1.0;1.0;0.45600000000000035;12.0;1.0;Now
00:13:15 29/03/2020;Sunday;0.4311;0.44300000000000034;1.0;0.5700877125495687;0.23451325062881814;1.0;0.44300000000000034;12.0;1.0;1.0;0.43566666666666704;12.0;1.0;1.0;0.44300000000000034;12.0;1.0;Now
05:15:16 29/03/2020;Sunday;0.4241;0.43200000000000033;1.0;0.5796550698475773;0.3150180411271843;1.0;0.43200000000000033;12.0;1.0;1.0;0.42966666666666703;12.0;1.0;1.0;0.43200000000000033;12.0;1.0;Now
10:17:19 29/03/2020;Sunday;0.4202;0.43200000000000033;1.0;0.5796550698475773;0.3150180411271843;1.0;0.43200000000000033;12.0;1.0;1.0;0.4285000000000003;12.0;1.0;1.0;0.4285000000000003;12.0;1.0;Now
16:09:06 29/03/2020;Sunday;0.4113;0.4250000000000003;1.0;0.5856620185738526;0.3655636760063033;1.0;0.4250000000000003;12.0;1.0;1.0;0.41633333333333367;12.0;1.0;1.0;0.4250000000000003;12.0;1.0;Now
22:34:36 29/03/2020;Sunday;0.4035;0.4120000000000003;1.0;0.5966573556070517;0.4580842411681024;1.0;0.4120000000000003;12.0;1.0;1.0;0.4120000000000003;12.0;1.0;1.0;0.4120000000000003;12.0;1.0;Now
03:53:17 30/03/2020;Monday;0.3996;0.4120000000000003;1.0;0.5966573556070517;0.4580842411681024;1.0;0.4120000000000003;12.0;1.0;1.0;0.4060000000000003;12.0;1.0;1.0;0.4120000000000003;12.0;1.0;Now
11:00:59 30/03/2020;Monday;0.3954;0.4000000000000003;1.0;0.6066300355241238;0.541999629966037;1.0;0.4000000000000003;12.0;1.0;1.0;0.4000000000000003;12.0;1.0;1.0;0.4000000000000003;12.0;1.0;Now
15:54:37 30/03/2020;Monday;0.3992;0.4000000000000003;1.0;0.6066300355241238;0.541999629966037;0.5937268518518518;0.4000000000000003;7.124722222222222;0.5937268518518518;1.0;0.4020000000000003;12.0;1.0;0.5937268518518518;0.4000000000000003;7.124722222222222;0.5937268518518518;Now
23:02:06 30/03/2020;Monday;0.4037;0.4040000000000003;1.0;0.603324125159934;0.514181956497224;1.0;0.4040000000000003;12.0;1.0;1.0;0.4040000000000003;12.0;1.0;1.0;0.4040000000000003;12.0;1.0;Now
06:09:29 31/03/2020;Tuesday;0.4026;0.4040000000000003;1.0;0.603324125159934;0.514181956497224;1.0;0.4040000000000003;12.0;1.0;1.0;0.4035000000000003;12.0;1.0;1.0;0.4040000000000003;12.0;1.0;Now
13:42:05 31/03/2020;Tuesday;0.4001;0.4030000000000003;1.0;0.6041522986797284;0.5211506453034022;;;;;;;;;;;;;Now
18:37:38 31/03/2020;Tuesday;0.4026;0.4030000000000003;1.0;0.6041522986797284;0.5211506453034022;;;;;;;;;;;;;Now
