06:46:58 01/04/2020;Wednesday;0.4101;0.4110000000000003;1.0;0.597494769851586;0.1338808212800894;1.0;0.4110000000000003;12.0;1.0;1.0;0.4110000000000003;12.0;1.0;1.0;0.4110000000000003;12.0;1.0;Now
11:40:28 01/04/2020;Wednesday;0.4102;0.4110000000000003;1.0;0.597494769851586;0.1338808212800894;0.617337962962963;0.4110000000000003;7.408055555555555;0.617337962962963;1.0;0.4140000000000003;12.0;1.0;0.617337962962963;0.4110000000000003;7.408055555555555;0.617337962962963;Now
19:04:57 01/04/2020;Wednesday;0.4164;0.4170000000000003;1.0;0.5924525297439447;0.044817253249074825;0.5238657407407408;0.4170000000000003;6.286388888888889;0.5238657407407408;1.0;0.4180000000000003;12.0;1.0;0.5238657407407408;0.4170000000000003;6.286388888888889;0.5238657407407408;Now
01:22:08 02/04/2020;Thursday;0.4182;0.4190000000000003;1.0;0.5907622195096769;0.014960471872264687;0.4875925925925926;0.4190000000000003;5.726111111111111;0.47717592592592595;1.0;0.419666666666667;12.0;1.0;1.0;0.4195000000000003;12.0;1.0;Now
07:05:42 02/04/2020;Thursday;0.4192;0.4200000000000003;1.0;0.5899152481501048;0.0;1.0;0.4200000000000003;12.0;1.0;1.0;0.4200000000000003;12.0;1.0;1.0;0.4200000000000003;12.0;1.0;Now
13:14:38 02/04/2020;Thursday;0.4149;0.4200000000000003;1.0;0.5899152481501048;0.0;1.0;0.4200000000000003;12.0;1.0;1.0;0.41866666666666696;12.0;1.0;1.0;0.4200000000000003;12.0;1.0;Now
17:59:49 02/04/2020;Thursday;0.4151;0.4200000000000003;1.0;0.5899152481501048;0.0;1.0;0.4200000000000003;12.0;1.0;1.0;0.4173333333333336;12.0;1.0;1.0;0.4180000000000003;12.0;1.0;Now
22:53:08 02/04/2020;Thursday;0.4148;0.4160000000000003;1.0;0.5932958789676528;0.05971374555331892;1.0;0.4160000000000003;12.0;1.0;1.0;0.415666666666667;12.0;1.0;1.0;0.4160000000000003;12.0;1.0;Now
04:28:38 03/04/2020;Friday;0.4112;0.4160000000000003;1.0;0.5932958789676528;0.05971374555331892;1.0;0.4160000000000003;12.0;1.0;1.0;0.41433333333333366;12.0;1.0;1.0;0.4140000000000003;12.0;1.0;Now
08:43:55 03/04/2020;Friday;0.4112;0.4150000000000003;1.0;0.5941380311005177;0.0745890930529763;1.0;0.4150000000000003;12.0;1.0;1.0;0.4130000000000003;12.0;1.0;1.0;0.4135000000000003;12.0;1.0;Now
11:19:45 03/04/2020;Friday;0.4071;0.4120000000000003;1.0;0.5966573556070517;0.1190891614332695;1.0;0.4120000000000003;12.0;1.0;1.0;0.4120000000000003;12.0;1.0;1.0;0.4120000000000003;12.0;1.0;Now
18:52:09 03/04/2020;Friday;0.402;0.4120000000000003;1.0;0.5966573556070517;0.1190891614332695;1.0;0.4120000000000003;12.0;1.0;1.0;0.4053333333333336;12.0;1.0;1.0;0.4120000000000003;12.0;1.0;Now
23:54:08 03/04/2020;Friday;0.4008;0.4020000000000003;1.0;0.6049793384901667;0.26608443988897357;1.0;0.4020000000000003;12.0;1.0;1.0;0.401666666666667;12.0;1.0;1.0;0.4020000000000003;12.0;1.0;Now
05:46:21 04/04/2020;Saturday;0.3955;0.4020000000000003;1.0;0.6049793384901667;0.26608443988897357;1.0;0.4020000000000003;12.0;1.0;1.0;0.399666666666667;12.0;1.0;1.0;0.4015000000000003;12.0;1.0;Now
10:39:54 04/04/2020;Saturday;0.3891;0.4010000000000003;1.0;0.6058052492344381;0.28067290775040826;1.0;0.4010000000000003;12.0;1.0;1.0;0.395666666666667;12.0;1.0;1.0;0.4010000000000003;12.0;1.0;Now
17:05:09 04/04/2020;Saturday;0.3814;0.3960000000000003;1.0;0.6099180272790761;0.3533189300253022;1.0;0.3960000000000003;12.0;1.0;1.0;0.3875000000000003;12.0;1.0;1.0;0.3890000000000003;12.0;1.0;Now
20:44:26 04/04/2020;Saturday;0.3814;0.3900000000000003;1.0;0.6148170459575757;0.4398527074819787;1.0;0.3900000000000003;12.0;1.0;1.0;0.38466666666666693;12.0;1.0;1.0;0.3860000000000003;12.0;1.0;Now
23:39:29 04/04/2020;Saturday;0.3791;0.3820000000000003;1.0;0.6212889826803625;0.5541697103015807;1.0;0.3820000000000003;12.0;1.0;1.0;0.3813333333333336;12.0;1.0;1.0;0.3820000000000003;12.0;1.0;Now
04:24:38 05/04/2020;Sunday;0.3778;0.3820000000000003;1.0;0.6212889826803625;0.5541697103015807;1.0;0.3820000000000003;12.0;1.0;1.0;0.3800000000000003;12.0;1.0;1.0;0.3810000000000003;12.0;1.0;Now
09:09:28 05/04/2020;Sunday;0.3773;0.3800000000000003;1.0;0.6228964600958973;0.5825633748436237;1.0;0.3800000000000003;12.0;1.0;1.0;0.3790000000000003;12.0;1.0;1.0;0.3800000000000003;12.0;1.0;Now
15:10:01 05/04/2020;Sunday;0.375;0.3780000000000003;1.0;0.6244997998398396;0.610883953656408;1.0;0.3780000000000003;12.0;1.0;1.0;0.3765000000000003;12.0;1.0;1.0;0.3780000000000003;12.0;1.0;Now
22:34:28 05/04/2020;Sunday;0.3726;0.3750000000000003;1.0;0.626897120746299;0.6532290124173042;1.0;0.3750000000000003;12.0;1.0;1.0;0.3740000000000003;12.0;1.0;1.0;0.3750000000000003;12.0;1.0;Now
04:52:09 06/04/2020;Monday;0.3708;0.3730000000000003;1.0;0.6284902544988266;0.6813693177819209;1.0;0.3730000000000003;12.0;1.0;1.0;0.3720000000000003;12.0;1.0;1.0;0.3730000000000003;12.0;1.0;Now
11:00:51 06/04/2020;Monday;0.37;0.3710000000000003;1.0;0.6300793600809343;0.7094384715903713;0.5124537037037037;0.3710000000000003;6.149444444444445;0.5124537037037037;1.0;0.3715000000000003;12.0;1.0;0.5124537037037037;0.3710000000000003;6.149444444444445;0.5124537037037037;Now
17:09:49 06/04/2020;Monday;0.3711;0.3720000000000003;1.0;0.6292853089020907;0.695412754909431;1.0;0.3720000000000003;12.0;1.0;1.0;0.3720000000000003;12.0;1.0;1.0;0.3720000000000003;12.0;1.0;Now
23:52:21 06/04/2020;Monday;0.3716;0.3720000000000003;1.0;0.6292853089020907;0.695412754909431;1.0;0.3720000000000003;12.0;1.0;1.0;0.3720000000000003;12.0;1.0;1.0;0.3720000000000003;12.0;1.0;Now
06:51:19 07/04/2020;Tuesday;0.372;0.3720000000000003;1.0;0.6292853089020907;0.695412754909431;1.0;0.3720000000000003;12.0;1.0;1.0;0.3720000000000003;12.0;1.0;1.0;0.3720000000000003;12.0;1.0;Now
12:35:19 07/04/2020;Tuesday;0.3715;0.3720000000000003;1.0;0.6292853089020907;0.695412754909431;1.0;0.3720000000000003;12.0;1.0;1.0;0.3720000000000003;12.0;1.0;1.0;0.3720000000000003;12.0;1.0;Now
17:14:24 07/04/2020;Tuesday;0.3718;0.3720000000000003;1.0;0.6292853089020907;0.695412754909431;0.966550925925926;0.3720000000000003;11.598611111111111;0.966550925925926;1.0;0.3723333333333336;12.0;1.0;0.966550925925926;0.3720000000000003;11.598611111111111;0.966550925925926;Now
23:48:19 07/04/2020;Tuesday;0.3714;0.3720000000000003;1.0;0.6292853089020907;0.695412754909431;0.41944444444444445;0.3720000000000003;5.033333333333333;0.41944444444444445;1.0;0.3726666666666669;12.0;1.0;1.0;0.3725000000000003;12.0;1.0;Now
04:50:19 08/04/2020;Wednesday;0.3722;0.3730000000000003;1.0;0.6284902544988266;0.6813693177819209;1.0;0.3730000000000003;12.0;1.0;1.0;0.3730000000000003;12.0;1.0;1.0;0.3730000000000003;12.0;1.0;Now
11:41:24 08/04/2020;Wednesday;0.3729;0.3730000000000003;1.0;0.6284902544988266;0.6813693177819209;1.0;0.3730000000000003;12.0;1.0;1.0;0.3730000000000003;12.0;1.0;1.0;0.3730000000000003;12.0;1.0;Now
17:08:21 08/04/2020;Wednesday;0.3723;0.3730000000000003;1.0;0.6284902544988266;0.6813693177819209;1.0;0.3730000000000003;12.0;1.0;1.0;0.3730000000000003;12.0;1.0;1.0;0.3730000000000003;12.0;1.0;Now
22:02:20 08/04/2020;Wednesday;0.3713;0.3730000000000003;1.0;0.6284902544988266;0.6813693177819209;1.0;0.3730000000000003;12.0;1.0;1.0;0.3730000000000003;12.0;1.0;1.0;0.3730000000000003;12.0;1.0;Now
03:46:09 09/04/2020;Thursday;0.3706;0.3730000000000003;1.0;0.6284902544988266;0.6813693177819209;1.0;0.3730000000000003;12.0;1.0;1.0;0.3720000000000003;12.0;1.0;1.0;0.3730000000000003;12.0;1.0;Now
10:45:42 09/04/2020;Thursday;0.3703;0.3710000000000003;1.0;0.6300793600809343;0.7094384715903713;1.0;0.3710000000000003;12.0;1.0;1.0;0.3710000000000003;12.0;1.0;1.0;0.3710000000000003;12.0;1.0;Now
16:37:39 09/04/2020;Thursday;0.3685;0.3710000000000003;1.0;0.6300793600809343;0.7094384715903713;1.0;0.3710000000000003;12.0;1.0;1.0;0.369666666666667;12.0;1.0;1.0;0.3710000000000003;12.0;1.0;Now
23:28:38 09/04/2020;Thursday;0.3684;0.36900000000000027;1.0;0.6316644678941501;0.737437010839799;1.0;0.36900000000000027;12.0;1.0;1.0;0.36900000000000027;12.0;1.0;1.0;0.36900000000000027;12.0;1.0;Now
04:22:38 10/04/2020;Friday;0.3675;0.36900000000000027;1.0;0.6316644678941501;0.737437010839799;1.0;0.36900000000000027;12.0;1.0;1.0;0.3686666666666669;12.0;1.0;1.0;0.36900000000000027;12.0;1.0;Now
10:48:11 10/04/2020;Friday;0.3659;0.36900000000000027;1.0;0.6316644678941501;0.737437010839799;1.0;0.36900000000000027;12.0;1.0;1.0;0.367666666666667;12.0;1.0;1.0;0.36850000000000027;12.0;1.0;Now
15:50:38 10/04/2020;Friday;0.3647;0.36800000000000027;1.0;0.6324555320336757;0.7514099659755052;1.0;0.36800000000000027;12.0;1.0;1.0;0.36700000000000027;12.0;1.0;1.0;0.36800000000000027;12.0;1.0;Now
22:24:38 10/04/2020;Friday;0.363;0.36600000000000027;1.0;0.6340346993658941;0.7793035755860922;1.0;0.36600000000000027;12.0;1.0;1.0;0.36450000000000027;12.0;1.0;1.0;0.36600000000000027;12.0;1.0;Now
05:57:38 11/04/2020;Saturday;0.361;0.36300000000000027;1.0;0.6363961030678926;0.8210142110917107;1.0;0.36300000000000027;12.0;1.0;1.0;0.36166666666666697;12.0;1.0;1.0;0.36300000000000027;12.0;1.0;Now
12:41:03 11/04/2020;Saturday;0.36;0.36100000000000027;1.0;0.6379655163094631;0.8487355293997297;1.0;0.36100000000000027;12.0;1.0;1.0;0.3606666666666669;12.0;1.0;1.0;0.36100000000000027;12.0;1.0;Now
17:34:09 11/04/2020;Saturday;0.359;0.36100000000000027;1.0;0.6379655163094631;0.8487355293997297;1.0;0.36100000000000027;12.0;1.0;1.0;0.36050000000000026;12.0;1.0;1.0;0.36100000000000027;12.0;1.0;Now
00:25:16 12/04/2020;Sunday;0.3578;0.36000000000000026;1.0;0.6387487769068523;0.8625706467309865;1.0;0.36000000000000026;12.0;1.0;1.0;0.35900000000000026;12.0;1.0;1.0;0.36000000000000026;12.0;1.0;Now
07:49:42 12/04/2020;Sunday;0.3574;0.35800000000000026;1.0;0.6403124237432847;0.8901901101877204;1.0;0.35800000000000026;12.0;1.0;1.0;0.35800000000000026;12.0;1.0;1.0;0.35800000000000026;12.0;1.0;Now
15:14:17 12/04/2020;Sunday;0.3563;0.35800000000000026;1.0;0.6403124237432847;0.8901901101877204;1.0;0.35800000000000026;12.0;1.0;1.0;0.35733333333333356;12.0;1.0;1.0;0.35800000000000026;12.0;1.0;Now
21:40:43 12/04/2020;Sunday;0.3557;0.35700000000000026;1.0;0.641092816992984;0.9039745801458671;1.0;0.35700000000000026;12.0;1.0;1.0;0.35700000000000026;12.0;1.0;1.0;0.35700000000000026;12.0;1.0;Now
02:59:09 13/04/2020;Monday;0.3559;0.35700000000000026;1.0;0.641092816992984;0.9039745801458671;1.0;0.35700000000000026;12.0;1.0;1.0;0.35700000000000026;12.0;1.0;1.0;0.35700000000000026;12.0;1.0;Now
10:07:09 13/04/2020;Monday;0.3565;0.35700000000000026;1.0;0.641092816992984;0.9039745801458671;1.0;0.35700000000000026;12.0;1.0;1.0;0.35700000000000026;12.0;1.0;1.0;0.35700000000000026;12.0;1.0;Now
16:58:09 13/04/2020;Monday;0.357;0.35700000000000026;1.0;0.641092816992984;0.9039745801458671;1.0;0.35700000000000026;12.0;1.0;1.0;0.35700000000000026;12.0;1.0;1.0;0.35700000000000026;12.0;1.0;Now
00:31:10 14/04/2020;Tuesday;0.3561;0.35700000000000026;1.0;0.641092816992984;0.9039745801458671;1.0;0.35700000000000026;12.0;1.0;1.0;0.35700000000000026;12.0;1.0;1.0;0.35700000000000026;12.0;1.0;Now
06:23:09 14/04/2020;Tuesday;0.3562;0.35700000000000026;1.0;0.641092816992984;0.9039745801458671;1.0;0.35700000000000026;12.0;1.0;1.0;0.35700000000000026;12.0;1.0;1.0;0.35700000000000026;12.0;1.0;Now
12:57:43 14/04/2020;Tuesday;0.3563;0.35700000000000026;1.0;0.641092816992984;0.9039745801458671;1.0;0.35700000000000026;12.0;1.0;1.0;0.35700000000000026;12.0;1.0;1.0;0.35700000000000026;12.0;1.0;Now
19:15:10 14/04/2020;Tuesday;0.3558;0.35700000000000026;1.0;0.641092816992984;0.9039745801458671;1.0;0.35700000000000026;12.0;1.0;1.0;0.35650000000000026;12.0;1.0;1.0;0.35700000000000026;12.0;1.0;Now
02:06:08 15/04/2020;Wednesday;0.3555;0.35600000000000026;1.0;0.6418722614352483;0.9177422908514321;1.0;0.35600000000000026;12.0;1.0;1.0;0.35600000000000026;12.0;1.0;1.0;0.35600000000000026;12.0;1.0;Now
09:30:37 15/04/2020;Wednesday;0.3543;0.35600000000000026;1.0;0.6418722614352483;0.9177422908514321;1.0;0.35600000000000026;12.0;1.0;1.0;0.35525000000000023;12.0;1.0;1.0;0.35600000000000026;12.0;1.0;Now
15:56:42 15/04/2020;Wednesday;0.3533;0.35500000000000026;1.0;0.6426507605223849;0.9314933032842185;1.0;0.35500000000000026;12.0;1.0;1.0;0.35500000000000026;12.0;1.0;1.0;0.35500000000000026;12.0;1.0;Now
18:07:49 15/04/2020;Wednesday;0.3533;0.35500000000000026;1.0;0.6426507605223849;0.9314933032842185;1.0;0.35500000000000026;12.0;1.0;1.0;0.35500000000000026;12.0;1.0;1.0;0.35500000000000026;12.0;1.0;Now
20:33:21 15/04/2020;Wednesday;0.3537;0.35500000000000026;1.0;0.6426507605223849;0.9314933032842185;1.0;0.35500000000000026;12.0;1.0;1.0;0.35500000000000026;12.0;1.0;1.0;0.35500000000000026;12.0;1.0;Now
02:59:20 16/04/2020;Thursday;0.3543;0.35500000000000026;1.0;0.6426507605223849;0.9314933032842185;1.0;0.35500000000000026;12.0;1.0;1.0;0.35500000000000026;12.0;1.0;1.0;0.35500000000000026;12.0;1.0;Now
09:25:20 16/04/2020;Thursday;0.3541;0.35500000000000026;1.0;0.6426507605223849;0.9314933032842185;0.9805555555555555;0.35500000000000026;11.766666666666667;0.9805555555555555;1.0;0.35533333333333356;12.0;1.0;0.9805555555555555;0.35500000000000026;11.766666666666667;0.9805555555555555;Now
14:43:50 16/04/2020;Thursday;0.3546;0.35500000000000026;1.0;0.6426507605223849;0.9314933032842185;0.5381944444444444;0.35500000000000026;6.458333333333333;0.5381944444444444;1.0;0.35550000000000026;12.0;1.0;0.5381944444444444;0.35500000000000026;6.458333333333333;0.5381944444444444;Now
21:11:20 16/04/2020;Thursday;0.3552;0.35600000000000026;1.0;0.6418722614352483;0.9177422908514321;0.9112962962962963;0.35600000000000026;10.935555555555556;0.9112962962962963;1.0;0.3566666666666669;12.0;1.0;0.9112962962962963;0.35600000000000026;10.935555555555556;0.9112962962962963;Now
03:05:23 17/04/2020;Friday;0.3546;0.35600000000000026;1.0;0.6418722614352483;0.9177422908514321;0.4195601851851852;0.35600000000000026;5.034722222222222;0.4195601851851852;1.0;0.35733333333333356;12.0;1.0;0.4195601851851852;0.35600000000000026;5.034722222222222;0.4195601851851852;Now
08:07:28 17/04/2020;Friday;0.3574;0.35800000000000026;1.0;0.6403124237432847;0.8901901101877204;0.8971527777777778;0.35800000000000026;10.765833333333333;0.8971527777777778;1.0;0.3583333333333336;12.0;1.0;0.8971527777777778;0.35800000000000026;10.765833333333333;0.8971527777777778;Now
13:17:53 17/04/2020;Friday;0.3564;0.35800000000000026;1.0;0.6403124237432847;0.8901901101877204;0.4993518518518518;0.35800000000000026;5.592222222222222;0.4660185185185185;1.0;0.3586666666666669;12.0;1.0;1.0;0.35850000000000026;12.0;1.0;Now
18:53:25 17/04/2020;Friday;0.3584;0.35900000000000026;1.0;0.6395310782127791;0.8763888196251286;1.0;0.35900000000000026;12.0;1.0;1.0;0.35900000000000026;12.0;1.0;1.0;0.35900000000000026;12.0;1.0;Now
00:53:53 18/04/2020;Saturday;0.3559;0.35900000000000026;1.0;0.6395310782127791;0.8763888196251286;1.0;0.35900000000000026;12.0;1.0;1.0;0.35800000000000026;12.0;1.0;1.0;0.35900000000000026;12.0;1.0;Now
05:39:33 18/04/2020;Saturday;0.3554;0.35900000000000026;1.0;0.6395310782127791;0.8763888196251286;1.0;0.35900000000000026;12.0;1.0;1.0;0.35700000000000026;12.0;1.0;1.0;0.35900000000000026;12.0;1.0;Now
11:56:35 18/04/2020;Saturday;0.3533;0.35600000000000026;1.0;0.6418722614352483;0.9177422908514321;1.0;0.35600000000000026;12.0;1.0;1.0;0.35533333333333356;12.0;1.0;1.0;0.35600000000000026;12.0;1.0;Now
16:50:07 18/04/2020;Saturday;0.3519;0.35600000000000026;1.0;0.6418722614352483;0.9177422908514321;1.0;0.35600000000000026;12.0;1.0;1.0;0.35400000000000026;12.0;1.0;1.0;0.35500000000000026;12.0;1.0;Now
21:27:09 18/04/2020;Saturday;0.3502;0.35400000000000026;1.0;0.6434283176858163;0.945227678055132;1.0;0.35400000000000026;12.0;1.0;1.0;0.3523333333333336;12.0;1.0;1.0;0.35400000000000026;12.0;1.0;Now
03:02:35 19/04/2020;Sunday;0.3497;0.35200000000000026;1.0;0.6449806198638838;0.9726467552290818;1.0;0.35200000000000026;12.0;1.0;1.0;0.35100000000000026;12.0;1.0;1.0;0.35200000000000026;12.0;1.0;Now
08:55:06 19/04/2020;Sunday;0.3488;0.35100000000000026;1.0;0.6457553716385175;0.9863315770372835;1.0;0.35100000000000026;12.0;1.0;1.0;0.3506666666666669;12.0;1.0;0.9666898148148149;0.35050000000000026;11.600277777777778;0.9666898148148149;Now
14:13:36 19/04/2020;Sunday;0.3493;0.35000000000000026;1.0;0.6465291950097843;1.0;0.5243287037037037;0.35000000000000026;6.291944444444445;0.5243287037037037;1.0;0.35050000000000026;12.0;1.0;0.5243287037037037;0.35000000000000026;6.291944444444445;0.5243287037037037;Now
20:31:07 19/04/2020;Sunday;0.3505;0.35100000000000026;1.0;0.6457553716385175;0.9863315770372835;1.0;0.35100000000000026;12.0;1.0;1.0;0.35100000000000026;12.0;1.0;1.0;0.35100000000000026;12.0;1.0;Now
02:40:37 20/04/2020;Monday;0.3495;0.35100000000000026;1.0;0.6457553716385175;0.9863315770372835;1.0;0.35100000000000026;12.0;1.0;1.0;0.35050000000000026;12.0;1.0;1.0;0.35100000000000026;12.0;1.0;Now
09:56:52 20/04/2020;Monday;0.3486;0.35000000000000026;1.0;0.6465291950097843;1.0;0.9893055555555555;0.35000000000000026;11.871666666666666;0.9893055555555555;1.0;0.3506666666666669;12.0;1.0;0.9893055555555555;0.35000000000000026;11.871666666666666;0.9893055555555555;Now
17:04:07 20/04/2020;Monday;0.3497;0.35000000000000026;1.0;0.6465291950097843;1.0;0.39590277777777777;0.35000000000000026;4.7508333333333335;0.39590277777777777;1.0;0.35100000000000026;12.0;1.0;1.0;0.35100000000000026;12.0;1.0;Now
21:49:10 20/04/2020;Monday;0.3516;0.35200000000000026;1.0;0.6449806198638838;0.9726467552290818;0.627662037037037;0.35200000000000026;7.531944444444444;0.627662037037037;1.0;0.35350000000000026;12.0;1.0;0.627662037037037;0.35200000000000026;7.531944444444444;0.627662037037037;Now
05:21:05 21/04/2020;Tuesday;0.3548;0.35500000000000026;1.0;0.6426507605223849;0.9314933032842185;1.0;0.35500000000000026;12.0;1.0;1.0;0.35500000000000026;12.0;1.0;1.0;0.35500000000000026;12.0;1.0;Now
12:29:06 21/04/2020;Tuesday;0.3539;0.35500000000000026;1.0;0.6426507605223849;0.9314933032842185;0.920162037037037;0.35500000000000026;11.041944444444445;0.920162037037037;1.0;0.35566666666666696;12.0;1.0;0.920162037037037;0.35500000000000026;11.041944444444445;0.920162037037037;Now
17:47:37 21/04/2020;Tuesday;0.3548;0.35500000000000026;1.0;0.6426507605223849;0.9314933032842185;0.4777777777777778;0.35500000000000026;5.733333333333333;0.4777777777777778;1.0;0.3563333333333336;12.0;1.0;0.4777777777777778;0.35500000000000026;5.733333333333333;0.4777777777777778;Now
23:31:37 21/04/2020;Tuesday;0.3564;0.35700000000000026;1.0;0.641092816992984;0.9039745801458671;1.0;0.35700000000000026;12.0;1.0;1.0;0.35700000000000026;12.0;1.0;1.0;0.35700000000000026;12.0;1.0;Now
04:58:36 22/04/2020;Wednesday;0.3565;0.35700000000000026;1.0;0.641092816992984;0.9039745801458671;1.0;0.35700000000000026;12.0;1.0;1.0;0.35700000000000026;12.0;1.0;1.0;0.35700000000000026;12.0;1.0;Now
11:16:05 22/04/2020;Wednesday;0.356;0.35700000000000026;1.0;0.641092816992984;0.9039745801458671;1.0;0.35700000000000026;12.0;1.0;1.0;0.35700000000000026;12.0;1.0;1.0;0.35700000000000026;12.0;1.0;Now
16:26:07 22/04/2020;Wednesday;0.3567;0.35700000000000026;1.0;0.641092816992984;0.9039745801458671;1.0;0.35700000000000026;12.0;1.0;1.0;0.35700000000000026;12.0;1.0;1.0;0.35700000000000026;12.0;1.0;Now
23:50:49 22/04/2020;Wednesday;0.3562;0.35700000000000026;1.0;0.641092816992984;0.9039745801458671;0.5006712962962963;0.35700000000000026;6.008055555555556;0.5006712962962963;1.0;0.35900000000000026;12.0;1.0;0.5006712962962963;0.35700000000000026;6.008055555555556;0.5006712962962963;Now
05:51:18 23/04/2020;Thursday;0.3597;0.36000000000000026;1.0;0.6387487769068523;0.8625706467309865;0.9082638888888889;0.36000000000000026;10.899166666666666;0.9082638888888889;1.0;0.3606666666666669;12.0;1.0;0.9082638888888889;0.36000000000000026;10.899166666666666;0.9082638888888889;Now
10:36:16 23/04/2020;Thursday;0.3595;0.36000000000000026;1.0;0.6387487769068523;0.8625706467309865;0.5124768518518519;0.36000000000000026;6.1497222222222225;0.5124768518518519;1.0;0.36166666666666697;12.0;1.0;0.5124768518518519;0.36000000000000026;6.1497222222222225;0.5124768518518519;Now
16:45:15 23/04/2020;Thursday;0.3611;0.36200000000000027;1.0;0.6371812928829594;0.8348834051440693;0.3958564814814815;0.36200000000000027;4.750277777777778;0.3958564814814815;1.0;0.36250000000000027;12.0;1.0;1.0;0.36250000000000027;12.0;1.0;Now
21:30:16 23/04/2020;Thursday;0.3621;0.36300000000000027;1.0;0.6363961030678926;0.8210142110917107;1.0;0.36300000000000027;12.0;1.0;1.0;0.36300000000000027;12.0;1.0;1.0;0.36300000000000027;12.0;1.0;Now
10:55:15 24/04/2020;Friday;0.3614;0.36200000000000027;1.0;0.6371812928829594;0.8348834051440693;1.0;0.36200000000000027;12.0;1.0;1.0;0.36200000000000027;12.0;1.0;1.0;0.36200000000000027;12.0;1.0;Now
17:29:26 24/04/2020;Friday;0.361;0.36200000000000027;1.0;0.6371812928829594;0.8348834051440693;0.9546064814814815;0.36200000000000027;11.455277777777777;0.9546064814814815;1.0;0.3623333333333336;12.0;1.0;0.9546064814814815;0.36200000000000027;11.455277777777777;0.9546064814814815;Now
23:54:44 24/04/2020;Friday;0.36;0.36100000000000027;1.0;0.6379655163094631;0.8487355293997297;0.4194675925925926;0.36100000000000027;5.033611111111111;0.4194675925925926;1.0;0.36300000000000027;12.0;1.0;0.4194675925925926;0.36100000000000027;5.033611111111111;0.4194675925925926;Now
04:56:45 25/04/2020;Saturday;0.3632;0.36400000000000027;1.0;0.6356099432828279;0.8071278839820106;1.0;0.36400000000000027;12.0;1.0;1.0;0.36400000000000027;12.0;1.0;1.0;0.36400000000000027;12.0;1.0;Now
10:23:57 25/04/2020;Saturday;0.3621;0.36400000000000027;1.0;0.6356099432828279;0.8071278839820106;1.0;0.36400000000000027;12.0;1.0;1.0;0.36350000000000027;12.0;1.0;1.0;0.36400000000000027;12.0;1.0;Now
17:06:17 25/04/2020;Saturday;0.3597;0.36300000000000027;1.0;0.6363961030678926;0.8210142110917107;1.0;0.36300000000000027;12.0;1.0;1.0;0.36200000000000027;12.0;1.0;1.0;0.36300000000000027;12.0;1.0;Now
00:22:15 26/04/2020;Sunday;0.3608;0.36100000000000027;1.0;0.6379655163094631;0.8487355293997297;1.0;0.36100000000000027;12.0;1.0;1.0;0.36100000000000027;12.0;1.0;1.0;0.36100000000000027;12.0;1.0;Now
06:14:15 26/04/2020;Sunday;0.3606;0.36100000000000027;1.0;0.6379655163094631;0.8487355293997297;0.8270833333333333;0.36100000000000027;9.925;0.8270833333333333;1.0;0.36133333333333356;12.0;1.0;0.8270833333333333;0.36100000000000027;9.925;0.8270833333333333;Now
11:33:15 26/04/2020;Sunday;0.3604;0.36100000000000027;1.0;0.6379655163094631;0.8487355293997297;0.5923611111111111;0.36100000000000027;4.608333333333333;0.3840277777777778;1.0;0.36166666666666697;12.0;1.0;0.5923611111111111;0.36100000000000027;4.608333333333333;0.3840277777777778;Now
16:09:45 26/04/2020;Sunday;0.3618;0.36200000000000027;1.0;0.6371812928829594;0.8348834051440693;1.0;0.36200000000000027;12.0;1.0;1.0;0.36200000000000027;12.0;1.0;1.0;0.36200000000000027;12.0;1.0;Now
21:03:15 26/04/2020;Sunday;0.3608;0.36200000000000027;1.0;0.6371812928829594;0.8348834051440693;1.0;0.36200000000000027;12.0;1.0;1.0;0.36200000000000027;12.0;1.0;1.0;0.36200000000000027;12.0;1.0;Now
02:46:52 27/04/2020;Monday;0.3603;0.36200000000000027;1.0;0.6371812928829594;0.8348834051440693;1.0;0.36200000000000027;12.0;1.0;1.0;0.36166666666666697;12.0;1.0;1.0;0.36200000000000027;12.0;1.0;Now
09:21:15 27/04/2020;Monday;0.3604;0.36100000000000027;1.0;0.6379655163094631;0.8487355293997297;0.4431481481481481;0.36100000000000027;5.317777777777778;0.4431481481481481;1.0;0.36200000000000027;12.0;1.0;0.9438194444444444;0.36150000000000027;11.325833333333334;0.9438194444444444;Now
14:40:19 27/04/2020;Monday;0.3614;0.36200000000000027;1.0;0.6371812928829594;0.8348834051440693;0.5805555555555556;0.36200000000000027;6.008055555555556;0.5006712962962963;1.0;0.3626666666666669;12.0;1.0;0.5805555555555556;0.36200000000000027;6.008055555555556;0.5006712962962963;Now
20:40:48 27/04/2020;Monday;0.3625;0.36300000000000027;1.0;0.6363961030678926;0.8210142110917107;1.0;0.36300000000000027;12.0;1.0;1.0;0.36300000000000027;12.0;1.0;1.0;0.36300000000000027;12.0;1.0;Now
01:42:48 28/04/2020;Tuesday;0.3601;0.36300000000000027;1.0;0.6363961030678926;0.8210142110917107;1.0;0.36300000000000027;12.0;1.0;1.0;0.36300000000000027;12.0;1.0;1.0;0.36300000000000027;12.0;1.0;Now
07:09:45 28/04/2020;Tuesday;0.3607;0.36300000000000027;1.0;0.6363961030678926;0.8210142110917107;1.0;0.36300000000000027;12.0;1.0;1.0;0.36250000000000027;12.0;1.0;1.0;0.36300000000000027;12.0;1.0;Now
14:25:46 28/04/2020;Tuesday;0.362;0.36200000000000027;1.0;0.6371812928829594;0.8348834051440693;0.4778472222222222;0.36200000000000027;5.734166666666667;0.4778472222222222;1.0;0.36366666666666697;12.0;1.0;0.9906018518518519;0.36300000000000027;11.887222222222222;0.9906018518518519;Now
20:09:49 28/04/2020;Tuesday;0.3631;0.36400000000000027;1.0;0.6356099432828279;0.8071278839820106;0.5127546296296296;0.36400000000000027;6.1530555555555555;0.5127546296296296;1.0;0.36450000000000027;12.0;1.0;0.5127546296296296;0.36400000000000027;6.1530555555555555;0.5127546296296296;Now
02:19:00 29/04/2020;Wednesday;0.3643;0.36500000000000027;1.0;0.634822809924155;0.7932243601626252;0.5355555555555556;0.36500000000000027;6.426666666666667;0.5355555555555556;1.0;0.365666666666667;12.0;1.0;0.5355555555555556;0.36500000000000027;6.426666666666667;0.5355555555555556;Now
08:44:36 29/04/2020;Wednesday;0.3651;0.36600000000000027;1.0;0.6340346993658941;0.7793035755860922;1.0;0.36600000000000027;12.0;1.0;1.0;0.36600000000000027;12.0;1.0;1.0;0.36600000000000027;12.0;1.0;Now
13:30:03 29/04/2020;Wednesday;0.3655;0.36600000000000027;1.0;0.6340346993658941;0.7793035755860922;1.0;0.36600000000000027;12.0;1.0;1.0;0.36600000000000027;12.0;1.0;1.0;0.36600000000000027;12.0;1.0;Now
20:46:37 29/04/2020;Wednesday;0.3638;0.36600000000000027;1.0;0.6340346993658941;0.7793035755860922;1.0;0.36600000000000027;12.0;1.0;1.0;0.36600000000000027;12.0;1.0;1.0;0.36600000000000027;12.0;1.0;Now
02:30:37 30/04/2020;Thursday;0.3652;0.36600000000000027;1.0;0.6340346993658941;0.7793035755860922;1.0;0.36600000000000027;12.0;1.0;1.0;0.36600000000000027;12.0;1.0;1.0;0.36600000000000027;12.0;1.0;Now
08:47:31 30/04/2020;Thursday;0.3616;0.36600000000000027;1.0;0.6340346993658941;0.7793035755860922;1.0;0.36600000000000027;12.0;1.0;1.0;0.3646666666666669;12.0;1.0;1.0;0.36600000000000027;12.0;1.0;Now
14:48:30 30/04/2020;Thursday;0.3634;0.36400000000000027;1.0;0.6356099432828279;0.8071278839820106;1.0;0.36400000000000027;12.0;1.0;1.0;0.36400000000000027;12.0;1.0;1.0;0.36400000000000027;12.0;1.0;Now
20:47:03 30/04/2020;Thursday;0.3633;0.36400000000000027;1.0;0.6356099432828279;0.8071278839820106;1.0;0.36400000000000027;12.0;1.0;1.0;0.36400000000000027;12.0;1.0;1.0;0.36400000000000027;12.0;1.0;Now
22:53:44 30/04/2020;Thursday;0.3633;0.36400000000000027;1.0;0.6356099432828279;0.8071278839820106;1.0;0.36400000000000027;12.0;1.0;1.0;0.36400000000000027;12.0;1.0;1.0;0.36400000000000027;12.0;1.0;Now
22:53:44 30/04/2020;Thursday;0.3633;0.36400000000000027;1.0;0.6356099432828279;0.8071278839820106;1.0;0.36400000000000027;12.0;1.0;1.0;0.36400000000000027;12.0;1.0;1.0;0.36400000000000027;12.0;1.0;Now
01:40:32 01/05/2020;Friday;0.3614;0.36400000000000027;1.0;0.6356099432828279;0.8071278839820106;1.0;0.36400000000000027;12.0;1.0;1.0;0.36400000000000027;12.0;1.0;1.0;0.36400000000000027;12.0;1.0;Now
08:40:07 01/05/2020;Friday;0.3615;0.36400000000000027;1.0;0.6356099432828279;0.8071278839820106;0.8978472222222222;0.36400000000000027;10.774166666666666;0.8978472222222222;1.0;0.3643333333333336;12.0;1.0;0.8978472222222222;0.36400000000000027;10.774166666666666;0.8978472222222222;Now
14:32:07 01/05/2020;Friday;0.3632;0.36400000000000027;1.0;0.6356099432828279;0.8071278839820106;0.43483796296296295;0.36400000000000027;4.9075;0.4089583333333333;1.0;0.3646666666666669;12.0;1.0;1.0;0.36450000000000027;12.0;1.0;Now
19:26:34 01/05/2020;Friday;0.3646;0.36500000000000027;1.0;0.634822809924155;0.7932243601626252;1.0;0.36500000000000027;12.0;1.0;1.0;0.36500000000000027;12.0;1.0;1.0;0.36500000000000027;12.0;1.0;Now
02:13:29 02/05/2020;Saturday;0.3633;0.36500000000000027;1.0;0.634822809924155;0.7932243601626252;1.0;0.36500000000000027;12.0;1.0;1.0;0.36450000000000027;12.0;1.0;1.0;0.36450000000000027;12.0;1.0;Now
08:06:01 02/05/2020;Saturday;0.3615;0.36400000000000027;1.0;0.6356099432828279;0.8071278839820106;1.0;0.36400000000000027;12.0;1.0;1.0;0.3626666666666669;12.0;1.0;1.0;0.36400000000000027;12.0;1.0;Now
15:05:22 02/05/2020;Saturday;0.3598;0.36200000000000027;1.0;0.6371812928829594;0.8348834051440693;1.0;0.36200000000000027;12.0;1.0;1.0;0.36133333333333356;12.0;1.0;1.0;0.36200000000000027;12.0;1.0;Now
19:42:10 02/05/2020;Saturday;0.3586;0.36200000000000027;1.0;0.6371812928829594;0.8348834051440693;1.0;0.36200000000000027;12.0;1.0;1.0;0.3603333333333336;12.0;1.0;1.0;0.36200000000000027;12.0;1.0;Now
00:27:35 03/05/2020;Sunday;0.3574;0.36000000000000026;1.0;0.6387487769068523;0.8625706467309865;1.0;0.36000000000000026;12.0;1.0;1.0;0.35950000000000026;12.0;1.0;1.0;0.35950000000000026;12.0;1.0;Now
05:12:32 03/05/2020;Sunday;0.3567;0.35900000000000026;1.0;0.6395310782127791;0.8763888196251286;1.0;0.35900000000000026;12.0;1.0;1.0;0.35800000000000026;12.0;1.0;1.0;0.35900000000000026;12.0;1.0;Now
16:40:45 03/05/2020;Sunday;0.3546;0.35700000000000026;1.0;0.641092816992984;0.9039745801458671;1.0;0.35700000000000026;12.0;1.0;1.0;0.35566666666666696;12.0;1.0;1.0;0.35600000000000026;12.0;1.0;Now
21:59:01 03/05/2020;Sunday;0.355;0.35500000000000026;1.0;0.6426507605223849;0.9314933032842185;1.0;0.35500000000000026;12.0;1.0;1.0;0.35500000000000026;12.0;1.0;1.0;0.35500000000000026;12.0;1.0;Now
04:16:40 04/05/2020;Monday;0.3541;0.35500000000000026;1.0;0.6426507605223849;0.9314933032842185;1.0;0.35500000000000026;12.0;1.0;1.0;0.35500000000000026;12.0;1.0;1.0;0.35500000000000026;12.0;1.0;Now
10:00:42 04/05/2020;Monday;0.3538;0.35500000000000026;1.0;0.6426507605223849;0.9314933032842185;1.0;0.35500000000000026;12.0;1.0;1.0;0.35500000000000026;12.0;1.0;1.0;0.35500000000000026;12.0;1.0;Now
15:52:45 04/05/2020;Monday;0.3539;0.35500000000000026;1.0;0.6426507605223849;0.9314933032842185;0.5728703703703704;0.35500000000000026;6.874444444444444;0.5728703703703704;1.0;0.35750000000000026;12.0;1.0;0.5728703703703704;0.35500000000000026;6.874444444444444;0.5728703703703704;Now
22:45:13 04/05/2020;Monday;0.3598;0.36000000000000026;1.0;0.6387487769068523;0.8625706467309865;1.0;0.36000000000000026;12.0;1.0;1.0;0.36000000000000026;12.0;1.0;1.0;0.36000000000000026;12.0;1.0;Now
05:27:46 05/05/2020;Tuesday;0.3591;0.36000000000000026;1.0;0.6387487769068523;0.8625706467309865;1.0;0.36000000000000026;12.0;1.0;1.0;0.36000000000000026;12.0;1.0;1.0;0.36000000000000026;12.0;1.0;Now
10:04:13 05/05/2020;Tuesday;0.3535;0.36000000000000026;1.0;0.6387487769068523;0.8625706467309865;1.0;0.36000000000000026;12.0;1.0;1.0;0.35700000000000026;12.0;1.0;1.0;0.36000000000000026;12.0;1.0;Now
16:59:07 05/05/2020;Tuesday;0.3535;0.36000000000000026;1.0;0.6387487769068523;0.8625706467309865;1.0;0.36000000000000026;12.0;1.0;1.0;0.35600000000000026;12.0;1.0;1.0;0.35700000000000026;12.0;1.0;Now
20:33:13 05/05/2020;Tuesday;0.3527;0.35400000000000026;1.0;0.6434283176858163;0.945227678055132;0.9666898148148149;0.35400000000000026;11.600277777777778;0.9666898148148149;1.0;0.35500000000000026;12.0;1.0;0.9666898148148149;0.35400000000000026;11.600277777777778;0.9666898148148149;Now
21:23:37 05/05/2020;Tuesday;0.3527;0.35400000000000026;1.0;0.6434283176858163;0.945227678055132;0.8966898148148148;0.35400000000000026;10.760277777777778;0.8966898148148148;1.0;0.35550000000000026;12.0;1.0;0.8966898148148148;0.35400000000000026;10.760277777777778;0.8966898148148148;Now
08:09:14 06/05/2020;Wednesday;0.3565;0.35700000000000026;1.0;0.641092816992984;0.9039745801458671;0.9431944444444444;0.35700000000000026;11.318333333333333;0.9431944444444444;1.0;0.35800000000000026;12.0;1.0;0.9431944444444444;0.35700000000000026;11.318333333333333;0.9431944444444444;Now
13:52:45 06/05/2020;Wednesday;0.3529;0.35700000000000026;1.0;0.641092816992984;0.9039745801458671;0.46608796296296295;0.35700000000000026;5.593055555555556;0.46608796296296295;1.0;0.35850000000000026;12.0;1.0;1.0;0.35850000000000026;12.0;1.0;Now
19:28:20 06/05/2020;Wednesday;0.3596;0.36000000000000026;1.0;0.6387487769068523;0.8625706467309865;1.0;0.36000000000000026;12.0;1.0;1.0;0.36000000000000026;12.0;1.0;1.0;0.36000000000000026;12.0;1.0;Now
02:10:44 07/05/2020;Thursday;0.3558;0.36000000000000026;1.0;0.6387487769068523;0.8625706467309865;0.5708333333333333;0.36000000000000026;6.85;0.5708333333333333;1.0;0.36100000000000027;12.0;1.0;0.5708333333333333;0.36000000000000026;6.85;0.5708333333333333;Now
09:01:44 07/05/2020;Thursday;0.3619;0.36200000000000027;1.0;0.6371812928829594;0.8348834051440693;0.617800925925926;0.36200000000000027;7.413611111111111;0.617800925925926;1.0;0.36300000000000027;12.0;1.0;0.617800925925926;0.36200000000000027;7.413611111111111;0.617800925925926;Now
16:26:33 07/05/2020;Thursday;0.3638;0.36400000000000027;1.0;0.6356099432828279;0.8071278839820106;0.5354629629629629;0.36400000000000027;6.4255555555555555;0.5354629629629629;1.0;0.3646666666666669;12.0;1.0;0.5354629629629629;0.36400000000000027;6.4255555555555555;0.5354629629629629;Now
22:52:05 07/05/2020;Thursday;0.3645;0.36500000000000027;1.0;0.634822809924155;0.7932243601626252;1.0;0.36500000000000027;12.0;1.0;1.0;0.36500000000000027;12.0;1.0;1.0;0.36500000000000027;12.0;1.0;Now
03:45:24 08/05/2020;Friday;0.3643;0.36500000000000027;1.0;0.634822809924155;0.7932243601626252;1.0;0.36500000000000027;12.0;1.0;1.0;0.36500000000000027;12.0;1.0;1.0;0.36500000000000027;12.0;1.0;Now
09:12:24 08/05/2020;Friday;0.3641;0.36500000000000027;1.0;0.634822809924155;0.7932243601626252;1.0;0.36500000000000027;12.0;1.0;1.0;0.36500000000000027;12.0;1.0;1.0;0.36500000000000027;12.0;1.0;Now
15:46:23 08/05/2020;Friday;0.3635;0.36500000000000027;1.0;0.634822809924155;0.7932243601626252;1.0;0.36500000000000027;12.0;1.0;1.0;0.3643333333333336;12.0;1.0;1.0;0.36500000000000027;12.0;1.0;Now
21:30:33 08/05/2020;Friday;0.3586;0.36400000000000027;1.0;0.6356099432828279;0.8071278839820106;1.0;0.36400000000000027;12.0;1.0;1.0;0.36400000000000027;12.0;1.0;1.0;0.36400000000000027;12.0;1.0;Now
03:22:32 09/05/2020;Saturday;0.3596;0.36400000000000027;1.0;0.6356099432828279;0.8071278839820106;1.0;0.36400000000000027;12.0;1.0;1.0;0.36200000000000027;12.0;1.0;1.0;0.36400000000000027;12.0;1.0;Now
10:05:08 09/05/2020;Saturday;0.3589;0.36000000000000026;1.0;0.6387487769068523;0.8625706467309865;0.4769675925925926;0.36000000000000026;5.723611111111111;0.4769675925925926;1.0;0.36200000000000027;12.0;1.0;1.0;0.36200000000000027;12.0;1.0;Now
15:48:33 09/05/2020;Saturday;0.364;0.36400000000000027;1.0;0.6356099432828279;0.8071278839820106;1.0;0.36400000000000027;12.0;1.0;1.0;0.36400000000000027;12.0;1.0;1.0;0.36400000000000027;12.0;1.0;Now
22:15:13 09/05/2020;Saturday;0.3634;0.36400000000000027;1.0;0.6356099432828279;0.8071278839820106;1.0;0.36400000000000027;12.0;1.0;1.0;0.36400000000000027;12.0;1.0;1.0;0.36400000000000027;12.0;1.0;Now
04:24:05 10/05/2020;Sunday;0.3588;0.36400000000000027;1.0;0.6356099432828279;0.8071278839820106;1.0;0.36400000000000027;12.0;1.0;1.0;0.36366666666666697;12.0;1.0;1.0;0.36400000000000027;12.0;1.0;Now
09:42:09 10/05/2020;Sunday;0.3621;0.36400000000000027;1.0;0.6356099432828279;0.8071278839820106;1.0;0.36400000000000027;12.0;1.0;1.0;0.36350000000000027;12.0;1.0;1.0;0.36400000000000027;12.0;1.0;Now
15:59:04 10/05/2020;Sunday;0.3616;0.36300000000000027;1.0;0.6363961030678926;0.8210142110917107;1.0;0.36300000000000027;12.0;1.0;1.0;0.36250000000000027;12.0;1.0;1.0;0.36300000000000027;12.0;1.0;Now
23:32:05 10/05/2020;Sunday;0.3568;0.36200000000000027;1.0;0.6371812928829594;0.8348834051440693;1.0;0.36200000000000027;12.0;1.0;1.0;0.36100000000000027;12.0;1.0;1.0;0.36200000000000027;12.0;1.0;Now
06:14:35 11/05/2020;Monday;0.3599;0.36000000000000026;1.0;0.6387487769068523;0.8625706467309865;1.0;0.36000000000000026;12.0;1.0;1.0;0.36000000000000026;12.0;1.0;1.0;0.36000000000000026;12.0;1.0;Now
16:26:43 11/05/2020;Monday;0.356;0.36000000000000026;1.0;0.6387487769068523;0.8625706467309865;0.5593055555555555;0.36000000000000026;6.711666666666667;0.5593055555555555;1.0;0.36050000000000026;12.0;1.0;0.5593055555555555;0.36000000000000026;6.711666666666667;0.5593055555555555;Now
23:09:25 11/05/2020;Monday;0.3606;0.36100000000000027;1.0;0.6379655163094631;0.8487355293997297;1.0;0.36100000000000027;12.0;1.0;1.0;0.36100000000000027;12.0;1.0;1.0;0.36100000000000027;12.0;1.0;Now
05:43:28 12/05/2020;Tuesday;0.3574;0.36100000000000027;1.0;0.6379655163094631;0.8487355293997297;1.0;0.36100000000000027;12.0;1.0;1.0;0.35966666666666697;12.0;1.0;1.0;0.36000000000000026;12.0;1.0;Now
11:18:28 12/05/2020;Tuesday;0.3587;0.35900000000000026;1.0;0.6395310782127791;0.8763888196251286;1.0;0.35900000000000026;12.0;1.0;1.0;0.35900000000000026;12.0;1.0;1.0;0.35900000000000026;12.0;1.0;Now
17:22:34 12/05/2020;Tuesday;0.3582;0.35900000000000026;1.0;0.6395310782127791;0.8763888196251286;0.5928935185185186;0.35900000000000026;7.114722222222222;0.5928935185185186;1.0;0.36150000000000027;12.0;1.0;0.5928935185185186;0.35900000000000026;7.114722222222222;0.5928935185185186;Now
00:29:27 13/05/2020;Wednesday;0.3632;0.36400000000000027;1.0;0.6356099432828279;0.8071278839820106;1.0;0.36400000000000027;12.0;1.0;1.0;0.36400000000000027;12.0;1.0;1.0;0.36400000000000027;12.0;1.0;Now
07:54:07 13/05/2020;Wednesday;0.3612;0.36400000000000027;1.0;0.6356099432828279;0.8071278839820106;1.0;0.36400000000000027;12.0;1.0;1.0;0.36400000000000027;12.0;1.0;1.0;0.36400000000000027;12.0;1.0;Now
21:27:29 13/05/2020;Wednesday;0.3624;0.36300000000000027;1.0;0.6363961030678926;0.8210142110917107;1.0;0.36300000000000027;12.0;1.0;1.0;0.36300000000000027;12.0;1.0;1.0;0.36300000000000027;12.0;1.0;Now
04:10:07 14/05/2020;Thursday;0.3626;0.36300000000000027;1.0;0.6363961030678926;0.8210142110917107;0.5597685185185185;0.36300000000000027;6.717222222222222;0.5597685185185185;1.0;0.36450000000000027;12.0;1.0;0.5597685185185185;0.36300000000000027;6.717222222222222;0.5597685185185185;Now
10:53:09 14/05/2020;Thursday;0.3652;0.36600000000000027;1.0;0.6340346993658941;0.7793035755860922;1.0;0.36600000000000027;12.0;1.0;1.0;0.36600000000000027;12.0;1.0;1.0;0.36600000000000027;12.0;1.0;Now
17:19:31 14/05/2020;Thursday;0.366;0.36600000000000027;1.0;0.6340346993658941;0.7793035755860922;0.47650462962962964;0.36600000000000027;5.718055555555556;0.47650462962962964;1.0;0.36650000000000027;12.0;1.0;1.0;0.36650000000000027;12.0;1.0;Now
23:02:36 14/05/2020;Thursday;0.3664;0.36700000000000027;1.0;0.6332456079595024;0.7653654658064027;1.0;0.36700000000000027;12.0;1.0;1.0;0.36700000000000027;12.0;1.0;1.0;0.36700000000000027;12.0;1.0;Now
12:44:55 15/05/2020;Friday;0.3666;0.36700000000000027;1.0;0.6332456079595024;0.7653654658064027;1.0;0.36700000000000027;12.0;1.0;1.0;0.36700000000000027;12.0;1.0;1.0;0.36700000000000027;12.0;1.0;Now
19:44:12 15/05/2020;Friday;0.3668;0.36700000000000027;1.0;0.6332456079595024;0.7653654658064027;1.0;0.36700000000000027;12.0;1.0;1.0;0.36700000000000027;12.0;1.0;1.0;0.36700000000000027;12.0;1.0;Now
01:19:43 16/05/2020;Saturday;0.3666;0.36700000000000027;1.0;0.6332456079595024;0.7653654658064027;1.0;0.36700000000000027;12.0;1.0;1.0;0.36700000000000027;12.0;1.0;1.0;0.36700000000000027;12.0;1.0;Now
08:44:57 16/05/2020;Saturday;0.3652;0.36700000000000027;1.0;0.6332456079595024;0.7653654658064027;1.0;0.36700000000000027;12.0;1.0;1.0;0.36650000000000027;12.0;1.0;1.0;0.36700000000000027;12.0;1.0;Now
15:27:48 16/05/2020;Saturday;0.3639;0.36600000000000027;1.0;0.6340346993658941;0.7793035755860922;1.0;0.36600000000000027;12.0;1.0;1.0;0.3646666666666669;12.0;1.0;1.0;0.36600000000000027;12.0;1.0;Now
22:10:09 16/05/2020;Saturday;0.3618;0.36400000000000027;1.0;0.6356099432828279;0.8071278839820106;1.0;0.36400000000000027;12.0;1.0;1.0;0.36333333333333356;12.0;1.0;1.0;0.36400000000000027;12.0;1.0;Now
03:12:14 17/05/2020;Sunday;0.3614;0.36400000000000027;1.0;0.6356099432828279;0.8071278839820106;1.0;0.36400000000000027;12.0;1.0;1.0;0.3626666666666669;12.0;1.0;1.0;0.36400000000000027;12.0;1.0;Now
08:14:10 17/05/2020;Sunday;0.3601;0.36200000000000027;1.0;0.6371812928829594;0.8348834051440693;1.0;0.36200000000000027;12.0;1.0;1.0;0.36166666666666697;12.0;1.0;1.0;0.36200000000000027;12.0;1.0;Now
13:24:42 17/05/2020;Sunday;0.3595;0.36200000000000027;1.0;0.6371812928829594;0.8348834051440693;1.0;0.36200000000000027;12.0;1.0;1.0;0.36150000000000027;12.0;1.0;1.0;0.36150000000000027;12.0;1.0;Now
18:51:48 17/05/2020;Sunday;0.3582;0.36100000000000027;1.0;0.6379655163094631;0.8487355293997297;1.0;0.36100000000000027;12.0;1.0;1.0;0.36000000000000026;12.0;1.0;1.0;0.36100000000000027;12.0;1.0;Now
01:34:40 18/05/2020;Monday;0.3578;0.35900000000000026;1.0;0.6395310782127791;0.8763888196251286;1.0;0.35900000000000026;12.0;1.0;1.0;0.3583333333333336;12.0;1.0;1.0;0.35900000000000026;12.0;1.0;Now
07:01:38 18/05/2020;Monday;0.357;0.35800000000000026;1.0;0.6403124237432847;0.8901901101877204;1.0;0.35800000000000026;12.0;1.0;1.0;0.35800000000000026;12.0;1.0;1.0;0.35800000000000026;12.0;1.0;Now
11:38:06 18/05/2020;Monday;0.3571;0.35800000000000026;1.0;0.6403124237432847;0.8901901101877204;0.9312268518518518;0.35800000000000026;11.174722222222222;0.9312268518518518;1.0;0.35850000000000026;12.0;1.0;0.9312268518518518;0.35800000000000026;11.174722222222222;0.9312268518518518;Now
22:48:35 18/05/2020;Monday;0.3583;0.35900000000000026;1.0;0.6395310782127791;0.8763888196251286;0.3965972222222222;0.35900000000000026;4.759166666666666;0.3965972222222222;1.0;0.35966666666666697;12.0;1.0;1.0;0.35950000000000026;12.0;1.0;Now
03:34:08 19/05/2020;Tuesday;0.3592;0.36000000000000026;1.0;0.6387487769068523;0.8625706467309865;1.0;0.36000000000000026;12.0;1.0;1.0;0.36000000000000026;12.0;1.0;1.0;0.36000000000000026;12.0;1.0;Now
10:41:35 19/05/2020;Tuesday;0.3593;0.36000000000000026;1.0;0.6387487769068523;0.8625706467309865;0.5127083333333333;0.36000000000000026;6.1525;0.5127083333333333;1.0;0.36050000000000026;12.0;1.0;1.0;0.36050000000000026;12.0;1.0;Now
14:17:53 19/05/2020;Tuesday;0.3593;0.36000000000000026;1.0;0.6387487769068523;0.8625706467309865;0.21229166666666666;0.36000000000000026;2.5475;0.21229166666666666;1.0;0.3606666666666669;12.0;1.0;1.0;0.36050000000000026;12.0;1.0;Now
16:50:44 19/05/2020;Tuesday;0.3604;0.36100000000000027;1.0;0.6379655163094631;0.8487355293997297;1.0;0.36100000000000027;12.0;1.0;1.0;0.36100000000000027;12.0;1.0;1.0;0.36100000000000027;12.0;1.0;Now
22:01:12 19/05/2020;Tuesday;0.3608;0.36100000000000027;1.0;0.6379655163094631;0.8487355293997297;0.6055324074074074;0.36100000000000027;7.266388888888889;0.6055324074074074;1.0;0.36150000000000027;12.0;1.0;0.6055324074074074;0.36100000000000027;7.266388888888889;0.6055324074074074;Now
05:17:11 20/05/2020;Wednesday;0.3614;0.36200000000000027;1.0;0.6371812928829594;0.8348834051440693;1.0;0.36200000000000027;12.0;1.0;1.0;0.36200000000000027;12.0;1.0;1.0;0.36200000000000027;12.0;1.0;Now
12:16:41 20/05/2020;Wednesday;0.3618;0.36200000000000027;1.0;0.6371812928829594;0.8348834051440693;0.6055324074074074;0.36200000000000027;7.266388888888889;0.6055324074074074;1.0;0.36250000000000027;12.0;1.0;0.6055324074074074;0.36200000000000027;7.266388888888889;0.6055324074074074;Now
19:32:40 20/05/2020;Wednesday;0.3627;0.36300000000000027;1.0;0.6363961030678926;0.8210142110917107;1.0;0.36300000000000027;12.0;1.0;1.0;0.36300000000000027;12.0;1.0;1.0;0.36300000000000027;12.0;1.0;Now
02:57:40 21/05/2020;Thursday;0.3628;0.36300000000000027;1.0;0.6363961030678926;0.8210142110917107;1.0;0.36300000000000027;12.0;1.0;1.0;0.36300000000000027;12.0;1.0;1.0;0.36300000000000027;12.0;1.0;Now
07:51:10 21/05/2020;Thursday;0.3619;0.36300000000000027;1.0;0.6363961030678926;0.8210142110917107;1.0;0.36300000000000027;12.0;1.0;1.0;0.36300000000000027;12.0;1.0;1.0;0.36300000000000027;12.0;1.0;Now
14:50:51 21/05/2020;Thursday;0.3622;0.36300000000000027;1.0;0.6363961030678926;0.8210142110917107;1.0;0.36300000000000027;12.0;1.0;1.0;0.36300000000000027;12.0;1.0;1.0;0.36300000000000027;12.0;1.0;Now
19:44:16 21/05/2020;Thursday;0.3626;0.36300000000000027;1.0;0.6363961030678926;0.8210142110917107;1.0;0.36300000000000027;12.0;1.0;1.0;0.36300000000000027;12.0;1.0;1.0;0.36300000000000027;12.0;1.0;Now
07:53:44 22/05/2020;Friday;0.363;0.36300000000000027;1.0;0.6363961030678926;0.8210142110917107;0.6055092592592592;0.36300000000000027;7.266111111111111;0.6055092592592592;1.0;0.36350000000000027;12.0;1.0;0.6055092592592592;0.36300000000000027;7.266111111111111;0.6055092592592592;Now
15:09:42 22/05/2020;Friday;0.3635;0.36400000000000027;1.0;0.6356099432828279;0.8071278839820106;0.8973148148148148;0.36400000000000027;10.767777777777777;0.8973148148148148;1.0;0.3643333333333336;12.0;1.0;0.8973148148148148;0.36400000000000027;10.767777777777777;0.8973148148148148;Now
20:53:58 22/05/2020;Friday;0.364;0.36400000000000027;1.0;0.6356099432828279;0.8071278839820106;0.4191666666666667;0.36400000000000027;5.03;0.4191666666666667;1.0;0.3646666666666669;12.0;1.0;0.4191666666666667;0.36400000000000027;5.03;0.4191666666666667;Now
01:55:46 23/05/2020;Saturday;0.3641;0.36500000000000027;1.0;0.634822809924155;0.7932243601626252;1.0;0.36500000000000027;12.0;1.0;1.0;0.36500000000000027;12.0;1.0;1.0;0.36500000000000027;12.0;1.0;Now
06:57:24 23/05/2020;Saturday;0.3649;0.36500000000000027;1.0;0.634822809924155;0.7932243601626252;1.0;0.36500000000000027;12.0;1.0;1.0;0.36500000000000027;12.0;1.0;1.0;0.36500000000000027;12.0;1.0;Now
12:24:37 23/05/2020;Saturday;0.3643;0.36500000000000027;1.0;0.634822809924155;0.7932243601626252;1.0;0.36500000000000027;12.0;1.0;1.0;0.36500000000000027;12.0;1.0;1.0;0.36500000000000027;12.0;1.0;Now
17:09:25 23/05/2020;Saturday;0.3641;0.36500000000000027;1.0;0.634822809924155;0.7932243601626252;1.0;0.36500000000000027;12.0;1.0;1.0;0.36500000000000027;12.0;1.0;1.0;0.36500000000000027;12.0;1.0;Now
22:28:24 23/05/2020;Saturday;0.3636;0.36500000000000027;1.0;0.634822809924155;0.7932243601626252;1.0;0.36500000000000027;12.0;1.0;1.0;0.36500000000000027;12.0;1.0;1.0;0.36500000000000027;12.0;1.0;Now
06:00:56 24/05/2020;Sunday;0.3642;0.36500000000000027;1.0;0.634822809924155;0.7932243601626252;1.0;0.36500000000000027;12.0;1.0;1.0;0.36500000000000027;12.0;1.0;1.0;0.36500000000000027;12.0;1.0;Now
11:10:57 24/05/2020;Sunday;0.3641;0.36500000000000027;1.0;0.634822809924155;0.7932243601626252;0.9087731481481481;0.36500000000000027;10.905277777777778;0.9087731481481481;1.0;0.36533333333333357;12.0;1.0;0.9087731481481481;0.36500000000000027;10.905277777777778;0.9087731481481481;Now
15:56:26 24/05/2020;Sunday;0.3645;0.36500000000000027;1.0;0.634822809924155;0.7932243601626252;0.5122685185185185;0.36500000000000027;6.147222222222222;0.5122685185185185;1.0;0.36550000000000027;12.0;1.0;0.5122685185185185;0.36500000000000027;6.147222222222222;0.5122685185185185;Now
22:05:16 24/05/2020;Sunday;0.3653;0.36600000000000027;1.0;0.6340346993658941;0.7793035755860922;1.0;0.36600000000000027;12.0;1.0;1.0;0.36600000000000027;12.0;1.0;1.0;0.36600000000000027;12.0;1.0;Now
04:22:35 25/05/2020;Monday;0.3654;0.36600000000000027;1.0;0.6340346993658941;0.7793035755860922;1.0;0.36600000000000027;12.0;1.0;1.0;0.36600000000000027;12.0;1.0;1.0;0.36600000000000027;12.0;1.0;Now
11:21:54 25/05/2020;Monday;0.3658;0.36600000000000027;1.0;0.6340346993658941;0.7793035755860922;1.0;0.36600000000000027;12.0;1.0;1.0;0.36600000000000027;12.0;1.0;1.0;0.36600000000000027;12.0;1.0;Now
16:57:22 25/05/2020;Monday;0.3659;0.36600000000000027;1.0;0.6340346993658941;0.7793035755860922;1.0;0.36600000000000027;12.0;1.0;1.0;0.36600000000000027;12.0;1.0;1.0;0.36600000000000027;12.0;1.0;Now
23:22:46 25/05/2020;Monday;0.365;0.36600000000000027;1.0;0.6340346993658941;0.7793035755860922;1.0;0.36600000000000027;12.0;1.0;1.0;0.36550000000000027;12.0;1.0;1.0;0.36600000000000027;12.0;1.0;Now
06:55:46 26/05/2020;Tuesday;0.3645;0.36500000000000027;1.0;0.634822809924155;0.7932243601626252;0.46585648148148145;0.36500000000000027;5.590277777777778;0.46585648148148145;1.0;0.36600000000000027;12.0;1.0;0.46585648148148145;0.36500000000000027;5.590277777777778;0.46585648148148145;Now
12:31:11 26/05/2020;Tuesday;0.3655;0.36600000000000027;1.0;0.6340346993658941;0.7793035755860922;0.4305555555555556;0.36600000000000027;5.166666666666667;0.4305555555555556;1.0;0.36650000000000027;12.0;1.0;1.0;0.36650000000000027;12.0;1.0;Now
17:41:11 26/05/2020;Tuesday;0.3664;0.36700000000000027;1.0;0.6332456079595024;0.7653654658064027;1.0;0.36700000000000027;12.0;1.0;1.0;0.36700000000000027;12.0;1.0;1.0;0.36700000000000027;12.0;1.0;Now
00:32:07 27/05/2020;Wednesday;0.3663;0.36700000000000027;1.0;0.6332456079595024;0.7653654658064027;1.0;0.36700000000000027;12.0;1.0;1.0;0.36700000000000027;12.0;1.0;1.0;0.36700000000000027;12.0;1.0;Now
07:31:24 27/05/2020;Wednesday;0.3658;0.36700000000000027;1.0;0.6332456079595024;0.7653654658064027;0.8961342592592593;0.36700000000000027;10.75361111111111;0.8961342592592593;1.0;0.36733333333333357;12.0;1.0;0.8961342592592593;0.36700000000000027;10.75361111111111;0.8961342592592593;Now
13:40:09 27/05/2020;Wednesday;0.3666;0.36700000000000027;1.0;0.6332456079595024;0.7653654658064027;0.3839814814814815;0.36700000000000027;4.607777777777778;0.3839814814814815;1.0;0.36800000000000027;12.0;1.0;0.8736574074074074;0.36750000000000027;10.483888888888888;0.8736574074074074;Now
18:16:37 27/05/2020;Wednesday;0.3675;0.36800000000000027;1.0;0.6324555320336757;0.7514099659755052;0.4896759259259259;0.36800000000000027;5.876111111111111;0.4896759259259259;1.0;0.36933333333333357;12.0;1.0;0.4896759259259259;0.36800000000000027;5.876111111111111;0.4896759259259259;Now
00:09:11 28/05/2020;Thursday;0.3689;0.36900000000000027;1.0;0.6316644678941501;0.737437010839799;0.4653703703703704;0.36900000000000027;5.584444444444444;0.4653703703703704;1.0;0.3703333333333336;12.0;1.0;0.4653703703703704;0.36900000000000027;5.584444444444444;0.4653703703703704;Now
05:44:15 28/05/2020;Thursday;0.3703;0.3710000000000003;1.0;0.6300793600809343;0.7094384715903713;0.9200925925925926;0.3710000000000003;11.04111111111111;0.9200925925925926;1.0;0.37133333333333357;12.0;1.0;0.9200925925925926;0.3710000000000003;11.04111111111111;0.9200925925925926;Now
11:03:12 28/05/2020;Thursday;0.371;0.3710000000000003;1.0;0.6300793600809343;0.7094384715903713;0.5403009259259259;0.3710000000000003;5.7252777777777775;0.4771064814814815;1.0;0.371666666666667;12.0;1.0;0.5403009259259259;0.3710000000000003;5.7252777777777775;0.4771064814814815;Now
16:46:43 28/05/2020;Thursday;0.372;0.3720000000000003;1.0;0.6292853089020907;0.695412754909431;1.0;0.3720000000000003;12.0;1.0;1.0;0.3720000000000003;12.0;1.0;1.0;0.3720000000000003;12.0;1.0;Now
22:17:42 28/05/2020;Thursday;0.371;0.3720000000000003;1.0;0.6292853089020907;0.695412754909431;1.0;0.3720000000000003;12.0;1.0;1.0;0.371666666666667;12.0;1.0;1.0;0.3720000000000003;12.0;1.0;Now
02:54:42 29/05/2020;Friday;0.3709;0.3720000000000003;1.0;0.6292853089020907;0.695412754909431;1.0;0.3720000000000003;12.0;1.0;1.0;0.37133333333333357;12.0;1.0;1.0;0.3720000000000003;12.0;1.0;Now
09:10:49 29/05/2020;Friday;0.3705;0.3710000000000003;1.0;0.6300793600809343;0.7094384715903713;1.0;0.3710000000000003;12.0;1.0;1.0;0.3710000000000003;12.0;1.0;1.0;0.3710000000000003;12.0;1.0;Now
13:56:14 29/05/2020;Friday;0.3694;0.3710000000000003;1.0;0.6300793600809343;0.7094384715903713;1.0;0.3710000000000003;12.0;1.0;1.0;0.3710000000000003;12.0;1.0;1.0;0.3710000000000003;12.0;1.0;Now
21:12:13 29/05/2020;Friday;0.3707;0.3710000000000003;1.0;0.6300793600809343;0.7094384715903713;1.0;0.3710000000000003;12.0;1.0;1.0;0.3710000000000003;12.0;1.0;1.0;0.3710000000000003;12.0;1.0;Now
04:37:01 30/05/2020;Saturday;0.3709;0.3710000000000003;1.0;0.6300793600809343;0.7094384715903713;1.0;0.3710000000000003;12.0;1.0;1.0;0.3710000000000003;12.0;1.0;1.0;0.3710000000000003;12.0;1.0;Now
11:52:42 30/05/2020;Saturday;0.3684;0.3710000000000003;1.0;0.6300793600809343;0.7094384715903713;1.0;0.3710000000000003;12.0;1.0;1.0;0.3700000000000003;12.0;1.0;1.0;0.3710000000000003;12.0;1.0;Now
19:00:43 30/05/2020;Saturday;0.3663;0.36900000000000027;1.0;0.6316644678941501;0.737437010839799;1.0;0.36900000000000027;12.0;1.0;1.0;0.367666666666667;12.0;1.0;1.0;0.36900000000000027;12.0;1.0;Now
01:26:46 31/05/2020;Sunday;0.3649;0.36700000000000027;1.0;0.6332456079595024;0.7653654658064027;1.0;0.36700000000000027;12.0;1.0;1.0;0.3663333333333336;12.0;1.0;1.0;0.36700000000000027;12.0;1.0;Now
06:45:11 31/05/2020;Sunday;0.3639;0.36700000000000027;1.0;0.6332456079595024;0.7653654658064027;1.0;0.36700000000000027;12.0;1.0;1.0;0.36550000000000027;12.0;1.0;1.0;0.36700000000000027;12.0;1.0;Now
13:10:41 31/05/2020;Sunday;0.3641;0.36500000000000027;1.0;0.634822809924155;0.7932243601626252;1.0;0.36500000000000027;12.0;1.0;1.0;0.36500000000000027;12.0;1.0;1.0;0.36500000000000027;12.0;1.0;Now
18:38:22 31/05/2020;Sunday;0.3646;0.36500000000000027;1.0;0.634822809924155;0.7932243601626252;0.9080787037037037;0.36500000000000027;10.896944444444445;0.9080787037037037;1.0;0.3652500000000003;12.0;1.0;0.9080787037037037;0.36500000000000027;10.896944444444445;0.9080787037037037;Now
18:38:22 31/05/2020;Sunday;0.3646;0.36500000000000027;1.0;0.634822809924155;0.7932243601626252;0.9080787037037037;0.36500000000000027;10.896944444444445;0.9080787037037037;1.0;0.36533333333333357;12.0;1.0;0.9080787037037037;0.36500000000000027;10.896944444444445;0.9080787037037037;Now
00:38:43 01/06/2020;Monday;0.365;0.36500000000000027;1.0;0.634822809924155;0.7932243601626252;0.6152546296296296;0.36500000000000027;4.891111111111111;0.4075925925925926;1.0;0.365666666666667;12.0;1.0;0.6152546296296296;0.36500000000000027;4.891111111111111;0.4075925925925926;Now
05:32:11 01/06/2020;Monday;0.3651;0.36600000000000027;1.0;0.6340346993658941;0.7793035755860922;1.0;0.36600000000000027;12.0;1.0;1.0;0.36600000000000027;12.0;1.0;1.0;0.36600000000000027;12.0;1.0;Now
10:09:12 01/06/2020;Monday;0.3646;0.36600000000000027;1.0;0.6340346993658941;0.7793035755860922;0.9784722222222222;0.36600000000000027;11.741666666666667;0.9784722222222222;1.0;0.3663333333333336;12.0;1.0;0.9784722222222222;0.36600000000000027;11.741666666666667;0.9784722222222222;Now
15:19:11 01/06/2020;Monday;0.3652;0.36600000000000027;1.0;0.6340346993658941;0.7793035755860922;0.5479398148148148;0.36600000000000027;6.575277777777778;0.5479398148148148;1.0;0.36650000000000027;12.0;1.0;0.5479398148148148;0.36600000000000027;6.575277777777778;0.5479398148148148;Now
21:53:42 01/06/2020;Monday;0.3664;0.36700000000000027;1.0;0.6332456079595024;0.7653654658064027;0.46597222222222223;0.36700000000000027;5.591666666666667;0.46597222222222223;1.0;0.3683333333333336;12.0;1.0;0.46597222222222223;0.36700000000000027;5.591666666666667;0.46597222222222223;Now
03:29:12 02/06/2020;Tuesday;0.3687;0.36900000000000027;1.0;0.6316644678941501;0.737437010839799;1.0;0.36900000000000027;12.0;1.0;1.0;0.36900000000000027;12.0;1.0;1.0;0.36900000000000027;12.0;1.0;Now
05:56:21 02/06/2020;Tuesday;0.3687;0.36900000000000027;1.0;0.6316644678941501;0.737437010839799;1.0;0.36900000000000027;12.0;1.0;1.0;0.36900000000000027;12.0;1.0;1.0;0.36900000000000027;12.0;1.0;Now
09:55:09 02/06/2020;Tuesday;0.3679;0.36900000000000027;1.0;0.6316644678941501;0.737437010839799;1.0;0.36900000000000027;12.0;1.0;1.0;0.36900000000000027;12.0;1.0;1.0;0.36900000000000027;12.0;1.0;Now
17:02:40 02/06/2020;Tuesday;0.3678;0.36900000000000027;1.0;0.6316644678941501;0.737437010839799;0.4309027777777778;0.36900000000000027;5.170833333333333;0.4309027777777778;1.0;0.3710000000000003;12.0;1.0;0.4309027777777778;0.36900000000000027;5.170833333333333;0.4309027777777778;Now
17:09:57 02/06/2020;Tuesday;0.3678;0.36900000000000027;1.0;0.6316644678941501;0.737437010839799;0.420787037037037;0.36900000000000027;5.049444444444444;0.420787037037037;1.0;0.371666666666667;12.0;1.0;0.420787037037037;0.36900000000000027;5.049444444444444;0.420787037037037;Now
22:12:55 02/06/2020;Tuesday;0.3724;0.3730000000000003;1.0;0.6284902544988266;0.6813693177819209;1.0;0.3730000000000003;12.0;1.0;1.0;0.3730000000000003;12.0;1.0;1.0;0.3730000000000003;12.0;1.0;Now
03:07:01 03/06/2020;Wednesday;0.3714;0.3730000000000003;1.0;0.6284902544988266;0.6813693177819209;1.0;0.3730000000000003;12.0;1.0;1.0;0.3730000000000003;12.0;1.0;1.0;0.3730000000000003;12.0;1.0;Now
08:59:25 03/06/2020;Wednesday;0.3711;0.3730000000000003;1.0;0.6284902544988266;0.6813693177819209;1.0;0.3730000000000003;12.0;1.0;1.0;0.3725000000000003;12.0;1.0;1.0;0.3730000000000003;12.0;1.0;Now
15:33:57 03/06/2020;Wednesday;0.3699;0.3720000000000003;1.0;0.6292853089020907;0.695412754909431;1.0;0.3720000000000003;12.0;1.0;1.0;0.3710000000000003;12.0;1.0;1.0;0.3720000000000003;12.0;1.0;Now
22:08:27 03/06/2020;Wednesday;0.3684;0.3700000000000003;1.0;0.6308724118235;0.7234465347365644;1.0;0.3700000000000003;12.0;1.0;1.0;0.3700000000000003;12.0;1.0;1.0;0.3700000000000003;12.0;1.0;Now
10:34:54 04/06/2020;Thursday;0.3678;0.36800000000000027;1.0;0.6324555320336757;0.7514099659755052;1.0;0.36800000000000027;12.0;1.0;1.0;0.36800000000000027;12.0;1.0;1.0;0.36800000000000027;12.0;1.0;Now
15:45:26 04/06/2020;Thursday;0.3664;0.36800000000000027;1.0;0.6324555320336757;0.7514099659755052;1.0;0.36800000000000027;12.0;1.0;1.0;0.367666666666667;12.0;1.0;1.0;0.36800000000000027;12.0;1.0;Now
21:38:00 04/06/2020;Thursday;0.3655;0.36800000000000027;1.0;0.6324555320336757;0.7514099659755052;1.0;0.36800000000000027;12.0;1.0;1.0;0.36700000000000027;12.0;1.0;1.0;0.36750000000000027;12.0;1.0;Now
03:22:21 05/06/2020;Friday;0.3653;0.36700000000000027;1.0;0.6332456079595024;0.7653654658064027;1.0;0.36700000000000027;12.0;1.0;1.0;0.36650000000000027;12.0;1.0;1.0;0.36700000000000027;12.0;1.0;Now
09:31:51 05/06/2020;Friday;0.3652;0.36600000000000027;1.0;0.6340346993658941;0.7793035755860922;1.0;0.36600000000000027;12.0;1.0;1.0;0.36600000000000027;12.0;1.0;1.0;0.36600000000000027;12.0;1.0;Now
16:23:21 05/06/2020;Friday;0.3644;0.36600000000000027;1.0;0.6340346993658941;0.7793035755860922;1.0;0.36600000000000027;12.0;1.0;1.0;0.36550000000000027;12.0;1.0;1.0;0.36550000000000027;12.0;1.0;Now
21:41:52 05/06/2020;Friday;0.365;0.36500000000000027;1.0;0.634822809924155;0.7932243601626252;1.0;0.36500000000000027;12.0;1.0;1.0;0.36500000000000027;12.0;1.0;1.0;0.36500000000000027;12.0;1.0;Now
04:24:51 06/06/2020;Saturday;0.3643;0.36500000000000027;1.0;0.634822809924155;0.7932243601626252;1.0;0.36500000000000027;12.0;1.0;1.0;0.36500000000000027;12.0;1.0;1.0;0.36500000000000027;12.0;1.0;Now
10:34:20 06/06/2020;Saturday;0.3642;0.36500000000000027;1.0;0.634822809924155;0.7932243601626252;1.0;0.36500000000000027;12.0;1.0;1.0;0.36500000000000027;12.0;1.0;1.0;0.36500000000000027;12.0;1.0;Now
15:36:21 06/06/2020;Saturday;0.3636;0.36500000000000027;1.0;0.634822809924155;0.7932243601626252;1.0;0.36500000000000027;12.0;1.0;1.0;0.36500000000000027;12.0;1.0;1.0;0.36500000000000027;12.0;1.0;Now
20:29:51 06/06/2020;Saturday;0.3631;0.36500000000000027;1.0;0.634822809924155;0.7932243601626252;1.0;0.36500000000000027;12.0;1.0;1.0;0.36450000000000027;12.0;1.0;1.0;0.36500000000000027;12.0;1.0;Now
03:46:51 07/06/2020;Sunday;0.3628;0.36400000000000027;1.0;0.6356099432828279;0.8071278839820106;1.0;0.36400000000000027;12.0;1.0;1.0;0.36366666666666697;12.0;1.0;1.0;0.36400000000000027;12.0;1.0;Now
09:39:32 07/06/2020;Sunday;0.3627;0.36300000000000027;1.0;0.6363961030678926;0.8210142110917107;0.384537037037037;0.36300000000000027;4.614444444444445;0.384537037037037;1.0;0.36400000000000027;12.0;1.0;0.8041203703703703;0.36350000000000027;9.649444444444445;0.8041203703703703;Now
14:16:24 07/06/2020;Sunday;0.3631;0.36400000000000027;1.0;0.6356099432828279;0.8071278839820106;0.4195833333333333;0.36400000000000027;5.035;0.4195833333333333;1.0;0.3646666666666669;12.0;1.0;0.4195833333333333;0.36400000000000027;5.035;0.4195833333333333;Now
19:18:30 07/06/2020;Sunday;0.3642;0.36500000000000027;1.0;0.634822809924155;0.7932243601626252;1.0;0.36500000000000027;12.0;1.0;1.0;0.36500000000000027;12.0;1.0;1.0;0.36500000000000027;12.0;1.0;Now
00:54:30 08/06/2020;Monday;0.3647;0.36500000000000027;1.0;0.634822809924155;0.7932243601626252;1.0;0.36500000000000027;12.0;1.0;1.0;0.36500000000000027;12.0;1.0;1.0;0.36500000000000027;12.0;1.0;Now
05:47:54 08/06/2020;Monday;0.3645;0.36500000000000027;1.0;0.634822809924155;0.7932243601626252;1.0;0.36500000000000027;12.0;1.0;1.0;0.36500000000000027;12.0;1.0;1.0;0.36500000000000027;12.0;1.0;Now
10:58:50 08/06/2020;Monday;0.3637;0.36500000000000027;1.0;0.634822809924155;0.7932243601626252;1.0;0.36500000000000027;12.0;1.0;1.0;0.36500000000000027;12.0;1.0;1.0;0.36500000000000027;12.0;1.0;Now
17:24:55 08/06/2020;Monday;0.3645;0.36500000000000027;1.0;0.634822809924155;0.7932243601626252;1.0;0.36500000000000027;12.0;1.0;1.0;0.36500000000000027;12.0;1.0;1.0;0.36500000000000027;12.0;1.0;Now
00:49:59 09/06/2020;Tuesday;0.3643;0.36500000000000027;1.0;0.634822809924155;0.7932243601626252;1.0;0.36500000000000027;12.0;1.0;1.0;0.36500000000000027;12.0;1.0;1.0;0.36500000000000027;12.0;1.0;Now
06:00:21 09/06/2020;Tuesday;0.3646;0.36500000000000027;1.0;0.634822809924155;0.7932243601626252;1.0;0.36500000000000027;12.0;1.0;1.0;0.36500000000000027;12.0;1.0;1.0;0.36500000000000027;12.0;1.0;Now
10:37:21 09/06/2020;Tuesday;0.3634;0.36500000000000027;1.0;0.634822809924155;0.7932243601626252;1.0;0.36500000000000027;12.0;1.0;1.0;0.36450000000000027;12.0;1.0;1.0;0.36500000000000027;12.0;1.0;Now
18:02:30 09/06/2020;Tuesday;0.363;0.36400000000000027;1.0;0.6356099432828279;0.8071278839820106;1.0;0.36400000000000027;12.0;1.0;1.0;0.36400000000000027;12.0;1.0;1.0;0.36400000000000027;12.0;1.0;Now
01:18:56 10/06/2020;Wednesday;0.3634;0.36400000000000027;1.0;0.6356099432828279;0.8071278839820106;1.0;0.36400000000000027;12.0;1.0;1.0;0.36400000000000027;12.0;1.0;1.0;0.36400000000000027;12.0;1.0;Now
06:46:23 10/06/2020;Wednesday;0.3638;0.36400000000000027;1.0;0.6356099432828279;0.8071278839820106;1.0;0.36400000000000027;12.0;1.0;1.0;0.36400000000000027;12.0;1.0;1.0;0.36400000000000027;12.0;1.0;Now
11:57:02 10/06/2020;Wednesday;0.3639;0.36400000000000027;1.0;0.6356099432828279;0.8071278839820106;1.0;0.36400000000000027;12.0;1.0;1.0;0.36400000000000027;12.0;1.0;1.0;0.36400000000000027;12.0;1.0;Now
18:31:52 10/06/2020;Wednesday;0.3637;0.36400000000000027;1.0;0.6356099432828279;0.8071278839820106;1.0;0.36400000000000027;12.0;1.0;1.0;0.36400000000000027;12.0;1.0;1.0;0.36400000000000027;12.0;1.0;Now
00:44:58 11/06/2020;Thursday;0.3636;0.36400000000000027;1.0;0.6356099432828279;0.8071278839820106;1.0;0.36400000000000027;12.0;1.0;1.0;0.36400000000000027;12.0;1.0;1.0;0.36400000000000027;12.0;1.0;Now
07:10:58 11/06/2020;Thursday;0.3622;0.36400000000000027;1.0;0.6356099432828279;0.8071278839820106;1.0;0.36400000000000027;12.0;1.0;1.0;0.36400000000000027;12.0;1.0;1.0;0.36400000000000027;12.0;1.0;Now
19:46:48 11/06/2020;Thursday;0.362;0.36200000000000027;1.0;0.6371812928829594;0.8348834051440693;0.4904398148148148;0.36200000000000027;5.885277777777778;0.4904398148148148;1.0;0.36250000000000027;12.0;1.0;1.0;0.36250000000000027;12.0;1.0;Now
01:39:55 12/06/2020;Friday;0.3626;0.36300000000000027;1.0;0.6363961030678926;0.8210142110917107;0.6295601851851852;0.36300000000000027;7.554722222222222;0.6295601851851852;1.0;0.36350000000000027;12.0;1.0;0.6295601851851852;0.36300000000000027;7.554722222222222;0.6295601851851852;Now
09:13:12 12/06/2020;Friday;0.3632;0.36400000000000027;1.0;0.6356099432828279;0.8071278839820106;1.0;0.36400000000000027;12.0;1.0;1.0;0.36400000000000027;12.0;1.0;1.0;0.36400000000000027;12.0;1.0;Now
15:56:16 12/06/2020;Friday;0.3637;0.36400000000000027;1.0;0.6356099432828279;0.8071278839820106;0.8979861111111112;0.36400000000000027;10.775833333333333;0.8979861111111112;1.0;0.3643333333333336;12.0;1.0;0.8979861111111112;0.36400000000000027;10.775833333333333;0.8979861111111112;Now
20:49:41 12/06/2020;Friday;0.3635;0.36400000000000027;1.0;0.6356099432828279;0.8071278839820106;0.490462962962963;0.36400000000000027;5.885555555555555;0.490462962962963;1.0;0.3646666666666669;12.0;1.0;0.490462962962963;0.36400000000000027;5.885555555555555;0.490462962962963;Now
02:42:49 13/06/2020;Saturday;0.3642;0.36500000000000027;1.0;0.634822809924155;0.7932243601626252;1.0;0.36500000000000027;12.0;1.0;1.0;0.36500000000000027;12.0;1.0;1.0;0.36500000000000027;12.0;1.0;Now
07:45:12 13/06/2020;Saturday;0.3643;0.36500000000000027;1.0;0.634822809924155;0.7932243601626252;1.0;0.36500000000000027;12.0;1.0;1.0;0.36500000000000027;12.0;1.0;1.0;0.36500000000000027;12.0;1.0;Now
13:04:17 13/06/2020;Saturday;0.3641;0.36500000000000027;1.0;0.634822809924155;0.7932243601626252;1.0;0.36500000000000027;12.0;1.0;1.0;0.36500000000000027;12.0;1.0;1.0;0.36500000000000027;12.0;1.0;Now
09:04:44 14/06/2020;Sunday;0.3638;0.36400000000000027;1.0;0.6356099432828279;0.8071278839820106;1.0;0.36400000000000027;12.0;1.0;1.0;0.36400000000000027;12.0;1.0;1.0;0.36400000000000027;12.0;1.0;Now
13:58:43 14/06/2020;Sunday;0.3623;0.36400000000000027;1.0;0.6356099432828279;0.8071278839820106;1.0;0.36400000000000027;12.0;1.0;1.0;0.36400000000000027;12.0;1.0;1.0;0.36400000000000027;12.0;1.0;Now
19:34:58 14/06/2020;Sunday;0.3603;0.36400000000000027;1.0;0.6356099432828279;0.8071278839820106;1.0;0.36400000000000027;12.0;1.0;1.0;0.36250000000000027;12.0;1.0;1.0;0.36400000000000027;12.0;1.0;Now
02:01:04 15/06/2020;Monday;0.3595;0.36100000000000027;1.0;0.6379655163094631;0.8487355293997297;1.0;0.36100000000000027;12.0;1.0;1.0;0.36050000000000026;12.0;1.0;1.0;0.36100000000000027;12.0;1.0;Now
08:35:43 15/06/2020;Monday;0.3599;0.36000000000000026;1.0;0.6387487769068523;0.8625706467309865;1.0;0.36000000000000026;12.0;1.0;1.0;0.36000000000000026;12.0;1.0;1.0;0.36000000000000026;12.0;1.0;Now
20:29:14 15/06/2020;Monday;0.3594;0.36000000000000026;1.0;0.6387487769068523;0.8625706467309865;1.0;0.36000000000000026;12.0;1.0;1.0;0.36000000000000026;12.0;1.0;1.0;0.36000000000000026;12.0;1.0;Now
21:02:31 15/06/2020;Monday;0.3594;0.36000000000000026;1.0;0.6387487769068523;0.8625706467309865;1.0;0.36000000000000026;12.0;1.0;1.0;0.36000000000000026;12.0;1.0;1.0;0.36000000000000026;12.0;1.0;Now
03:36:54 16/06/2020;Tuesday;0.3593;0.36000000000000026;1.0;0.6387487769068523;0.8625706467309865;1.0;0.36000000000000026;12.0;1.0;1.0;0.36000000000000026;12.0;1.0;1.0;0.36000000000000026;12.0;1.0;Now
15:08:12 16/06/2020;Tuesday;0.36;0.36000000000000026;1.0;0.6387487769068523;0.8625706467309865;1.0;0.36000000000000026;12.0;1.0;1.0;0.36000000000000026;12.0;1.0;1.0;0.36000000000000026;12.0;1.0;Now
22:18:42 16/06/2020;Tuesday;0.3599;0.36000000000000026;1.0;0.6387487769068523;0.8625706467309865;1.0;0.36000000000000026;12.0;1.0;1.0;0.36000000000000026;12.0;1.0;1.0;0.36000000000000026;12.0;1.0;Now
03:29:53 17/06/2020;Wednesday;0.3596;0.36000000000000026;1.0;0.6387487769068523;0.8625706467309865;0.5831944444444445;0.36000000000000026;6.998333333333333;0.5831944444444445;1.0;0.3606666666666669;12.0;1.0;0.5831944444444445;0.36000000000000026;6.998333333333333;0.5831944444444445;Now
10:29:47 17/06/2020;Wednesday;0.361;0.36100000000000027;1.0;0.6379655163094631;0.8487355293997297;0.4549537037037037;0.36100000000000027;5.459444444444444;0.4549537037037037;1.0;0.36133333333333356;12.0;1.0;1.0;0.36150000000000027;12.0;1.0;Now
15:02:32 17/06/2020;Wednesday;0.361;0.36100000000000027;1.0;0.6379655163094631;0.8487355293997297;0.45296296296296296;0.36100000000000027;0.9136111111111112;0.07613425925925926;1.0;0.36166666666666697;12.0;1.0;1.0;0.36150000000000027;12.0;1.0;Now
15:57:21 17/06/2020;Wednesday;0.3613;0.36200000000000027;1.0;0.6371812928829594;0.8348834051440693;1.0;0.36200000000000027;12.0;1.0;1.0;0.36200000000000027;12.0;1.0;1.0;0.36200000000000027;12.0;1.0;Now
22:31:13 17/06/2020;Wednesday;0.3604;0.36200000000000027;1.0;0.6371812928829594;0.8348834051440693;1.0;0.36200000000000027;12.0;1.0;1.0;0.36150000000000027;12.0;1.0;1.0;0.36150000000000027;12.0;1.0;Now
04:07:32 18/06/2020;Thursday;0.36;0.36100000000000027;1.0;0.6379655163094631;0.8487355293997297;1.0;0.36100000000000027;12.0;1.0;1.0;0.36050000000000026;12.0;1.0;1.0;0.36100000000000027;12.0;1.0;Now
11:32:21 18/06/2020;Thursday;0.3596;0.36000000000000026;1.0;0.6387487769068523;0.8625706467309865;1.0;0.36000000000000026;12.0;1.0;1.0;0.36000000000000026;12.0;1.0;1.0;0.36000000000000026;12.0;1.0;Now
16:42:43 18/06/2020;Thursday;0.3593;0.36000000000000026;1.0;0.6387487769068523;0.8625706467309865;1.0;0.36000000000000026;12.0;1.0;1.0;0.36000000000000026;12.0;1.0;1.0;0.36000000000000026;12.0;1.0;Now
23:50:44 18/06/2020;Thursday;0.3599;0.36000000000000026;1.0;0.6387487769068523;0.8625706467309865;1.0;0.36000000000000026;12.0;1.0;1.0;0.36000000000000026;12.0;1.0;1.0;0.36000000000000026;12.0;1.0;Now
06:25:45 19/06/2020;Friday;0.3584;0.36000000000000026;1.0;0.6387487769068523;0.8625706467309865;1.0;0.36000000000000026;12.0;1.0;1.0;0.35950000000000026;12.0;1.0;1.0;0.36000000000000026;12.0;1.0;Now
13:50:44 19/06/2020;Friday;0.3588;0.35900000000000026;1.0;0.6395310782127791;0.8763888196251286;1.0;0.35900000000000026;12.0;1.0;1.0;0.35900000000000026;12.0;1.0;1.0;0.35900000000000026;12.0;1.0;Now
19:34:44 19/06/2020;Friday;0.3575;0.35900000000000026;1.0;0.6395310782127791;0.8763888196251286;1.0;0.35900000000000026;12.0;1.0;1.0;0.35850000000000026;12.0;1.0;1.0;0.35900000000000026;12.0;1.0;Now
03:08:14 20/06/2020;Saturday;0.3558;0.35800000000000026;1.0;0.6403124237432847;0.8901901101877204;1.0;0.35800000000000026;12.0;1.0;1.0;0.35733333333333356;12.0;1.0;1.0;0.35750000000000026;12.0;1.0;Now
08:27:14 20/06/2020;Saturday;0.3561;0.35700000000000026;1.0;0.641092816992984;0.9039745801458671;1.0;0.35700000000000026;12.0;1.0;1.0;0.35700000000000026;12.0;1.0;1.0;0.35700000000000026;12.0;1.0;Now
14:37:37 20/06/2020;Saturday;0.3567;0.35700000000000026;1.0;0.641092816992984;0.9039745801458671;0.570162037037037;0.35700000000000026;6.841944444444445;0.570162037037037;1.0;0.35750000000000026;12.0;1.0;0.570162037037037;0.35700000000000026;6.841944444444445;0.570162037037037;Now
21:28:08 20/06/2020;Saturday;0.3573;0.35800000000000026;1.0;0.6403124237432847;0.8901901101877204;1.0;0.35800000000000026;12.0;1.0;1.0;0.35800000000000026;12.0;1.0;1.0;0.35800000000000026;12.0;1.0;Now
10:12:26 21/06/2020;Sunday;0.3575;0.35800000000000026;1.0;0.6403124237432847;0.8901901101877204;1.0;0.35800000000000026;12.0;1.0;1.0;0.35800000000000026;12.0;1.0;1.0;0.35800000000000026;12.0;1.0;Now
14:49:10 21/06/2020;Sunday;0.3571;0.35800000000000026;1.0;0.6403124237432847;0.8901901101877204;1.0;0.35800000000000026;12.0;1.0;1.0;0.35800000000000026;12.0;1.0;1.0;0.35800000000000026;12.0;1.0;Now
19:42:40 21/06/2020;Sunday;0.3564;0.35800000000000026;1.0;0.6403124237432847;0.8901901101877204;1.0;0.35800000000000026;12.0;1.0;1.0;0.35766666666666697;12.0;1.0;1.0;0.35800000000000026;12.0;1.0;Now
01:35:06 22/06/2020;Monday;0.3563;0.35800000000000026;1.0;0.6403124237432847;0.8901901101877204;1.0;0.35800000000000026;12.0;1.0;1.0;0.35750000000000026;12.0;1.0;1.0;0.35750000000000026;12.0;1.0;Now
07:19:41 22/06/2020;Monday;0.3567;0.35700000000000026;1.0;0.641092816992984;0.9039745801458671;1.0;0.35700000000000026;12.0;1.0;1.0;0.35700000000000026;12.0;1.0;1.0;0.35700000000000026;12.0;1.0;Now
19:47:09 22/06/2020;Monday;0.3555;0.35600000000000026;1.0;0.6418722614352483;0.9177422908514321;0.9909259259259259;0.35600000000000026;11.891111111111112;0.9909259259259259;1.0;0.3563333333333336;12.0;1.0;0.9909259259259259;0.35600000000000026;11.891111111111112;0.9909259259259259;Now
00:32:42 23/06/2020;Tuesday;0.3554;0.35600000000000026;1.0;0.6418722614352483;0.9177422908514321;0.5943287037037037;0.35600000000000026;7.131944444444445;0.5943287037037037;1.0;0.35700000000000026;12.0;1.0;0.5943287037037037;0.35600000000000026;7.131944444444445;0.5943287037037037;Now
07:40:37 23/06/2020;Tuesday;0.3563;0.35700000000000026;1.0;0.641092816992984;0.9039745801458671;0.3972685185185185;0.35700000000000026;4.767222222222222;0.3972685185185185;1.0;0.35766666666666697;12.0;1.0;1.0;0.35750000000000026;12.0;1.0;Now
12:26:39 23/06/2020;Tuesday;0.3574;0.35800000000000026;1.0;0.6403124237432847;0.8901901101877204;1.0;0.35800000000000026;12.0;1.0;1.0;0.35800000000000026;12.0;1.0;1.0;0.35800000000000026;12.0;1.0;Now
18:54:38 23/06/2020;Tuesday;0.3577;0.35800000000000026;1.0;0.6403124237432847;0.8901901101877204;1.0;0.35800000000000026;12.0;1.0;1.0;0.35800000000000026;12.0;1.0;1.0;0.35800000000000026;12.0;1.0;Now
23:36:05 23/06/2020;Tuesday;0.3578;0.35800000000000026;1.0;0.6403124237432847;0.8901901101877204;1.0;0.35800000000000026;12.0;1.0;1.0;0.35800000000000026;12.0;1.0;1.0;0.35800000000000026;12.0;1.0;Now
04:47:04 24/06/2020;Wednesday;0.3576;0.35800000000000026;1.0;0.6403124237432847;0.8901901101877204;1.0;0.35800000000000026;12.0;1.0;1.0;0.35800000000000026;12.0;1.0;1.0;0.35800000000000026;12.0;1.0;Now
12:12:04 24/06/2020;Wednesday;0.3564;0.35800000000000026;1.0;0.6403124237432847;0.8901901101877204;1.0;0.35800000000000026;12.0;1.0;1.0;0.35750000000000026;12.0;1.0;1.0;0.35800000000000026;12.0;1.0;Now
18:47:05 24/06/2020;Wednesday;0.3567;0.35700000000000026;1.0;0.641092816992984;0.9039745801458671;1.0;0.35700000000000026;12.0;1.0;1.0;0.35700000000000026;12.0;1.0;1.0;0.35700000000000026;12.0;1.0;Now
06:49:04 25/06/2020;Thursday;0.3572;0.35800000000000026;1.0;0.6403124237432847;0.8901901101877204;1.0;0.35800000000000026;12.0;1.0;1.0;0.35800000000000026;12.0;1.0;1.0;0.35800000000000026;12.0;1.0;Now
11:43:05 25/06/2020;Thursday;0.3568;0.35800000000000026;1.0;0.6403124237432847;0.8901901101877204;1.0;0.35800000000000026;12.0;1.0;1.0;0.35800000000000026;12.0;1.0;1.0;0.35800000000000026;12.0;1.0;Now
17:44:35 25/06/2020;Thursday;0.3558;0.35800000000000026;1.0;0.6403124237432847;0.8901901101877204;1.0;0.35800000000000026;12.0;1.0;1.0;0.35700000000000026;12.0;1.0;1.0;0.35800000000000026;12.0;1.0;Now
00:44:05 26/06/2020;Friday;0.3552;0.35600000000000026;1.0;0.6418722614352483;0.9177422908514321;1.0;0.35600000000000026;12.0;1.0;1.0;0.35600000000000026;12.0;1.0;1.0;0.35600000000000026;12.0;1.0;Now
08:09:33 26/06/2020;Friday;0.3547;0.35600000000000026;1.0;0.6418722614352483;0.9177422908514321;1.0;0.35600000000000026;12.0;1.0;1.0;0.35550000000000026;12.0;1.0;1.0;0.35600000000000026;12.0;1.0;Now
14:19:05 26/06/2020;Friday;0.3548;0.35500000000000026;1.0;0.6426507605223849;0.9314933032842185;1.0;0.35500000000000026;12.0;1.0;1.0;0.35500000000000026;12.0;1.0;1.0;0.35500000000000026;12.0;1.0;Now
21:02:03 26/06/2020;Friday;0.3549;0.35500000000000026;1.0;0.6426507605223849;0.9314933032842185;1.0;0.35500000000000026;12.0;1.0;1.0;0.35500000000000026;12.0;1.0;1.0;0.35500000000000026;12.0;1.0;Now
03:20:04 27/06/2020;Saturday;0.3542;0.35500000000000026;1.0;0.6426507605223849;0.9314933032842185;1.0;0.35500000000000026;12.0;1.0;1.0;0.35500000000000026;12.0;1.0;1.0;0.35500000000000026;12.0;1.0;Now
10:36:33 27/06/2020;Saturday;0.3545;0.35500000000000026;1.0;0.6426507605223849;0.9314933032842185;1.0;0.35500000000000026;12.0;1.0;1.0;0.35500000000000026;12.0;1.0;1.0;0.35500000000000026;12.0;1.0;Now
17:36:33 27/06/2020;Saturday;0.3547;0.35500000000000026;1.0;0.6426507605223849;0.9314933032842185;0.5840740740740741;0.35500000000000026;7.0088888888888885;0.5840740740740741;1.0;0.35550000000000026;12.0;1.0;0.5840740740740741;0.35500000000000026;7.0088888888888885;0.5840740740740741;Now
00:37:05 28/06/2020;Sunday;0.3552;0.35600000000000026;1.0;0.6418722614352483;0.9177422908514321;1.0;0.35600000000000026;12.0;1.0;1.0;0.35600000000000026;12.0;1.0;1.0;0.35600000000000026;12.0;1.0;Now
12:39:08 28/06/2020;Sunday;0.356;0.35600000000000026;1.0;0.6418722614352483;0.9177422908514321;0.5825694444444445;0.35600000000000026;6.990833333333334;0.5825694444444445;1.0;0.35650000000000026;12.0;1.0;0.5825694444444445;0.35600000000000026;6.990833333333334;0.5825694444444445;Now
19:38:35 28/06/2020;Sunday;0.3563;0.35700000000000026;1.0;0.641092816992984;0.9039745801458671;1.0;0.35700000000000026;12.0;1.0;1.0;0.35700000000000026;12.0;1.0;1.0;0.35700000000000026;12.0;1.0;Now
00:57:35 29/06/2020;Monday;0.3566;0.35700000000000026;1.0;0.641092816992984;0.9039745801458671;1.0;0.35700000000000026;12.0;1.0;1.0;0.35700000000000026;12.0;1.0;1.0;0.35700000000000026;12.0;1.0;Now
11:19:05 29/06/2020;Monday;0.3555;0.35700000000000026;1.0;0.641092816992984;0.9039745801458671;1.0;0.35700000000000026;12.0;1.0;1.0;0.35700000000000026;12.0;1.0;1.0;0.35700000000000026;12.0;1.0;Now
16:30:05 29/06/2020;Monday;0.3561;0.35700000000000026;1.0;0.641092816992984;0.9039745801458671;1.0;0.35700000000000026;12.0;1.0;1.0;0.35700000000000026;12.0;1.0;1.0;0.35700000000000026;12.0;1.0;Now
05:02:34 30/06/2020;Tuesday;0.3564;0.35700000000000026;1.0;0.641092816992984;0.9039745801458671;1.0;0.35700000000000026;12.0;1.0;1.0;0.35700000000000026;12.0;1.0;1.0;0.35700000000000026;12.0;1.0;Now
12:11:07 30/06/2020;Tuesday;0.3563;0.35700000000000026;1.0;0.641092816992984;0.9039745801458671;;;;;;;;;;;;;Now
16:56:37 30/06/2020;Tuesday;0.3557;0.35700000000000026;1.0;0.641092816992984;0.9039745801458671;;;;;;;;;;;;;Now
22:43:04 30/06/2020;Tuesday;0.3558;0.35700000000000026;1.0;0.641092816992984;0.9039745801458671;;;;;;;;;;;;;Now
