22:43:04 30/06/2020;0.3558;;;;;;;
05:59:34 01/07/2020;0.3563;;;;;;;
12:42:36 01/07/2020;0.3566;0.35700000000000026;1.0;0.641092816992984;0.35700000000000026;10.495;0.35700000000000026;10.495
23:12:18 01/07/2020;0.3572;0.35800000000000026;1.0;0.6403124237432847;0.35800000000000026;12.0;0.35800000000000026;12.0
03:57:24 02/07/2020;0.357;0.35800000000000026;1.0;0.6403124237432847;0.35800000000000026;12.0;0.35800000000000026;12.0
10:40:10 02/07/2020;0.3567;0.35800000000000026;1.0;0.6403124237432847;0.35800000000000026;12.0;0.35800000000000026;12.0
15:33:40 02/07/2020;0.3573;0.35800000000000026;1.0;0.6403124237432847;0.35800000000000026;10.218055555555555;0.35800000000000026;10.218055555555555
20:44:11 02/07/2020;0.3579;0.35800000000000026;1.0;0.6403124237432847;0.35800000000000026;5.042777777777777;0.3583333333333336;10.218333333333334
21:07:57 02/07/2020;0.3579;0.35800000000000026;1.0;0.6403124237432847;0.35800000000000026;4.6466666666666665;0.35850000000000026;9.822222222222223
01:46:45 03/07/2020;0.3583;0.35900000000000026;1.0;0.6395310782127791;0.35900000000000026;5.1755555555555555;0.35900000000000026;5.1755555555555555
06:57:17 03/07/2020;0.3593;0.36000000000000026;1.0;0.6387487769068523;0.36000000000000026;12.0;0.36000000000000026;12.0
12:24:30 03/07/2020;0.3595;0.36000000000000026;1.0;0.6387487769068523;0.36000000000000026;12.0;0.36000000000000026;12.0
17:35:02 03/07/2020;0.3577;0.36000000000000026;1.0;0.6387487769068523;0.36000000000000026;12.0;0.36000000000000026;12.0
22:54:09 03/07/2020;0.3554;0.36000000000000026;1.0;0.6387487769068523;0.36000000000000026;12.0;0.36000000000000026;12.0
05:28:26 04/07/2020;0.3545;0.35800000000000026;1.0;0.6403124237432847;0.35800000000000026;12.0;0.35800000000000026;12.0
12:27:56 04/07/2020;0.3539;0.35500000000000026;1.0;0.6426507605223849;0.35500000000000026;12.0;0.35500000000000026;12.0
18:37:18 04/07/2020;0.3534;0.35400000000000026;1.0;0.6434283176858163;0.35400000000000026;12.0;0.35400000000000026;12.0
01:36:54 05/07/2020;0.3525;0.35400000000000026;1.0;0.6434283176858163;0.35400000000000026;12.0;0.35400000000000026;12.0
07:29:30 05/07/2020;0.3522;0.35300000000000026;1.0;0.6442049363362561;0.35300000000000026;12.0;0.35300000000000026;12.0
12:21:56 05/07/2020;0.3522;0.35300000000000026;1.0;0.6442049363362561;0.35300000000000026;12.0;0.35300000000000026;12.0
12:23:14 05/07/2020;0.3511;0.35300000000000026;1.0;0.6442049363362561;0.35300000000000026;12.0;0.35300000000000026;12.0
19:05:43 05/07/2020;0.3497;0.35300000000000026;1.0;0.6442049363362561;0.35300000000000026;12.0;0.35300000000000026;12.0
01:15:16 06/07/2020;0.3484;0.35000000000000026;1.0;0.6465291950097843;0.35000000000000026;12.0;0.35000000000000026;12.0
06:50:45 06/07/2020;0.3473;0.35000000000000026;1.0;0.6465291950097843;0.35000000000000026;12.0;0.35000000000000026;12.0
14:15:15 06/07/2020;0.3469;0.34800000000000025;1.0;0.6480740698407859;0.34800000000000025;12.0;0.34800000000000025;12.0
20:58:15 06/07/2020;0.347;0.34700000000000025;1.0;0.6488451279003332;0.34700000000000025;6.016666666666667;0.34700000000000025;6.016666666666667
02:59:15 07/07/2020;0.3476;0.34800000000000025;1.0;0.6480740698407859;0.34800000000000025;12.0;0.34800000000000025;12.0
09:33:44 07/07/2020;0.3468;0.34800000000000025;1.0;0.6480740698407859;0.34800000000000025;12.0;0.34800000000000025;12.0
16:16:13 07/07/2020;0.3479;0.34800000000000025;1.0;0.6480740698407859;0.34800000000000025;12.0;0.34800000000000025;12.0
23:11:44 07/07/2020;0.3471;0.34800000000000025;1.0;0.6480740698407859;0.34800000000000025;11.310277777777777;0.34800000000000025;11.310277777777777
05:19:44 08/07/2020;0.3476;0.34800000000000025;1.0;0.6480740698407859;0.34800000000000025;5.176944444444445;0.34800000000000025;5.176944444444445
10:30:21 08/07/2020;0.3486;0.34900000000000025;1.0;0.6473020933072902;0.34900000000000025;12.0;0.34900000000000025;12.0
15:42:14 08/07/2020;0.3479;0.34900000000000025;1.0;0.6473020933072902;0.34900000000000025;12.0;0.34900000000000025;12.0
20:26:15 08/07/2020;0.3475;0.34900000000000025;1.0;0.6473020933072902;0.34900000000000025;12.0;0.34900000000000025;12.0
03:09:15 09/07/2020;0.3482;0.34900000000000025;1.0;0.6473020933072902;0.34900000000000025;12.0;0.34900000000000025;12.0
08:53:46 09/07/2020;0.347;0.34900000000000025;1.0;0.6473020933072902;0.34900000000000025;12.0;0.34900000000000025;12.0
14:29:37 09/07/2020;0.3468;0.34900000000000025;1.0;0.6473020933072902;0.34900000000000025;12.0;0.34900000000000025;12.0
21:54:30 09/07/2020;0.3474;0.34800000000000025;1.0;0.6480740698407859;0.34800000000000025;12.0;0.34800000000000025;12.0
03:30:00 10/07/2020;0.348;0.34800000000000025;1.0;0.6480740698407859;0.34800000000000025;12.0;0.34800000000000025;12.0
08:41:00 10/07/2020;0.3477;0.34800000000000025;1.0;0.6480740698407859;0.34800000000000025;11.467222222222222;0.34800000000000025;11.467222222222222
20:09:02 10/07/2020;0.3485;0.34900000000000025;1.0;0.6473020933072902;0.34900000000000025;4.6161111111111115;0.34950000000000025;10.071388888888889
00:46:00 11/07/2020;0.3494;0.35000000000000026;1.0;0.6465291950097843;0.35000000000000026;5.455277777777778;0.35050000000000026;12.0
06:13:19 11/07/2020;0.3505;0.35100000000000026;1.0;0.6457553716385175;0.35100000000000026;12.0;0.35100000000000026;12.0
12:14:16 11/07/2020;0.3509;0.35100000000000026;1.0;0.6457553716385175;0.35100000000000026;6.991388888888889;0.35100000000000026;6.991388888888889
19:13:45 11/07/2020;0.3512;0.35200000000000026;1.0;0.6449806198638838;0.35200000000000026;12.0;0.35200000000000026;12.0
02:21:46 12/07/2020;0.3513;0.35200000000000026;1.0;0.6449806198638838;0.35200000000000026;12.0;0.35200000000000026;12.0
09:46:46 12/07/2020;0.3506;0.35200000000000026;1.0;0.6449806198638838;0.35200000000000026;12.0;0.35200000000000026;12.0
15:47:18 12/07/2020;0.3499;0.35100000000000026;1.0;0.6457553716385175;0.35100000000000026;12.0;0.35100000000000026;12.0
03:49:38 13/07/2020;0.3497;0.35000000000000026;1.0;0.6465291950097843;0.35000000000000026;12.0;0.35000000000000026;12.0
16:24:27 13/07/2020;0.3495;0.35000000000000026;1.0;0.6465291950097843;0.35000000000000026;12.0;0.35000000000000026;12.0
23:24:27 13/07/2020;0.3497;0.35000000000000026;1.0;0.6465291950097843;0.35000000000000026;11.33388888888889;0.35000000000000026;11.33388888888889
05:16:59 14/07/2020;0.35;0.35000000000000026;1.0;0.6465291950097843;0.35000000000000026;5.458333333333333;0.35000000000000026;5.458333333333333
10:44:29 14/07/2020;0.3509;0.35100000000000026;1.0;0.6457553716385175;0.35100000000000026;12.0;0.35100000000000026;12.0
15:46:27 14/07/2020;0.3499;0.35100000000000026;1.0;0.6457553716385175;0.35100000000000026;12.0;0.35100000000000026;12.0
22:37:30 14/07/2020;0.3492;0.35100000000000026;1.0;0.6457553716385175;0.35100000000000026;12.0;0.35050000000000026;12.0
04:13:27 15/07/2020;0.3493;0.35000000000000026;1.0;0.6465291950097843;0.35000000000000026;12.0;0.35000000000000026;12.0
10:39:28 15/07/2020;0.3478;0.35000000000000026;1.0;0.6465291950097843;0.35000000000000026;12.0;0.35000000000000026;12.0
15:24:56 15/07/2020;0.348;0.35000000000000026;1.0;0.6465291950097843;0.35000000000000026;12.0;0.34950000000000025;12.0
20:35:31 15/07/2020;0.3484;0.34900000000000025;1.0;0.6473020933072902;0.34900000000000025;12.0;0.34900000000000025;12.0
03:26:57 16/07/2020;0.3489;0.34900000000000025;1.0;0.6473020933072902;0.34900000000000025;5.308611111111111;0.35000000000000026;12.0
08:45:28 16/07/2020;0.3507;0.35100000000000026;1.0;0.6457553716385175;0.35100000000000026;12.0;0.35100000000000026;12.0
16:10:27 16/07/2020;0.3499;0.35100000000000026;1.0;0.6457553716385175;0.35100000000000026;12.0;0.35100000000000026;12.0
21:46:20 16/07/2020;0.3502;0.35100000000000026;1.0;0.6457553716385175;0.35100000000000026;12.0;0.35100000000000026;12.0
03:22:20 17/07/2020;0.3501;0.35100000000000026;1.0;0.6457553716385175;0.35100000000000026;12.0;0.35100000000000026;12.0
09:23:21 17/07/2020;0.3487;0.35100000000000026;1.0;0.6457553716385175;0.35100000000000026;12.0;0.35100000000000026;12.0
14:58:51 17/07/2020;0.3482;0.35100000000000026;1.0;0.6457553716385175;0.35100000000000026;12.0;0.35100000000000026;12.0
22:15:50 17/07/2020;0.3492;0.35000000000000026;1.0;0.6465291950097843;0.35000000000000026;12.0;0.35000000000000026;12.0
03:09:21 18/07/2020;0.3499;0.35000000000000026;1.0;0.6465291950097843;0.35000000000000026;12.0;0.35000000000000026;12.0
09:35:54 18/07/2020;0.3497;0.35000000000000026;1.0;0.6465291950097843;0.35000000000000026;12.0;0.35000000000000026;12.0
15:36:52 18/07/2020;0.3487;0.35000000000000026;1.0;0.6465291950097843;0.35000000000000026;12.0;0.35000000000000026;12.0
21:38:13 18/07/2020;0.3482;0.34900000000000025;1.0;0.6473020933072902;0.34900000000000025;5.729166666666667;0.34950000000000025;12.0
03:21:58 19/07/2020;0.3491;0.35000000000000026;1.0;0.6465291950097843;0.35000000000000026;7.134722222222222;0.35000000000000026;7.134722222222222
10:30:03 19/07/2020;0.3513;0.35200000000000026;1.0;0.6449806198638838;0.35200000000000026;12.0;0.35200000000000026;12.0
15:23:53 19/07/2020;0.3507;0.35200000000000026;1.0;0.6449806198638838;0.35200000000000026;12.0;0.35200000000000026;12.0
22:40:25 19/07/2020;0.3506;0.35100000000000026;1.0;0.6457553716385175;0.35100000000000026;5.317222222222222;0.35150000000000026;12.0
03:59:27 20/07/2020;0.3513;0.35200000000000026;1.0;0.6449806198638838;0.35200000000000026;12.0;0.35200000000000026;12.0
10:25:57 20/07/2020;0.3507;0.35200000000000026;1.0;0.6449806198638838;0.35200000000000026;12.0;0.35200000000000026;12.0
17:00:28 20/07/2020;0.3498;0.35100000000000026;1.0;0.6457553716385175;0.35100000000000026;12.0;0.35050000000000026;12.0
22:55:59 20/07/2020;0.3497;0.35000000000000026;1.0;0.6465291950097843;0.35000000000000026;12.0;0.35000000000000026;12.0
05:22:27 21/07/2020;0.3496;0.35000000000000026;1.0;0.6465291950097843;0.35000000000000026;12.0;0.35000000000000026;12.0
12:48:31 21/07/2020;0.3477;0.35000000000000026;1.0;0.6465291950097843;0.35000000000000026;12.0;0.35000000000000026;12.0
17:36:50 21/07/2020;0.3476;0.34800000000000025;1.0;0.6480740698407859;0.34800000000000025;10.869722222222222;0.34800000000000025;10.869722222222222
22:19:06 21/07/2020;0.3479;0.34800000000000025;1.0;0.6480740698407859;0.34800000000000025;6.165277777777778;0.34800000000000025;6.165277777777778
04:29:01 22/07/2020;0.3487;0.34900000000000025;1.0;0.6473020933072902;0.34900000000000025;5.466944444444445;0.34950000000000025;12.0
09:57:02 22/07/2020;0.3499;0.35000000000000026;1.0;0.6465291950097843;0.35000000000000026;12.0;0.35000000000000026;12.0
15:58:40 22/07/2020;0.3498;0.35000000000000026;1.0;0.6465291950097843;0.35000000000000026;12.0;0.35000000000000026;12.0
21:43:31 22/07/2020;0.349;0.35000000000000026;1.0;0.6465291950097843;0.35000000000000026;12.0;0.35000000000000026;12.0
17:04:02 23/07/2020;0.3491;0.35000000000000026;1.0;0.6465291950097843;0.35000000000000026;7.432777777777778;0.35000000000000026;7.432777777777778
00:30:00 24/07/2020;0.3506;0.35100000000000026;1.0;0.6457553716385175;0.35100000000000026;7.570277777777778;0.35100000000000026;7.570277777777778
08:04:13 24/07/2020;0.3516;0.35200000000000026;1.0;0.6449806198638838;0.35200000000000026;5.455277777777778;0.35250000000000026;12.0
13:31:32 24/07/2020;0.3521;0.35300000000000026;1.0;0.6442049363362561;0.35300000000000026;12.0;0.35300000000000026;12.0
19:33:31 24/07/2020;0.3522;0.35300000000000026;1.0;0.6442049363362561;0.35300000000000026;12.0;0.35300000000000026;12.0
01:18:01 25/07/2020;0.353;0.35300000000000026;1.0;0.6442049363362561;0.35300000000000026;12.0;0.35300000000000026;12.0
13:30:03 25/07/2020;0.3535;0.35400000000000026;1.0;0.6434283176858163;0.35400000000000026;12.0;0.35400000000000026;12.0
19:31:32 25/07/2020;0.3536;0.35400000000000026;1.0;0.6434283176858163;0.35400000000000026;12.0;0.35400000000000026;12.0
01:33:07 26/07/2020;0.3538;0.35400000000000026;1.0;0.6434283176858163;0.35400000000000026;12.0;0.35400000000000026;12.0
06:44:07 26/07/2020;0.353;0.35400000000000026;1.0;0.6434283176858163;0.35400000000000026;12.0;0.35400000000000026;12.0
14:10:03 26/07/2020;0.3523;0.35300000000000026;1.0;0.6442049363362561;0.35300000000000026;12.0;0.35300000000000026;12.0
20:45:14 26/07/2020;0.3529;0.35300000000000026;1.0;0.6442049363362561;0.35300000000000026;6.588611111111111;0.35300000000000026;6.588611111111111
03:20:33 27/07/2020;0.3544;0.35500000000000026;1.0;0.6426507605223849;0.35500000000000026;5.05;0.35550000000000026;11.926944444444445
08:23:33 27/07/2020;0.3552;0.35600000000000026;1.0;0.6418722614352483;0.35600000000000026;6.876944444444445;0.35600000000000026;6.876944444444445
15:16:10 27/07/2020;0.3571;0.35800000000000026;1.0;0.6403124237432847;0.35800000000000026;10.376111111111111;0.35800000000000026;10.376111111111111
19:53:32 27/07/2020;0.3576;0.35800000000000026;1.0;0.6403124237432847;0.35800000000000026;5.753333333333333;0.35850000000000026;12.0
01:38:44 28/07/2020;0.359;0.35900000000000026;1.0;0.6395310782127791;0.35900000000000026;11.493333333333334;0.35900000000000026;11.493333333333334
08:05:45 28/07/2020;0.3586;0.35900000000000026;1.0;0.6395310782127791;0.35900000000000026;5.043055555555555;0.35950000000000026;12.0
13:08:20 28/07/2020;0.3595;0.36000000000000026;1.0;0.6387487769068523;0.36000000000000026;12.0;0.36000000000000026;12.0
20:12:45 28/07/2020;0.36;0.36000000000000026;1.0;0.6387487769068523;0.36000000000000026;6.725;0.36000000000000026;6.725
02:56:15 29/07/2020;0.3607;0.36100000000000027;1.0;0.6379655163094631;0.36100000000000027;7.434722222222222;0.36100000000000027;7.434722222222222
10:22:20 29/07/2020;0.3617;0.36200000000000027;1.0;0.6371812928829594;0.36200000000000027;12.0;0.36200000000000027;12.0
17:06:18 29/07/2020;0.3618;0.36200000000000027;1.0;0.6371812928829594;0.36200000000000027;12.0;0.36200000000000027;12.0
00:32:15 30/07/2020;0.3605;0.36200000000000027;1.0;0.6371812928829594;0.36200000000000027;12.0;0.36200000000000027;12.0
08:06:46 30/07/2020;0.3599;0.36100000000000027;1.0;0.6379655163094631;0.36100000000000027;12.0;0.36100000000000027;12.0
18:22:24 30/07/2020;0.3603;0.36100000000000027;1.0;0.6379655163094631;0.36100000000000027;12.0;0.36100000000000027;12.0
06:49:39 31/07/2020;0.3601;0.36100000000000027;1.0;0.6379655163094631;0.36100000000000027;12.0;0.36100000000000027;12.0
13:58:37 31/07/2020;0.3598;0.36100000000000027;1.0;0.6379655163094631;0.36100000000000027;12.0;0.36050000000000026;12.0
19:09:34 31/07/2020;0.3593;0.36000000000000026;1.0;0.6387487769068523;0.36000000000000026;12.0;0.36000000000000026;12.0
19:09:34 31/07/2020;0.3593;0.36000000000000026;1.0;0.6387487769068523;0.36000000000000026;12.0;0.36000000000000026;12.0
01:36:36 01/08/2020;0.3583;0.36000000000000026;1.0;0.6387487769068523;0.36000000000000026;12.0;0.36000000000000026;12.0
08:37:34 01/08/2020;0.3582;0.35900000000000026;1.0;0.6395310782127791;0.35900000000000026;12.0;0.35900000000000026;12.0
15:21:08 01/08/2020;0.3577;0.35900000000000026;1.0;0.6395310782127791;0.35900000000000026;12.0;0.35900000000000026;12.0
20:57:51 01/08/2020;0.3574;0.35800000000000026;1.0;0.6403124237432847;0.35800000000000026;12.0;0.35800000000000026;12.0
02:34:04 02/08/2020;0.3567;0.35800000000000026;1.0;0.6403124237432847;0.35800000000000026;12.0;0.35800000000000026;12.0
09:34:36 02/08/2020;0.3564;0.35700000000000026;1.0;0.641092816992984;0.35700000000000026;12.0;0.35700000000000026;12.0
15:28:05 02/08/2020;0.3565;0.35700000000000026;1.0;0.641092816992984;0.35700000000000026;12.0;0.35700000000000026;12.0
20:47:33 02/08/2020;0.3561;0.35700000000000026;1.0;0.641092816992984;0.35700000000000026;12.0;0.35700000000000026;12.0
02:49:03 03/08/2020;0.3558;0.35700000000000026;1.0;0.641092816992984;0.35700000000000026;12.0;0.35700000000000026;12.0
09:41:39 03/08/2020;0.3562;0.35700000000000026;1.0;0.641092816992984;0.35700000000000026;12.0;0.35700000000000026;12.0
14:52:36 03/08/2020;0.3558;0.35700000000000026;1.0;0.641092816992984;0.35700000000000026;12.0;0.35700000000000026;12.0
20:54:39 03/08/2020;0.3538;0.35700000000000026;1.0;0.641092816992984;0.35700000000000026;12.0;0.35650000000000026;12.0
01:49:03 04/08/2020;0.3537;0.35600000000000026;1.0;0.6418722614352483;0.35600000000000026;12.0;0.35600000000000026;12.0
08:24:35 04/08/2020;0.3542;0.35500000000000026;1.0;0.6426507605223849;0.35500000000000026;12.0;0.35500000000000026;12.0
14:18:03 04/08/2020;0.3543;0.35500000000000026;1.0;0.6426507605223849;0.35500000000000026;12.0;0.35500000000000026;12.0
20:11:35 04/08/2020;0.3539;0.35500000000000026;1.0;0.6426507605223849;0.35500000000000026;12.0;0.35500000000000026;12.0
03:03:34 05/08/2020;0.3532;0.35400000000000026;1.0;0.6434283176858163;0.35400000000000026;12.0;0.35400000000000026;12.0
08:31:43 05/08/2020;0.353;0.35400000000000026;1.0;0.6434283176858163;0.35400000000000026;12.0;0.35400000000000026;12.0
15:40:34 05/08/2020;0.3532;0.35400000000000026;1.0;0.6434283176858163;0.35400000000000026;11.636666666666667;0.35400000000000026;11.636666666666667
20:51:34 05/08/2020;0.3538;0.35400000000000026;1.0;0.6434283176858163;0.35400000000000026;6.453333333333333;0.35400000000000026;6.453333333333333
03:18:46 06/08/2020;0.3542;0.35500000000000026;1.0;0.6426507605223849;0.35500000000000026;6.4494444444444445;0.35500000000000026;6.4494444444444445
09:45:44 06/08/2020;0.3553;0.35600000000000026;1.0;0.6418722614352483;0.35600000000000026;7.566944444444444;0.35600000000000026;7.566944444444444
17:19:45 06/08/2020;0.3564;0.35700000000000026;1.0;0.641092816992984;0.35700000000000026;12.0;0.35700000000000026;12.0
23:12:49 06/08/2020;0.3559;0.35700000000000026;1.0;0.641092816992984;0.35700000000000026;12.0;0.35700000000000026;12.0
04:24:15 07/08/2020;0.3554;0.35700000000000026;1.0;0.641092816992984;0.35700000000000026;12.0;0.35700000000000026;12.0
11:24:44 07/08/2020;0.3558;0.35600000000000026;1.0;0.6418722614352483;0.35600000000000026;6.870833333333334;0.35600000000000026;6.870833333333334
18:16:59 07/08/2020;0.3575;0.35800000000000026;1.0;0.6403124237432847;0.35800000000000026;12.0;0.35800000000000026;12.0
00:09:58 08/08/2020;0.3578;0.35800000000000026;1.0;0.6403124237432847;0.35800000000000026;12.0;0.35800000000000026;12.0
05:12:56 08/08/2020;0.3573;0.35800000000000026;1.0;0.6403124237432847;0.35800000000000026;12.0;0.35800000000000026;12.0
12:29:58 08/08/2020;0.3577;0.35800000000000026;1.0;0.6403124237432847;0.35800000000000026;6.173333333333333;0.35800000000000026;6.173333333333333
18:40:22 08/08/2020;0.3582;0.35900000000000026;1.0;0.6395310782127791;0.35900000000000026;12.0;0.35900000000000026;12.0
01:32:04 09/08/2020;0.3587;0.35900000000000026;1.0;0.6395310782127791;0.35900000000000026;6.167222222222223;0.35900000000000026;6.167222222222223
07:42:06 09/08/2020;0.36;0.36000000000000026;1.0;0.6387487769068523;0.36000000000000026;12.0;0.36000000000000026;12.0
12:53:50 09/08/2020;0.3597;0.36000000000000026;1.0;0.6387487769068523;0.36000000000000026;12.0;0.36000000000000026;12.0
19:20:30 09/08/2020;0.3596;0.36000000000000026;1.0;0.6387487769068523;0.36000000000000026;12.0;0.36000000000000026;12.0
01:21:46 10/08/2020;0.3588;0.36000000000000026;1.0;0.6387487769068523;0.36000000000000026;12.0;0.36000000000000026;12.0
06:50:00 10/08/2020;0.358;0.36000000000000026;1.0;0.6387487769068523;0.36000000000000026;12.0;0.36000000000000026;12.0
12:51:16 10/08/2020;0.3563;0.35900000000000026;1.0;0.6395310782127791;0.35900000000000026;12.0;0.35900000000000026;12.0
19:25:17 10/08/2020;0.3569;0.35700000000000026;1.0;0.641092816992984;0.35700000000000026;12.0;0.35700000000000026;12.0
01:55:16 11/08/2020;0.3568;0.35700000000000026;1.0;0.641092816992984;0.35700000000000026;12.0;0.35700000000000026;12.0
09:03:46 11/08/2020;0.357;0.35700000000000026;1.0;0.641092816992984;0.35700000000000026;12.0;0.35700000000000026;12.0
22:40:51 11/08/2020;0.3575;0.35800000000000026;1.0;0.6403124237432847;0.35800000000000026;12.0;0.35800000000000026;12.0
03:18:10 12/08/2020;0.3568;0.35800000000000026;1.0;0.6403124237432847;0.35800000000000026;12.0;0.35800000000000026;12.0
10:44:20 12/08/2020;0.358;0.35800000000000026;1.0;0.6403124237432847;0.35800000000000026;6.580277777777778;0.35800000000000026;6.580277777777778
17:19:09 12/08/2020;0.3589;0.35900000000000026;1.0;0.6395310782127791;0.35900000000000026;5.458888888888889;0.35950000000000026;12.0
21:08:09 12/08/2020;0.3589;0.35900000000000026;1.0;0.6395310782127791;0.35900000000000026;1.6422222222222222;0.35933333333333356;12.0
21:22:24 12/08/2020;0.3589;0.35900000000000026;1.0;0.6395310782127791;0.35900000000000026;1.4047222222222222;0.35950000000000026;12.0
22:46:41 12/08/2020;0.3595;0.36000000000000026;1.0;0.6387487769068523;0.36000000000000026;12.0;0.36000000000000026;12.0
05:39:03 13/08/2020;0.3588;0.36000000000000026;1.0;0.6387487769068523;0.36000000000000026;12.0;0.36000000000000026;12.0
20:05:18 13/08/2020;0.3587;0.35900000000000026;1.0;0.6395310782127791;0.35900000000000026;12.0;0.35900000000000026;12.0
01:50:05 14/08/2020;0.3577;0.35900000000000026;1.0;0.6395310782127791;0.35900000000000026;12.0;0.35900000000000026;12.0
08:17:03 14/08/2020;0.3578;0.35800000000000026;1.0;0.6403124237432847;0.35800000000000026;12.0;0.35800000000000026;12.0
13:45:06 14/08/2020;0.357;0.35800000000000026;1.0;0.6403124237432847;0.35800000000000026;12.0;0.35800000000000026;12.0
19:21:38 14/08/2020;0.3557;0.35800000000000026;1.0;0.6403124237432847;0.35800000000000026;12.0;0.35750000000000026;12.0
00:49:33 15/08/2020;0.3546;0.35700000000000026;1.0;0.641092816992984;0.35700000000000026;12.0;0.35700000000000026;12.0
07:16:33 15/08/2020;0.3537;0.35600000000000026;1.0;0.6418722614352483;0.35600000000000026;12.0;0.35550000000000026;12.0
12:28:11 15/08/2020;0.3539;0.35500000000000026;1.0;0.6426507605223849;0.35500000000000026;12.0;0.35500000000000026;12.0
01:56:09 16/08/2020;0.3537;0.35400000000000026;1.0;0.6434283176858163;0.35400000000000026;12.0;0.35400000000000026;12.0
08:48:12 16/08/2020;0.3527;0.35400000000000026;1.0;0.6434283176858163;0.35400000000000026;12.0;0.35400000000000026;12.0
15:40:05 16/08/2020;0.3523;0.35300000000000026;1.0;0.6442049363362561;0.35300000000000026;12.0;0.35300000000000026;12.0
20:43:22 16/08/2020;0.3521;0.35300000000000026;1.0;0.6442049363362561;0.35300000000000026;12.0;0.35300000000000026;12.0
03:01:20 17/08/2020;0.3509;0.35300000000000026;1.0;0.6442049363362561;0.35300000000000026;12.0;0.35300000000000026;12.0
08:46:27 17/08/2020;0.3508;0.35100000000000026;1.0;0.6457553716385175;0.35100000000000026;5.890555555555555;0.35100000000000026;5.890555555555555
14:39:53 17/08/2020;0.3519;0.35200000000000026;1.0;0.6449806198638838;0.35200000000000026;12.0;0.35200000000000026;12.0
20:33:17 17/08/2020;0.3512;0.35200000000000026;1.0;0.6449806198638838;0.35200000000000026;12.0;0.35200000000000026;12.0
02:52:07 18/08/2020;0.3493;0.35200000000000026;1.0;0.6449806198638838;0.35200000000000026;12.0;0.35200000000000026;12.0
08:20:12 18/08/2020;0.3492;0.35200000000000026;1.0;0.6449806198638838;0.35200000000000026;12.0;0.35200000000000026;12.0
15:21:08 18/08/2020;0.3486;0.35000000000000026;1.0;0.6465291950097843;0.35000000000000026;12.0;0.35000000000000026;12.0
22:13:13 18/08/2020;0.3479;0.34900000000000025;1.0;0.6473020933072902;0.34900000000000025;12.0;0.34900000000000025;12.0
02:50:38 19/08/2020;0.3471;0.34900000000000025;1.0;0.6473020933072902;0.34900000000000025;12.0;0.34900000000000025;12.0
09:26:09 19/08/2020;0.3446;0.34800000000000025;1.0;0.6480740698407859;0.34800000000000025;12.0;0.34650000000000025;12.0
15:11:07 19/08/2020;0.3438;0.34500000000000025;1.0;0.6503845016603638;0.34500000000000025;12.0;0.34500000000000025;12.0
22:37:08 19/08/2020;0.3429;0.34400000000000025;1.0;0.6511528238439881;0.34400000000000025;12.0;0.34350000000000025;12.0
03:23:10 20/08/2020;0.3421;0.34300000000000025;1.0;0.6519202405202646;0.34300000000000025;12.0;0.34300000000000025;12.0
10:57:42 20/08/2020;0.3422;0.34300000000000025;1.0;0.6519202405202646;0.34300000000000025;12.0;0.34300000000000025;12.0
18:07:09 20/08/2020;0.3425;0.34300000000000025;1.0;0.6519202405202646;0.34300000000000025;12.0;0.34300000000000025;12.0
00:59:09 21/08/2020;0.3419;0.34300000000000025;1.0;0.6519202405202646;0.34300000000000025;12.0;0.34300000000000025;12.0
07:43:24 21/08/2020;0.342;0.34200000000000025;1.0;0.6526867548832286;0.34200000000000025;6.026388888888889;0.34200000000000025;6.026388888888889
13:44:59 21/08/2020;0.3438;0.34400000000000025;1.0;0.6511528238439881;0.34400000000000025;5.760555555555555;0.34400000000000025;5.760555555555555
19:30:37 21/08/2020;0.3448;0.34500000000000025;1.0;0.6503845016603638;0.34500000000000025;4.897777777777778;0.34550000000000025;11.62138888888889
00:24:29 22/08/2020;0.3452;0.34600000000000025;1.0;0.6496152707564684;0.34600000000000025;6.723611111111111;0.34600000000000025;6.723611111111111
07:07:54 22/08/2020;0.3477;0.34800000000000025;1.0;0.6480740698407859;0.34800000000000025;12.0;0.34800000000000025;12.0
12:19:25 22/08/2020;0.348;0.34800000000000025;1.0;0.6480740698407859;0.34800000000000025;7.5761111111111115;0.34800000000000025;7.5761111111111115
19:53:59 22/08/2020;0.3485;0.34900000000000025;1.0;0.6473020933072902;0.34900000000000025;5.332777777777777;0.34900000000000025;5.332777777777777
01:13:57 23/08/2020;0.3491;0.35000000000000026;1.0;0.6465291950097843;0.35000000000000026;10.801944444444445;0.35000000000000026;10.801944444444445
06:59:04 23/08/2020;0.3495;0.35000000000000026;1.0;0.6465291950097843;0.35000000000000026;5.05;0.35000000000000026;5.05
12:02:04 23/08/2020;0.3505;0.35100000000000026;1.0;0.6457553716385175;0.35100000000000026;5.325555555555556;0.35150000000000026;12.0
17:21:36 23/08/2020;0.3511;0.35200000000000026;1.0;0.6449806198638838;0.35200000000000026;11.363055555555556;0.35200000000000026;11.363055555555556
23:23:44 23/08/2020;0.3517;0.35200000000000026;1.0;0.6449806198638838;0.35200000000000026;5.3275;0.35250000000000026;12.0
04:43:23 24/08/2020;0.3521;0.35300000000000026;1.0;0.6442049363362561;0.35300000000000026;12.0;0.35300000000000026;12.0
10:53:43 24/08/2020;0.3522;0.35300000000000026;1.0;0.6442049363362561;0.35300000000000026;6.873333333333333;0.35300000000000026;6.873333333333333
17:46:07 24/08/2020;0.3536;0.35400000000000026;1.0;0.6434283176858163;0.35400000000000026;6.449722222222222;0.35400000000000026;6.449722222222222
00:13:06 25/08/2020;0.3547;0.35500000000000026;1.0;0.6426507605223849;0.35500000000000026;5.191666666666666;0.35500000000000026;5.191666666666666
05:24:36 25/08/2020;0.3557;0.35600000000000026;1.0;0.6418722614352483;0.35600000000000026;4.625;0.35600000000000026;4.625
10:02:06 25/08/2020;0.3565;0.35700000000000026;1.0;0.641092816992984;0.35700000000000026;4.766666666666667;0.35750000000000026;12.0
14:48:06 25/08/2020;0.3571;0.35800000000000026;1.0;0.6403124237432847;0.35800000000000026;12.0;0.35800000000000026;12.0
20:35:07 25/08/2020;0.3577;0.35800000000000026;1.0;0.6403124237432847;0.35800000000000026;7.567222222222222;0.35800000000000026;7.567222222222222
04:09:09 26/08/2020;0.3594;0.36000000000000026;1.0;0.6387487769068523;0.36000000000000026;5.618333333333333;0.36050000000000026;12.0
09:46:15 26/08/2020;0.3609;0.36100000000000027;1.0;0.6379655163094631;0.36100000000000027;7.431388888888889;0.36100000000000027;7.431388888888889
17:07:47 26/08/2020;0.3609;0.36100000000000027;1.0;0.6379655163094631;0.36100000000000027;0.0725;0.36166666666666697;11.709444444444445
17:12:08 26/08/2020;0.3611;0.36200000000000027;1.0;0.6371812928829594;0.36200000000000027;11.636944444444444;0.36200000000000027;11.636944444444444
21:58:19 26/08/2020;0.3612;0.36200000000000027;1.0;0.6371812928829594;0.36200000000000027;6.867222222222222;0.36200000000000027;6.867222222222222
04:50:21 27/08/2020;0.3624;0.36300000000000027;1.0;0.6363961030678926;0.36300000000000027;12.0;0.36300000000000027;12.0
09:44:54 27/08/2020;0.362;0.36300000000000027;1.0;0.6363961030678926;0.36300000000000027;11.2175;0.36300000000000027;11.2175
14:56:21 27/08/2020;0.3624;0.36300000000000027;1.0;0.6363961030678926;0.36300000000000027;6.026666666666666;0.36300000000000027;6.026666666666666
20:57:57 27/08/2020;0.3631;0.36400000000000027;1.0;0.6356099432828279;0.36400000000000027;12.0;0.36400000000000027;12.0
03:41:07 28/08/2020;0.3639;0.36400000000000027;1.0;0.6356099432828279;0.36400000000000027;12.0;0.36400000000000027;12.0
09:35:03 28/08/2020;0.3628;0.36400000000000027;1.0;0.6356099432828279;0.36400000000000027;12.0;0.36400000000000027;12.0
15:45:50 28/08/2020;0.3618;0.36300000000000027;1.0;0.6363961030678926;0.36300000000000027;12.0;0.36300000000000027;12.0
21:31:21 28/08/2020;0.3621;0.36300000000000027;1.0;0.6363961030678926;0.36300000000000027;12.0;0.36300000000000027;12.0
02:27:03 29/08/2020;0.3615;0.36300000000000027;1.0;0.6363961030678926;0.36300000000000027;12.0;0.36300000000000027;12.0
09:28:13 29/08/2020;0.3603;0.36300000000000027;1.0;0.6363961030678926;0.36300000000000027;12.0;0.36300000000000027;12.0
15:23:52 29/08/2020;0.3602;0.36100000000000027;1.0;0.6379655163094631;0.36100000000000027;12.0;0.36100000000000027;12.0
20:17:44 29/08/2020;0.3601;0.36100000000000027;1.0;0.6379655163094631;0.36100000000000027;12.0;0.36100000000000027;12.0
02:28:11 30/08/2020;0.3607;0.36100000000000027;1.0;0.6379655163094631;0.36100000000000027;6.0425;0.36100000000000027;6.0425
08:30:44 30/08/2020;0.3611;0.36200000000000027;1.0;0.6371812928829594;0.36200000000000027;12.0;0.36200000000000027;12.0
14:33:22 30/08/2020;0.3612;0.36200000000000027;1.0;0.6371812928829594;0.36200000000000027;12.0;0.36200000000000027;12.0
21:34:52 30/08/2020;0.3609;0.36200000000000027;1.0;0.6371812928829594;0.36200000000000027;12.0;0.36200000000000027;12.0
04:53:11 31/08/2020;0.3608;0.36100000000000027;1.0;0.6379655163094631;0.36100000000000027;12.0;0.36100000000000027;12.0
10:56:14 31/08/2020;0.3602;0.36100000000000027;1.0;0.6379655163094631;0.36100000000000027;11.37888888888889;0.36100000000000027;11.37888888888889
16:58:13 31/08/2020;0.361;0.36100000000000027;1.0;0.6379655163094631;0.36100000000000027;5.345833333333333;0.36150000000000027;5.345833333333333
22:18:58 31/08/2020;0.3611;0.36200000000000027;1.0;0.6371812928829594;0.36200000000000027;12.0;0.36200000000000027;12.0
22:18:58 31/08/2020;0.3611;0.36200000000000027;1.0;0.6371812928829594;0.36200000000000027;12.0;0.36200000000000027;12.0
04:29:14 01/09/2020;0.3601;0.36200000000000027;1.0;0.6371812928829594;0.36200000000000027;12.0;0.36200000000000027;12.0
10:40:17 01/09/2020;0.3598;0.36100000000000027;1.0;0.6379655163094631;0.36100000000000027;12.0;0.36100000000000027;12.0
15:18:43 01/09/2020;0.3603;0.36100000000000027;1.0;0.6379655163094631;0.36100000000000027;10.698333333333334;0.36100000000000027;10.698333333333334
20:23:14 01/09/2020;0.3609;0.36100000000000027;1.0;0.6379655163094631;0.36100000000000027;5.623055555555555;0.36100000000000027;5.623055555555555
02:00:37 02/09/2020;0.3624;0.36300000000000027;1.0;0.6363961030678926;0.36300000000000027;12.0;0.36300000000000027;12.0
07:46:23 02/09/2020;0.3621;0.36300000000000027;1.0;0.6363961030678926;0.36300000000000027;12.0;0.36300000000000027;12.0
19:50:31 02/09/2020;0.3638;0.36400000000000027;1.0;0.6356099432828279;0.36400000000000027;7.1675;0.36400000000000027;7.1675
03:00:34 03/09/2020;0.3657;0.36600000000000027;1.0;0.6340346993658941;0.36600000000000027;12.0;0.36600000000000027;12.0
07:39:08 03/09/2020;0.3654;0.36600000000000027;1.0;0.6340346993658941;0.36600000000000027;12.0;0.36600000000000027;12.0
21:16:35 03/09/2020;0.3656;0.36600000000000027;1.0;0.6340346993658941;0.36600000000000027;6.883611111111111;0.36600000000000027;6.883611111111111
04:09:36 04/09/2020;0.3667;0.36700000000000027;1.0;0.6332456079595024;0.36700000000000027;4.783055555555555;0.36700000000000027;4.783055555555555
08:56:35 04/09/2020;0.3673;0.36800000000000027;1.0;0.6324555320336757;0.36800000000000027;9.975277777777778;0.36800000000000027;9.975277777777778
13:51:36 04/09/2020;0.3676;0.36800000000000027;1.0;0.6324555320336757;0.36800000000000027;5.058333333333334;0.36850000000000027;11.941666666666666
18:55:06 04/09/2020;0.3688;0.36900000000000027;1.0;0.6316644678941501;0.36900000000000027;6.883333333333334;0.36900000000000027;6.883333333333334
01:48:06 05/09/2020;0.3694;0.3700000000000003;1.0;0.6308724118235;0.3700000000000003;12.0;0.3700000000000003;12.0
07:59:29 05/09/2020;0.3687;0.3700000000000003;1.0;0.6308724118235;0.3700000000000003;12.0;0.3700000000000003;12.0
14:01:38 05/09/2020;0.3695;0.3700000000000003;1.0;0.6308724118235;0.3700000000000003;6.044444444444444;0.3700000000000003;6.044444444444444
14:52:52 05/09/2020;0.3695;0.3700000000000003;1.0;0.6308724118235;0.3700000000000003;5.190555555555555;0.3705000000000003;12.0
20:04:18 05/09/2020;0.3701;0.3710000000000003;1.0;0.6300793600809343;0.3710000000000003;12.0;0.3710000000000003;12.0
03:39:37 06/09/2020;0.3703;0.3710000000000003;1.0;0.6300793600809343;0.3710000000000003;12.0;0.3710000000000003;12.0
09:33:48 06/09/2020;0.3697;0.3710000000000003;1.0;0.6300793600809343;0.3710000000000003;12.0;0.3710000000000003;12.0
15:36:07 06/09/2020;0.3704;0.3710000000000003;1.0;0.6300793600809343;0.3710000000000003;12.0;0.3710000000000003;12.0
20:48:05 06/09/2020;0.3709;0.3710000000000003;1.0;0.6300793600809343;0.3710000000000003;12.0;0.3710000000000003;12.0
02:08:47 07/09/2020;0.3707;0.3710000000000003;1.0;0.6300793600809343;0.3710000000000003;7.1658333333333335;0.3710000000000003;7.1658333333333335
09:18:44 07/09/2020;0.3717;0.3720000000000003;1.0;0.6292853089020907;0.3720000000000003;12.0;0.3720000000000003;12.0
14:52:52 07/09/2020;0.3717;0.3720000000000003;1.0;0.6292853089020907;0.3720000000000003;12.0;0.3720000000000003;12.0
22:31:10 07/09/2020;0.3692;0.3720000000000003;1.0;0.6292853089020907;0.3720000000000003;12.0;0.3720000000000003;12.0
05:15:34 08/09/2020;0.3676;0.3700000000000003;1.0;0.6308724118235;0.3700000000000003;12.0;0.3700000000000003;12.0
09:53:42 08/09/2020;0.3665;0.3700000000000003;1.0;0.6308724118235;0.3700000000000003;12.0;0.3700000000000003;12.0
15:39:35 08/09/2020;0.3658;0.36800000000000027;1.0;0.6324555320336757;0.36800000000000027;12.0;0.36750000000000027;12.0
20:47:36 08/09/2020;0.3651;0.36700000000000027;1.0;0.6332456079595024;0.36700000000000027;12.0;0.36700000000000027;12.0
02:50:36 09/09/2020;0.3641;0.36600000000000027;1.0;0.6340346993658941;0.36600000000000027;12.0;0.36600000000000027;12.0
08:44:42 09/09/2020;0.3637;0.36600000000000027;1.0;0.6340346993658941;0.36600000000000027;12.0;0.36600000000000027;12.0
15:37:31 09/09/2020;0.3627;0.36400000000000027;1.0;0.6356099432828279;0.36400000000000027;12.0;0.36350000000000027;12.0
21:15:00 09/09/2020;0.3622;0.36300000000000027;1.0;0.6363961030678926;0.36300000000000027;12.0;0.36300000000000027;12.0
03:51:29 10/09/2020;0.3628;0.36300000000000027;1.0;0.6363961030678926;0.36300000000000027;7.158611111111111;0.36300000000000027;7.158611111111111
11:01:00 10/09/2020;0.364;0.36400000000000027;1.0;0.6356099432828279;0.36400000000000027;5.9061111111111115;0.36400000000000027;5.9061111111111115
16:55:22 10/09/2020;0.3643;0.36500000000000027;1.0;0.634822809924155;0.36500000000000027;12.0;0.36500000000000027;12.0
21:41:23 10/09/2020;0.3648;0.36500000000000027;1.0;0.634822809924155;0.36500000000000027;10.508888888888889;0.36500000000000027;10.508888888888889
02:17:51 11/09/2020;0.3649;0.36500000000000027;1.0;0.634822809924155;0.36500000000000027;5.901111111111111;0.36550000000000027;12.0
08:11:55 11/09/2020;0.3656;0.36600000000000027;1.0;0.6340346993658941;0.36600000000000027;12.0;0.36600000000000027;12.0
14:30:51 11/09/2020;0.3652;0.36600000000000027;1.0;0.6340346993658941;0.36600000000000027;10.960277777777778;0.36600000000000027;10.960277777777778
19:43:05 11/09/2020;0.366;0.36600000000000027;1.0;0.6340346993658941;0.36600000000000027;5.756388888888889;0.36600000000000027;5.756388888888889
01:28:28 12/09/2020;0.3684;0.36900000000000027;1.0;0.6316644678941501;0.36900000000000027;5.476111111111111;0.36900000000000027;5.476111111111111
06:57:02 12/09/2020;0.3698;0.3700000000000003;1.0;0.6308724118235;0.3700000000000003;4.635277777777778;0.3705000000000003;12.0
11:35:09 12/09/2020;0.3702;0.3710000000000003;1.0;0.6300793600809343;0.3710000000000003;12.0;0.3710000000000003;12.0
17:45:26 12/09/2020;0.3695;0.3710000000000003;1.0;0.6300793600809343;0.3710000000000003;12.0;0.3710000000000003;12.0
23:11:29 12/09/2020;0.3694;0.3710000000000003;1.0;0.6300793600809343;0.3710000000000003;12.0;0.3710000000000003;12.0
04:57:09 13/09/2020;0.3705;0.3710000000000003;1.0;0.6300793600809343;0.3710000000000003;6.592777777777778;0.3710000000000003;6.592777777777778
11:32:43 13/09/2020;0.3711;0.3720000000000003;1.0;0.6292853089020907;0.3720000000000003;12.0;0.3720000000000003;12.0
18:00:47 13/09/2020;0.3705;0.3720000000000003;1.0;0.6292853089020907;0.3720000000000003;12.0;0.3720000000000003;12.0
00:03:17 14/09/2020;0.3708;0.3710000000000003;1.0;0.6300793600809343;0.3710000000000003;12.0;0.3710000000000003;12.0
12:08:15 14/09/2020;0.3693;0.3700000000000003;1.0;0.6308724118235;0.3700000000000003;5.616388888888889;0.3705000000000003;12.0
17:45:14 14/09/2020;0.3708;0.3710000000000003;1.0;0.6300793600809343;0.3710000000000003;6.883611111111111;0.3710000000000003;6.883611111111111
00:38:15 15/09/2020;0.3728;0.3730000000000003;1.0;0.6284902544988266;0.3730000000000003;5.344166666666666;0.3735000000000003;12.0
05:58:54 15/09/2020;0.3737;0.3740000000000003;1.0;0.6276941930590084;0.3740000000000003;12.0;0.3740000000000003;12.0
13:00:16 15/09/2020;0.3735;0.3740000000000003;1.0;0.6276941930590084;0.3740000000000003;6.395;0.3740000000000003;6.395
19:23:58 15/09/2020;0.3745;0.3750000000000003;1.0;0.626897120746299;0.3750000000000003;12.0;0.3750000000000003;12.0
00:48:11 16/09/2020;0.3747;0.3750000000000003;1.0;0.626897120746299;0.3750000000000003;10.828055555555556;0.3750000000000003;10.828055555555556
05:35:15 16/09/2020;0.3748;0.3750000000000003;1.0;0.626897120746299;0.3750000000000003;6.043611111111111;0.3750000000000003;6.043611111111111
11:37:52 16/09/2020;0.3761;0.3770000000000003;1.0;0.625299928034539;0.3770000000000003;7.031944444444444;0.3770000000000003;7.031944444444444
18:39:47 16/09/2020;0.3772;0.3780000000000003;1.0;0.6244997998398396;0.3780000000000003;5.065833333333333;0.3780000000000003;5.065833333333333
23:43:44 16/09/2020;0.3782;0.3790000000000003;1.0;0.6236986451805068;0.3790000000000003;12.0;0.3790000000000003;12.0
05:12:44 17/09/2020;0.3777;0.3790000000000003;1.0;0.6236986451805068;0.3790000000000003;12.0;0.3790000000000003;12.0
12:31:44 17/09/2020;0.377;0.3780000000000003;1.0;0.6244997998398396;0.3780000000000003;12.0;0.3780000000000003;12.0
18:34:49 17/09/2020;0.3772;0.3780000000000003;1.0;0.6244997998398396;0.3780000000000003;12.0;0.3780000000000003;12.0
00:20:44 18/09/2020;0.3774;0.3780000000000003;1.0;0.6244997998398396;0.3780000000000003;12.0;0.3780000000000003;12.0
06:32:14 18/09/2020;0.3773;0.3780000000000003;1.0;0.6244997998398396;0.3780000000000003;12.0;0.3780000000000003;12.0
12:35:15 18/09/2020;0.3776;0.3780000000000003;1.0;0.6244997998398396;0.3780000000000003;12.0;0.3780000000000003;12.0
18:29:46 18/09/2020;0.3779;0.3780000000000003;1.0;0.6244997998398396;0.3780000000000003;7.033333333333333;0.3780000000000003;7.033333333333333
01:31:46 19/09/2020;0.3783;0.3790000000000003;1.0;0.6236986451805068;0.3790000000000003;12.0;0.3790000000000003;12.0
06:43:57 19/09/2020;0.377;0.3790000000000003;1.0;0.6236986451805068;0.3790000000000003;12.0;0.3790000000000003;12.0
13:45:47 19/09/2020;0.376;0.3770000000000003;1.0;0.625299928034539;0.3770000000000003;12.0;0.3770000000000003;12.0
20:31:16 19/09/2020;0.375;0.3760000000000003;1.0;0.6260990336999409;0.3760000000000003;12.0;0.3760000000000003;12.0
02:59:19 20/09/2020;0.3742;0.3750000000000003;1.0;0.626897120746299;0.3750000000000003;12.0;0.3750000000000003;12.0
09:55:55 20/09/2020;0.3741;0.3750000000000003;1.0;0.626897120746299;0.3750000000000003;12.0;0.3750000000000003;12.0
15:07:51 20/09/2020;0.3734;0.3750000000000003;1.0;0.626897120746299;0.3750000000000003;12.0;0.3750000000000003;12.0
21:11:04 20/09/2020;0.373;0.3750000000000003;1.0;0.626897120746299;0.3750000000000003;12.0;0.3750000000000003;12.0
04:37:52 21/09/2020;0.3727;0.3730000000000003;1.0;0.6284902544988266;0.3730000000000003;5.633611111111111;0.3730000000000003;5.633611111111111
10:15:53 21/09/2020;0.3741;0.3750000000000003;1.0;0.626897120746299;0.3750000000000003;12.0;0.3750000000000003;12.0
16:10:16 21/09/2020;0.3735;0.3750000000000003;1.0;0.626897120746299;0.3750000000000003;12.0;0.3750000000000003;12.0
21:56:17 21/09/2020;0.3744;0.3750000000000003;1.0;0.626897120746299;0.3750000000000003;10.558333333333334;0.3750000000000003;10.558333333333334
02:35:16 22/09/2020;0.3749;0.3750000000000003;1.0;0.626897120746299;0.3750000000000003;5.908611111111111;0.3755000000000003;12.0
08:29:47 22/09/2020;0.3751;0.3760000000000003;1.0;0.6260990336999409;0.3760000000000003;6.325277777777778;0.3760000000000003;6.325277777777778
14:49:18 22/09/2020;0.3765;0.3770000000000003;1.0;0.625299928034539;0.3770000000000003;12.0;0.3770000000000003;12.0
15:47:07 22/09/2020;0.3765;0.3770000000000003;1.0;0.625299928034539;0.3770000000000003;11.141944444444444;0.3770000000000003;11.141944444444444
21:26:11 22/09/2020;0.3761;0.3770000000000003;1.0;0.625299928034539;0.3770000000000003;5.490833333333334;0.3775000000000003;12.0
02:55:38 23/09/2020;0.3772;0.3780000000000003;1.0;0.6244997998398396;0.3780000000000003;12.0;0.3780000000000003;12.0
09:57:45 23/09/2020;0.3779;0.3780000000000003;1.0;0.6244997998398396;0.3780000000000003;11.391111111111112;0.3780000000000003;11.391111111111112
15:26:38 23/09/2020;0.3773;0.3780000000000003;1.0;0.6244997998398396;0.3780000000000003;5.909722222222222;0.3780000000000003;5.909722222222222
21:07:11 23/09/2020;0.3773;0.3780000000000003;1.0;0.6244997998398396;0.3780000000000003;0.2338888888888889;0.3785000000000003;12.0
21:21:13 23/09/2020;0.3782;0.3790000000000003;1.0;0.6236986451805068;0.3790000000000003;12.0;0.3790000000000003;12.0
03:07:23 24/09/2020;0.3788;0.3790000000000003;1.0;0.6236986451805068;0.3790000000000003;12.0;0.3790000000000003;12.0
19:26:20 24/09/2020;0.3791;0.3800000000000003;1.0;0.6228964600958973;0.3800000000000003;12.0;0.3800000000000003;12.0
02:28:19 25/09/2020;0.3798;0.3800000000000003;1.0;0.6228964600958973;0.3800000000000003;10.966944444444444;0.3800000000000003;10.966944444444444
07:32:19 25/09/2020;0.3793;0.3800000000000003;1.0;0.6228964600958973;0.3800000000000003;5.900277777777778;0.3800000000000003;5.900277777777778
13:26:20 25/09/2020;0.3805;0.3810000000000003;1.0;0.6220932405998314;0.3810000000000003;5.066666666666666;0.3815000000000003;12.0
18:30:20 25/09/2020;0.3812;0.3820000000000003;1.0;0.6212889826803625;0.3820000000000003;7.174722222222222;0.3820000000000003;7.174722222222222
01:40:49 26/09/2020;0.3846;0.3850000000000003;1.0;0.6188699378706318;0.3850000000000003;5.630277777777778;0.3865000000000003;11.819166666666666
07:18:38 26/09/2020;0.3871;0.3880000000000003;1.0;0.6164414002968974;0.3880000000000003;6.188888888888889;0.3880000000000003;6.188888888888889
13:29:58 26/09/2020;0.3881;0.3890000000000003;1.0;0.6156297588648552;0.3890000000000003;12.0;0.3890000000000003;12.0
19:15:56 26/09/2020;0.3888;0.3890000000000003;1.0;0.6156297588648552;0.3890000000000003;12.0;0.3890000000000003;12.0
01:43:49 27/09/2020;0.3884;0.3890000000000003;1.0;0.6156297588648552;0.3890000000000003;11.536388888888888;0.3890000000000003;11.536388888888888
07:38:20 27/09/2020;0.3848;0.3890000000000003;1.0;0.6156297588648552;0.3890000000000003;5.627777777777778;0.3910000000000003;12.0
13:16:00 27/09/2020;0.3921;0.3930000000000003;1.0;0.6123724356957942;0.3930000000000003;6.891388888888889;0.3930000000000003;6.891388888888889
20:09:29 27/09/2020;0.4005;0.4010000000000003;1.0;0.6058052492344381;0.4010000000000003;4.639166666666667;0.4040000000000003;12.0
00:47:50 28/09/2020;0.407;0.4070000000000003;1.0;0.6008327554319919;0.4070000000000003;7.599722222222222;0.4070000000000003;7.599722222222222
08:23:49 28/09/2020;0.41;0.4100000000000003;1.0;0.5983310120660634;0.4100000000000003;12.0;0.4100000000000003;12.0
15:25:50 28/09/2020;0.4063;0.4100000000000003;1.0;0.5983310120660634;0.4100000000000003;12.0;0.4100000000000003;12.0
20:12:50 28/09/2020;0.4069;0.4100000000000003;1.0;0.5983310120660634;0.4100000000000003;12.0;0.4100000000000003;12.0
02:49:22 29/09/2020;0.4063;0.4070000000000003;1.0;0.6008327554319919;0.4070000000000003;12.0;0.4070000000000003;12.0
07:52:54 29/09/2020;0.4042;0.4070000000000003;1.0;0.6008327554319919;0.4070000000000003;12.0;0.4070000000000003;12.0
12:31:21 29/09/2020;0.4014;0.4070000000000003;1.0;0.6008327554319919;0.4070000000000003;12.0;0.4060000000000003;12.0
18:00:26 29/09/2020;0.4023;0.4050000000000003;1.0;0.6024948132556824;0.4050000000000003;12.0;0.4050000000000003;12.0
06:40:29 30/09/2020;0.3994;0.4000000000000003;1.0;0.6066300355241238;;;;
11:52:38 30/09/2020;0.3966;0.4000000000000003;1.0;0.6066300355241238;;;;
18:37:52 30/09/2020;0.3967;0.4000000000000003;1.0;0.6066300355241238;;;;
