12:32:47 01/07/2020;Wednesday;0.1824;0.18300000000000013;1.0;0.44833023542919775;0.8735459888177433;1.0;0.18300000000000013;12.0;1.0;1.0;0.18300000000000013;12.0;1.0;1.0;0.18300000000000013;12.0;1.0;Now
13:41:35 01/07/2020;Wednesday;0.1822;0.18300000000000013;1.0;0.44833023542919775;0.8735459888177433;1.0;0.18300000000000013;12.0;1.0;1.0;0.18300000000000013;12.0;1.0;1.0;0.18300000000000013;12.0;1.0;Now
18:43:43 01/07/2020;Wednesday;0.1823;0.18300000000000013;1.0;0.44833023542919775;0.8735459888177433;1.0;0.18300000000000013;12.0;1.0;1.0;0.18300000000000013;12.0;1.0;1.0;0.18300000000000013;12.0;1.0;Now
02:00:01 02/07/2020;Thursday;0.1829;0.18300000000000013;1.0;0.44833023542919775;0.8735459888177433;1.0;0.18300000000000013;12.0;1.0;1.0;0.18300000000000013;12.0;1.0;1.0;0.18300000000000013;12.0;1.0;Now
08:51:01 02/07/2020;Thursday;0.183;0.18300000000000013;1.0;0.44833023542919775;0.8735459888177433;1.0;0.18300000000000013;12.0;1.0;1.0;0.18300000000000013;12.0;1.0;1.0;0.18300000000000013;12.0;1.0;Now
13:45:01 02/07/2020;Thursday;0.1824;0.18300000000000013;1.0;0.44833023542919775;0.8735459888177433;1.0;0.18300000000000013;12.0;1.0;1.0;0.18300000000000013;12.0;1.0;1.0;0.18300000000000013;12.0;1.0;Now
19:53:50 02/07/2020;Thursday;0.1825;0.18300000000000013;1.0;0.44833023542919775;0.8735459888177433;1.0;0.18300000000000013;12.0;1.0;1.0;0.18300000000000013;12.0;1.0;1.0;0.18300000000000013;12.0;1.0;Now
21:22:09 02/07/2020;Thursday;0.1825;0.18300000000000013;1.0;0.44833023542919775;0.8735459888177433;1.0;0.18300000000000013;12.0;1.0;1.0;0.18300000000000013;12.0;1.0;1.0;0.18300000000000013;12.0;1.0;Now
03:02:07 03/07/2020;Friday;0.1821;0.18300000000000013;1.0;0.44833023542919775;0.8735459888177433;1.0;0.18300000000000013;12.0;1.0;1.0;0.18300000000000013;12.0;1.0;1.0;0.18300000000000013;12.0;1.0;Now
08:04:07 03/07/2020;Friday;0.1818;0.18300000000000013;1.0;0.44833023542919775;0.8735459888177433;1.0;0.18300000000000013;12.0;1.0;1.0;0.18266666666666678;12.0;1.0;1.0;0.18300000000000013;12.0;1.0;Now
13:23:04 03/07/2020;Friday;0.1813;0.18300000000000013;1.0;0.44833023542919775;0.8735459888177433;1.0;0.18300000000000013;12.0;1.0;1.0;0.18233333333333346;12.0;1.0;1.0;0.18250000000000013;12.0;1.0;Now
18:08:45 03/07/2020;Friday;0.1802;0.18200000000000013;1.0;0.4494441010848845;0.8894886821095793;1.0;0.18200000000000013;12.0;1.0;1.0;0.18166666666666678;12.0;1.0;1.0;0.18200000000000013;12.0;1.0;Now
00:43:16 04/07/2020;Saturday;0.1792;0.18200000000000013;1.0;0.4494441010848845;0.8894886821095793;1.0;0.18200000000000013;12.0;1.0;1.0;0.18150000000000013;12.0;1.0;1.0;0.18150000000000013;12.0;1.0;Now
05:36:43 04/07/2020;Saturday;0.1789;0.18100000000000013;1.0;0.45055521304275226;0.9053919618872976;1.0;0.18100000000000013;12.0;1.0;1.0;0.18000000000000013;12.0;1.0;1.0;0.18100000000000013;12.0;1.0;Now
12:44:45 04/07/2020;Saturday;0.1778;0.17900000000000013;1.0;0.4527692569068707;0.9370814408474422;1.0;0.17900000000000013;12.0;1.0;1.0;0.17850000000000013;12.0;1.0;1.0;0.17900000000000013;12.0;1.0;Now
20:01:14 04/07/2020;Saturday;0.1771;0.17800000000000013;1.0;0.45387222871640853;0.952868211163259;1.0;0.17800000000000013;12.0;1.0;1.0;0.17800000000000013;12.0;1.0;1.0;0.17800000000000013;12.0;1.0;Now
01:20:15 05/07/2020;Sunday;0.1769;0.17800000000000013;1.0;0.45387222871640853;0.952868211163259;1.0;0.17800000000000013;12.0;1.0;1.0;0.17766666666666678;12.0;1.0;1.0;0.17800000000000013;12.0;1.0;Now
06:05:15 05/07/2020;Sunday;0.1766;0.17800000000000013;1.0;0.45387222871640853;0.952868211163259;1.0;0.17800000000000013;12.0;1.0;1.0;0.17733333333333345;12.0;1.0;1.0;0.17800000000000013;12.0;1.0;Now
11:57:44 05/07/2020;Sunday;0.1762;0.17700000000000013;1.0;0.4549725266430929;0.9686167103518414;1.0;0.17700000000000013;12.0;1.0;1.0;0.17700000000000013;12.0;1.0;1.0;0.17700000000000013;12.0;1.0;Now
17:00:03 05/07/2020;Sunday;0.1758;0.17700000000000013;1.0;0.4549725266430929;0.9686167103518414;1.0;0.17700000000000013;12.0;1.0;1.0;0.17700000000000013;12.0;1.0;1.0;0.17700000000000013;12.0;1.0;Now
22:36:10 05/07/2020;Sunday;0.1755;0.17700000000000013;1.0;0.4549725266430929;0.9686167103518414;1.0;0.17700000000000013;12.0;1.0;1.0;0.17650000000000013;12.0;1.0;1.0;0.17700000000000013;12.0;1.0;Now
05:10:11 06/07/2020;Monday;0.1756;0.17600000000000013;1.0;0.45607017003965505;0.9843272154076875;1.0;0.17600000000000013;12.0;1.0;1.0;0.17600000000000013;12.0;1.0;1.0;0.17600000000000013;12.0;1.0;Now
11:52:44 06/07/2020;Monday;0.175;0.17600000000000013;1.0;0.45607017003965505;0.9843272154076875;1.0;0.17600000000000013;12.0;1.0;1.0;0.17550000000000013;12.0;1.0;1.0;0.17600000000000013;12.0;1.0;Now
19:00:42 06/07/2020;Monday;0.1748;0.17500000000000013;1.0;0.4571651780264983;1.0;1.0;0.17500000000000013;12.0;1.0;1.0;0.17500000000000013;12.0;1.0;1.0;0.17500000000000013;12.0;1.0;Now
01:18:42 07/07/2020;Tuesday;0.1749;0.17500000000000013;1.0;0.4571651780264983;1.0;1.0;0.17500000000000013;12.0;1.0;1.0;0.17500000000000013;12.0;1.0;1.0;0.17500000000000013;12.0;1.0;Now
08:34:44 07/07/2020;Tuesday;0.1744;0.17500000000000013;1.0;0.4571651780264983;1.0;1.0;0.17500000000000013;12.0;1.0;1.0;0.17500000000000013;12.0;1.0;1.0;0.17500000000000013;12.0;1.0;Now
14:44:11 07/07/2020;Tuesday;0.1745;0.17500000000000013;1.0;0.4571651780264983;1.0;1.0;0.17500000000000013;12.0;1.0;1.0;0.17500000000000013;12.0;1.0;1.0;0.17500000000000013;12.0;1.0;Now
21:10:51 07/07/2020;Tuesday;0.1747;0.17500000000000013;1.0;0.4571651780264983;1.0;1.0;0.17500000000000013;12.0;1.0;1.0;0.17500000000000013;12.0;1.0;1.0;0.17500000000000013;12.0;1.0;Now
10:21:53 08/07/2020;Wednesday;0.1756;0.17600000000000013;1.0;0.45607017003965505;0.9843272154076875;1.0;0.17600000000000013;12.0;1.0;1.0;0.17600000000000013;12.0;1.0;1.0;0.17600000000000013;12.0;1.0;Now
20:34:53 08/07/2020;Wednesday;0.1757;0.17600000000000013;1.0;0.45607017003965505;0.9843272154076875;0.3846759259259259;0.17600000000000013;4.6161111111111115;0.3846759259259259;1.0;0.17650000000000013;12.0;1.0;1.0;0.17650000000000013;12.0;1.0;Now
01:11:51 09/07/2020;Thursday;0.1763;0.17700000000000013;1.0;0.4549725266430929;0.9686167103518414;1.0;0.17700000000000013;12.0;1.0;1.0;0.17700000000000013;12.0;1.0;1.0;0.17700000000000013;12.0;1.0;Now
08:45:21 09/07/2020;Thursday;0.1762;0.17700000000000013;1.0;0.4549725266430929;0.9686167103518414;1.0;0.17700000000000013;12.0;1.0;1.0;0.17700000000000013;12.0;1.0;1.0;0.17700000000000013;12.0;1.0;Now
16:18:41 09/07/2020;Thursday;0.1768;0.17700000000000013;1.0;0.4549725266430929;0.9686167103518414;1.0;0.17700000000000013;12.0;1.0;1.0;0.17700000000000013;12.0;1.0;1.0;0.17700000000000013;12.0;1.0;Now
20:55:43 09/07/2020;Thursday;0.1769;0.17700000000000013;1.0;0.4549725266430929;0.9686167103518414;1.0;0.17700000000000013;12.0;1.0;1.0;0.17700000000000013;12.0;1.0;1.0;0.17700000000000013;12.0;1.0;Now
03:13:39 10/07/2020;Friday;0.177;0.17700000000000013;1.0;0.4549725266430929;0.9686167103518414;0.955462962962963;0.17700000000000013;11.465555555555556;0.955462962962963;1.0;0.17733333333333345;12.0;1.0;0.955462962962963;0.17700000000000013;11.465555555555556;0.955462962962963;Now
08:15:30 10/07/2020;Friday;0.1768;0.17700000000000013;1.0;0.4549725266430929;0.9686167103518414;0.5362268518518518;0.17700000000000013;6.434722222222222;0.5362268518518518;1.0;0.17800000000000013;12.0;1.0;0.5362268518518518;0.17700000000000013;6.434722222222222;0.5362268518518518;Now
14:41:35 10/07/2020;Friday;0.1774;0.17800000000000013;1.0;0.45387222871640853;0.952868211163259;0.4320833333333333;0.17800000000000013;5.185;0.4320833333333333;1.0;0.17866666666666678;12.0;1.0;1.0;0.17850000000000013;12.0;1.0;Now
19:52:41 10/07/2020;Friday;0.1784;0.17900000000000013;1.0;0.4527692569068707;0.9370814408474422;0.885162037037037;0.17900000000000013;10.621944444444445;0.885162037037037;1.0;0.17933333333333346;12.0;1.0;0.885162037037037;0.17900000000000013;10.621944444444445;0.885162037037037;Now
01:53:00 11/07/2020;Saturday;0.179;0.17900000000000013;1.0;0.4527692569068707;0.9370814408474422;0.38472222222222224;0.17900000000000013;4.616666666666666;0.38472222222222224;1.0;0.17966666666666678;12.0;1.0;1.0;0.17950000000000013;12.0;1.0;Now
06:30:00 11/07/2020;Saturday;0.1792;0.18000000000000013;1.0;0.45166359162544845;0.9212561190277483;1.0;0.18000000000000013;12.0;1.0;1.0;0.18000000000000013;12.0;1.0;1.0;0.18000000000000013;12.0;1.0;Now
13:21:36 11/07/2020;Saturday;0.1796;0.18000000000000013;1.0;0.45166359162544845;0.9212561190277483;1.0;0.18000000000000013;12.0;1.0;1.0;0.18000000000000013;12.0;1.0;1.0;0.18000000000000013;12.0;1.0;Now
23:51:10 11/07/2020;Saturday;0.1795;0.18000000000000013;1.0;0.45166359162544845;0.9212561190277483;1.0;0.18000000000000013;12.0;1.0;1.0;0.18000000000000013;12.0;1.0;1.0;0.18000000000000013;12.0;1.0;Now
06:50:40 12/07/2020;Sunday;0.1794;0.18000000000000013;1.0;0.45166359162544845;0.9212561190277483;1.0;0.18000000000000013;12.0;1.0;1.0;0.18000000000000013;12.0;1.0;1.0;0.18000000000000013;12.0;1.0;Now
13:25:00 12/07/2020;Sunday;0.1795;0.18000000000000013;1.0;0.45166359162544845;0.9212561190277483;1.0;0.18000000000000013;12.0;1.0;1.0;0.18000000000000013;12.0;1.0;1.0;0.18000000000000013;12.0;1.0;Now
02:08:30 13/07/2020;Monday;0.1796;0.18000000000000013;1.0;0.45166359162544845;0.9212561190277483;0.4194675925925926;0.18000000000000013;5.033611111111111;0.4194675925925926;1.0;0.18100000000000013;12.0;1.0;0.9673611111111111;0.18050000000000013;11.608333333333333;0.9673611111111111;Now
07:10:31 13/07/2020;Monday;0.1801;0.18100000000000013;1.0;0.45055521304275226;0.9053919618872976;0.5478935185185185;0.18100000000000013;6.574722222222222;0.5478935185185185;1.0;0.18150000000000013;12.0;1.0;0.5478935185185185;0.18100000000000013;6.574722222222222;0.5478935185185185;Now
13:45:00 13/07/2020;Monday;0.1812;0.18200000000000013;1.0;0.4494441010848845;0.8894886821095793;1.0;0.18200000000000013;12.0;1.0;1.0;0.18200000000000013;12.0;1.0;1.0;0.18200000000000013;12.0;1.0;Now
20:03:00 13/07/2020;Monday;0.1815;0.18200000000000013;1.0;0.4494441010848845;0.8894886821095793;1.0;0.18200000000000013;12.0;1.0;1.0;0.18200000000000013;12.0;1.0;1.0;0.18200000000000013;12.0;1.0;Now
03:11:00 14/07/2020;Tuesday;0.182;0.18200000000000013;1.0;0.4494441010848845;0.8894886821095793;0.6177314814814815;0.18200000000000013;7.4127777777777775;0.6177314814814815;1.0;0.18250000000000013;12.0;1.0;0.6177314814814815;0.18200000000000013;7.4127777777777775;0.6177314814814815;Now
10:35:46 14/07/2020;Tuesday;0.1821;0.18300000000000013;1.0;0.44833023542919775;0.8735459888177433;1.0;0.18300000000000013;12.0;1.0;1.0;0.18300000000000013;12.0;1.0;1.0;0.18300000000000013;12.0;1.0;Now
16:28:21 14/07/2020;Tuesday;0.1818;0.18300000000000013;1.0;0.44833023542919775;0.8735459888177433;1.0;0.18300000000000013;12.0;1.0;1.0;0.18250000000000013;12.0;1.0;1.0;0.18300000000000013;12.0;1.0;Now
23:11:17 14/07/2020;Tuesday;0.1811;0.18200000000000013;1.0;0.4494441010848845;0.8894886821095793;1.0;0.18200000000000013;12.0;1.0;1.0;0.18200000000000013;12.0;1.0;1.0;0.18200000000000013;12.0;1.0;Now
05:03:46 15/07/2020;Wednesday;0.1809;0.18200000000000013;1.0;0.4494441010848845;0.8894886821095793;1.0;0.18200000000000013;12.0;1.0;1.0;0.18200000000000013;12.0;1.0;1.0;0.18200000000000013;12.0;1.0;Now
10:05:45 15/07/2020;Wednesday;0.1806;0.18200000000000013;1.0;0.4494441010848845;0.8894886821095793;1.0;0.18200000000000013;12.0;1.0;1.0;0.18150000000000013;12.0;1.0;1.0;0.18200000000000013;12.0;1.0;Now
17:30:45 15/07/2020;Wednesday;0.1802;0.18100000000000013;1.0;0.45055521304275226;0.9053919618872976;1.0;0.18100000000000013;12.0;1.0;1.0;0.18100000000000013;12.0;1.0;1.0;0.18100000000000013;12.0;1.0;Now
00:38:45 16/07/2020;Thursday;0.1798;0.18100000000000013;1.0;0.45055521304275226;0.9053919618872976;1.0;0.18100000000000013;12.0;1.0;1.0;0.18033333333333346;12.0;1.0;1.0;0.18100000000000013;12.0;1.0;Now
06:56:47 16/07/2020;Thursday;0.1796;0.18000000000000013;1.0;0.45166359162544845;0.9212561190277483;1.0;0.18000000000000013;12.0;1.0;1.0;0.18000000000000013;12.0;1.0;1.0;0.18000000000000013;12.0;1.0;Now
11:58:57 16/07/2020;Thursday;0.1793;0.18000000000000013;1.0;0.45166359162544845;0.9212561190277483;1.0;0.18000000000000013;12.0;1.0;1.0;0.18000000000000013;12.0;1.0;1.0;0.18000000000000013;12.0;1.0;Now
17:08:42 16/07/2020;Thursday;0.1793;0.18000000000000013;1.0;0.45166359162544845;0.9212561190277483;1.0;0.18000000000000013;12.0;1.0;1.0;0.18000000000000013;12.0;1.0;1.0;0.18000000000000013;12.0;1.0;Now
18:08:16 16/07/2020;Thursday;0.1792;0.18000000000000013;1.0;0.45166359162544845;0.9212561190277483;1.0;0.18000000000000013;12.0;1.0;1.0;0.18000000000000013;12.0;1.0;1.0;0.18000000000000013;12.0;1.0;Now
22:53:24 16/07/2020;Thursday;0.1788;0.18000000000000013;1.0;0.45166359162544845;0.9212561190277483;1.0;0.18000000000000013;12.0;1.0;1.0;0.17966666666666678;12.0;1.0;1.0;0.18000000000000013;12.0;1.0;Now
03:47:22 17/07/2020;Friday;0.1789;0.18000000000000013;1.0;0.45166359162544845;0.9212561190277483;1.0;0.18000000000000013;12.0;1.0;1.0;0.17950000000000013;12.0;1.0;1.0;0.18000000000000013;12.0;1.0;Now
10:30:23 17/07/2020;Friday;0.1785;0.17900000000000013;1.0;0.4527692569068707;0.9370814408474422;1.0;0.17900000000000013;12.0;1.0;1.0;0.17900000000000013;12.0;1.0;1.0;0.17900000000000013;12.0;1.0;Now
17:04:57 17/07/2020;Friday;0.1779;0.17900000000000013;1.0;0.4527692569068707;0.9370814408474422;1.0;0.17900000000000013;12.0;1.0;1.0;0.17900000000000013;12.0;1.0;1.0;0.17900000000000013;12.0;1.0;Now
00:21:22 18/07/2020;Saturday;0.1785;0.17900000000000013;1.0;0.4527692569068707;0.9370814408474422;0.4083333333333333;0.17900000000000013;4.9;0.4083333333333333;1.0;0.17966666666666678;12.0;1.0;1.0;0.17950000000000013;12.0;1.0;Now
05:15:22 18/07/2020;Saturday;0.1791;0.18000000000000013;1.0;0.45166359162544845;0.9212561190277483;1.0;0.18000000000000013;12.0;1.0;1.0;0.18000000000000013;12.0;1.0;1.0;0.18000000000000013;12.0;1.0;Now
10:17:46 18/07/2020;Saturday;0.1793;0.18000000000000013;1.0;0.45166359162544845;0.9212561190277483;1.0;0.18000000000000013;12.0;1.0;1.0;0.18000000000000013;12.0;1.0;1.0;0.18000000000000013;12.0;1.0;Now
16:35:15 18/07/2020;Saturday;0.1791;0.18000000000000013;1.0;0.45166359162544845;0.9212561190277483;1.0;0.18000000000000013;12.0;1.0;1.0;0.18000000000000013;12.0;1.0;1.0;0.18000000000000013;12.0;1.0;Now
00:00:16 19/07/2020;Sunday;0.1792;0.18000000000000013;1.0;0.45166359162544845;0.9212561190277483;1.0;0.18000000000000013;12.0;1.0;1.0;0.18000000000000013;12.0;1.0;1.0;0.18000000000000013;12.0;1.0;Now
06:43:15 19/07/2020;Sunday;0.1789;0.18000000000000013;1.0;0.45166359162544845;0.9212561190277483;1.0;0.18000000000000013;12.0;1.0;1.0;0.17950000000000013;12.0;1.0;1.0;0.18000000000000013;12.0;1.0;Now
12:44:20 19/07/2020;Sunday;0.1786;0.17900000000000013;1.0;0.4527692569068707;0.9370814408474422;0.9214583333333334;0.17900000000000013;11.0575;0.9214583333333334;1.0;0.17933333333333346;12.0;1.0;0.9214583333333334;0.17900000000000013;11.0575;0.9214583333333334;Now
19:02:16 19/07/2020;Sunday;0.1787;0.17900000000000013;1.0;0.4527692569068707;0.9370814408474422;0.39655092592592595;0.17900000000000013;4.758611111111111;0.39655092592592595;1.0;0.17950000000000013;12.0;1.0;1.0;0.17950000000000013;12.0;1.0;Now
23:47:47 19/07/2020;Sunday;0.1792;0.18000000000000013;1.0;0.45166359162544845;0.9212561190277483;1.0;0.18000000000000013;12.0;1.0;1.0;0.18000000000000013;12.0;1.0;1.0;0.18000000000000013;12.0;1.0;Now
07:04:20 20/07/2020;Monday;0.1791;0.18000000000000013;1.0;0.45166359162544845;0.9212561190277483;1.0;0.18000000000000013;12.0;1.0;1.0;0.18000000000000013;12.0;1.0;1.0;0.18000000000000013;12.0;1.0;Now
14:12:21 20/07/2020;Monday;0.1788;0.18000000000000013;1.0;0.45166359162544845;0.9212561190277483;1.0;0.18000000000000013;12.0;1.0;1.0;0.18000000000000013;12.0;1.0;1.0;0.18000000000000013;12.0;1.0;Now
08:10:50 21/07/2020;Tuesday;0.178;0.17800000000000013;1.0;0.45387222871640853;0.952868211163259;1.0;0.17800000000000013;12.0;1.0;1.0;0.17800000000000013;12.0;1.0;1.0;0.17800000000000013;12.0;1.0;Now
13:47:31 21/07/2020;Tuesday;0.1774;0.17800000000000013;1.0;0.45387222871640853;0.952868211163259;1.0;0.17800000000000013;12.0;1.0;1.0;0.17800000000000013;12.0;1.0;1.0;0.17800000000000013;12.0;1.0;Now
20:08:12 21/07/2020;Tuesday;0.1772;0.17800000000000013;1.0;0.45387222871640853;0.952868211163259;1.0;0.17800000000000013;12.0;1.0;1.0;0.17800000000000013;12.0;1.0;1.0;0.17800000000000013;12.0;1.0;Now
02:48:23 22/07/2020;Wednesday;0.177;0.17800000000000013;1.0;0.45387222871640853;0.952868211163259;1.0;0.17800000000000013;12.0;1.0;1.0;0.17750000000000013;12.0;1.0;1.0;0.17800000000000013;12.0;1.0;Now
09:57:20 22/07/2020;Wednesday;0.1767;0.17700000000000013;1.0;0.4549725266430929;0.9686167103518414;1.0;0.17700000000000013;12.0;1.0;1.0;0.17700000000000013;12.0;1.0;1.0;0.17700000000000013;12.0;1.0;Now
15:50:37 22/07/2020;Wednesday;0.1764;0.17700000000000013;1.0;0.4549725266430929;0.9686167103518414;1.0;0.17700000000000013;12.0;1.0;1.0;0.17700000000000013;12.0;1.0;1.0;0.17700000000000013;12.0;1.0;Now
22:34:23 22/07/2020;Wednesday;0.1767;0.17700000000000013;1.0;0.4549725266430929;0.9686167103518414;0.6069444444444444;0.17700000000000013;7.283333333333333;0.6069444444444444;1.0;0.17750000000000013;12.0;1.0;0.6069444444444444;0.17700000000000013;7.283333333333333;0.6069444444444444;Now
05:51:23 23/07/2020;Thursday;0.1771;0.17800000000000013;1.0;0.45387222871640853;0.952868211163259;1.0;0.17800000000000013;12.0;1.0;1.0;0.17800000000000013;12.0;1.0;1.0;0.17800000000000013;12.0;1.0;Now
13:00:23 23/07/2020;Thursday;0.1766;0.17800000000000013;1.0;0.45387222871640853;0.952868211163259;1.0;0.17800000000000013;12.0;1.0;1.0;0.17766666666666678;12.0;1.0;1.0;0.17800000000000013;12.0;1.0;Now
19:27:24 23/07/2020;Thursday;0.1768;0.17700000000000013;1.0;0.4549725266430929;0.9686167103518414;0.45481481481481484;0.17700000000000013;5.457777777777777;0.45481481481481484;1.0;0.17766666666666678;12.0;1.0;0.45481481481481484;0.17700000000000013;5.457777777777777;0.45481481481481484;Now
00:54:52 24/07/2020;Friday;0.1775;0.17800000000000013;1.0;0.45387222871640853;0.952868211163259;1.0;0.17800000000000013;12.0;1.0;1.0;0.17800000000000013;12.0;1.0;1.0;0.17800000000000013;12.0;1.0;Now
05:49:23 24/07/2020;Friday;0.1774;0.17800000000000013;1.0;0.45387222871640853;0.952868211163259;1.0;0.17800000000000013;12.0;1.0;1.0;0.17800000000000013;12.0;1.0;1.0;0.17800000000000013;12.0;1.0;Now
11:59:23 24/07/2020;Friday;0.1778;0.17800000000000013;1.0;0.45387222871640853;0.952868211163259;1.0;0.17800000000000013;12.0;1.0;1.0;0.17800000000000013;12.0;1.0;1.0;0.17800000000000013;12.0;1.0;Now
17:10:25 24/07/2020;Friday;0.1776;0.17800000000000013;1.0;0.45387222871640853;0.952868211163259;1.0;0.17800000000000013;12.0;1.0;1.0;0.17800000000000013;12.0;1.0;1.0;0.17800000000000013;12.0;1.0;Now
22:55:24 24/07/2020;Friday;0.1775;0.17800000000000013;1.0;0.45387222871640853;0.952868211163259;1.0;0.17800000000000013;12.0;1.0;1.0;0.17800000000000013;12.0;1.0;1.0;0.17800000000000013;12.0;1.0;Now
04:57:02 25/07/2020;Saturday;0.1773;0.17800000000000013;1.0;0.45387222871640853;0.952868211163259;1.0;0.17800000000000013;12.0;1.0;1.0;0.17800000000000013;12.0;1.0;1.0;0.17800000000000013;12.0;1.0;Now
10:25:02 25/07/2020;Saturday;0.1772;0.17800000000000013;1.0;0.45387222871640853;0.952868211163259;1.0;0.17800000000000013;12.0;1.0;1.0;0.17800000000000013;12.0;1.0;1.0;0.17800000000000013;12.0;1.0;Now
10:46:43 25/07/2020;Saturday;0.1772;0.17800000000000013;1.0;0.45387222871640853;0.952868211163259;1.0;0.17800000000000013;12.0;1.0;1.0;0.17800000000000013;12.0;1.0;1.0;0.17800000000000013;12.0;1.0;Now
15:44:39 25/07/2020;Saturday;0.177;0.17800000000000013;1.0;0.45387222871640853;0.952868211163259;1.0;0.17800000000000013;12.0;1.0;1.0;0.17800000000000013;12.0;1.0;1.0;0.17800000000000013;12.0;1.0;Now
22:02:39 25/07/2020;Saturday;0.1771;0.17800000000000013;1.0;0.45387222871640853;0.952868211163259;1.0;0.17800000000000013;12.0;1.0;1.0;0.17800000000000013;12.0;1.0;1.0;0.17800000000000013;12.0;1.0;Now
03:31:03 26/07/2020;Sunday;0.1772;0.17800000000000013;1.0;0.45387222871640853;0.952868211163259;1.0;0.17800000000000013;12.0;1.0;1.0;0.17800000000000013;12.0;1.0;1.0;0.17800000000000013;12.0;1.0;Now
10:06:03 26/07/2020;Sunday;0.1769;0.17800000000000013;1.0;0.45387222871640853;0.952868211163259;1.0;0.17800000000000013;12.0;1.0;1.0;0.17750000000000013;12.0;1.0;1.0;0.17800000000000013;12.0;1.0;Now
17:06:33 26/07/2020;Sunday;0.1767;0.17700000000000013;1.0;0.4549725266430929;0.9686167103518414;1.0;0.17700000000000013;12.0;1.0;1.0;0.17700000000000013;12.0;1.0;1.0;0.17700000000000013;12.0;1.0;Now
00:15:32 27/07/2020;Monday;0.1765;0.17700000000000013;1.0;0.4549725266430929;0.9686167103518414;1.0;0.17700000000000013;12.0;1.0;1.0;0.17700000000000013;12.0;1.0;1.0;0.17700000000000013;12.0;1.0;Now
13:10:04 27/07/2020;Monday;0.1772;0.17800000000000013;1.0;0.45387222871640853;0.952868211163259;1.0;0.17800000000000013;12.0;1.0;1.0;0.17800000000000013;12.0;1.0;1.0;0.17800000000000013;12.0;1.0;Now
18:38:04 27/07/2020;Monday;0.1773;0.17800000000000013;1.0;0.45387222871640853;0.952868211163259;1.0;0.17800000000000013;12.0;1.0;1.0;0.17800000000000013;12.0;1.0;1.0;0.17800000000000013;12.0;1.0;Now
23:41:04 27/07/2020;Monday;0.1772;0.17800000000000013;1.0;0.45387222871640853;0.952868211163259;1.0;0.17800000000000013;12.0;1.0;1.0;0.17800000000000013;12.0;1.0;1.0;0.17800000000000013;12.0;1.0;Now
05:25:45 28/07/2020;Tuesday;0.1774;0.17800000000000013;1.0;0.45387222871640853;0.952868211163259;1.0;0.17800000000000013;12.0;1.0;1.0;0.17800000000000013;12.0;1.0;1.0;0.17800000000000013;12.0;1.0;Now
10:20:16 28/07/2020;Tuesday;0.1772;0.17800000000000013;1.0;0.45387222871640853;0.952868211163259;1.0;0.17800000000000013;12.0;1.0;1.0;0.17800000000000013;12.0;1.0;1.0;0.17800000000000013;12.0;1.0;Now
16:05:14 28/07/2020;Tuesday;0.1774;0.17800000000000013;1.0;0.45387222871640853;0.952868211163259;0.5652777777777778;0.17800000000000013;6.783333333333333;0.5652777777777778;1.0;0.17866666666666678;12.0;1.0;0.5652777777777778;0.17800000000000013;6.783333333333333;0.5652777777777778;Now
22:52:14 28/07/2020;Tuesday;0.1781;0.17900000000000013;1.0;0.4527692569068707;0.9370814408474422;1.0;0.17900000000000013;12.0;1.0;1.0;0.17900000000000013;12.0;1.0;1.0;0.17900000000000013;12.0;1.0;Now
03:38:43 29/07/2020;Wednesday;0.1783;0.17900000000000013;1.0;0.4527692569068707;0.9370814408474422;1.0;0.17900000000000013;12.0;1.0;1.0;0.17900000000000013;12.0;1.0;1.0;0.17900000000000013;12.0;1.0;Now
09:23:13 29/07/2020;Wednesday;0.1787;0.17900000000000013;1.0;0.4527692569068707;0.9370814408474422;1.0;0.17900000000000013;12.0;1.0;1.0;0.17900000000000013;12.0;1.0;1.0;0.17900000000000013;12.0;1.0;Now
14:26:15 29/07/2020;Wednesday;0.179;0.17900000000000013;1.0;0.4527692569068707;0.9370814408474422;1.0;0.17900000000000013;12.0;1.0;1.0;0.17900000000000013;12.0;1.0;1.0;0.17900000000000013;12.0;1.0;Now
21:18:44 29/07/2020;Wednesday;0.1786;0.17900000000000013;1.0;0.4527692569068707;0.9370814408474422;1.0;0.17900000000000013;12.0;1.0;1.0;0.17900000000000013;12.0;1.0;1.0;0.17900000000000013;12.0;1.0;Now
04:36:35 30/07/2020;Thursday;0.1776;0.17900000000000013;1.0;0.4527692569068707;0.9370814408474422;1.0;0.17900000000000013;12.0;1.0;1.0;0.17833333333333345;12.0;1.0;1.0;0.17900000000000013;12.0;1.0;Now
11:45:37 30/07/2020;Thursday;0.1775;0.17800000000000013;1.0;0.45387222871640853;0.952868211163259;1.0;0.17800000000000013;12.0;1.0;1.0;0.17800000000000013;12.0;1.0;1.0;0.17800000000000013;12.0;1.0;Now
15:58:01 30/07/2020;Thursday;0.1775;0.17800000000000013;1.0;0.45387222871640853;0.952868211163259;1.0;0.17800000000000013;12.0;1.0;1.0;0.17800000000000013;12.0;1.0;1.0;0.17800000000000013;12.0;1.0;Now
17:33:45 30/07/2020;Thursday;0.1777;0.17800000000000013;1.0;0.45387222871640853;0.952868211163259;1.0;0.17800000000000013;12.0;1.0;1.0;0.17800000000000013;12.0;1.0;1.0;0.17800000000000013;12.0;1.0;Now
23:17:15 30/07/2020;Thursday;0.1776;0.17800000000000013;1.0;0.45387222871640853;0.952868211163259;1.0;0.17800000000000013;12.0;1.0;1.0;0.17800000000000013;12.0;1.0;1.0;0.17800000000000013;12.0;1.0;Now
04:51:32 31/07/2020;Friday;0.1778;0.17800000000000013;1.0;0.45387222871640853;0.952868211163259;0.9464814814814815;0.17800000000000013;11.357777777777779;0.9464814814814815;1.0;0.17866666666666678;12.0;1.0;0.9464814814814815;0.17800000000000013;11.357777777777779;0.9464814814814815;Now
16:13:00 31/07/2020;Friday;0.1786;0.17900000000000013;1.0;0.4527692569068707;0.9370814408474422;1.0;0.17900000000000013;12.0;1.0;1.0;0.17900000000000013;12.0;1.0;1.0;0.17900000000000013;12.0;1.0;Now
16:13:00 31/07/2020;Friday;0.1786;0.17900000000000013;1.0;0.4527692569068707;0.9370814408474422;1.0;0.17900000000000013;12.0;1.0;1.0;0.17900000000000013;12.0;1.0;1.0;0.17900000000000013;12.0;1.0;Now
03:43:02 01/08/2020;Saturday;0.1787;0.17900000000000013;1.0;0.4527692569068707;0.9370814408474422;0.4555092592592593;0.17900000000000013;5.466111111111111;0.4555092592592593;1.0;0.17966666666666678;12.0;1.0;0.4555092592592593;0.17900000000000013;5.466111111111111;0.4555092592592593;Now
09:11:00 01/08/2020;Saturday;0.1796;0.18000000000000013;1.0;0.45166359162544845;0.9212561190277483;1.0;0.18000000000000013;12.0;1.0;1.0;0.18000000000000013;12.0;1.0;1.0;0.18000000000000013;12.0;1.0;Now
14:39:02 01/08/2020;Saturday;0.1798;0.18000000000000013;1.0;0.45166359162544845;0.9212561190277483;1.0;0.18000000000000013;12.0;1.0;1.0;0.18000000000000013;12.0;1.0;1.0;0.18000000000000013;12.0;1.0;Now
02:00:31 02/08/2020;Sunday;0.18;0.18000000000000013;1.0;0.45166359162544845;0.9212561190277483;0.3972222222222222;0.18000000000000013;4.766666666666667;0.3972222222222222;1.0;0.18100000000000013;12.0;1.0;0.9813425925925926;0.18050000000000013;11.776111111111112;0.9813425925925926;Now
06:46:31 02/08/2020;Sunday;0.1803;0.18100000000000013;1.0;0.45055521304275226;0.9053919618872976;0.5841203703703703;0.18100000000000013;7.009444444444444;0.5841203703703703;1.0;0.18150000000000013;12.0;1.0;0.5841203703703703;0.18100000000000013;7.009444444444444;0.5841203703703703;Now
13:47:05 02/08/2020;Sunday;0.1813;0.18200000000000013;1.0;0.4494441010848845;0.8894886821095793;1.0;0.18200000000000013;12.0;1.0;1.0;0.18200000000000013;12.0;1.0;1.0;0.18200000000000013;12.0;1.0;Now
21:13:01 02/08/2020;Sunday;0.182;0.18200000000000013;1.0;0.4494441010848845;0.8894886821095793;0.45567129629629627;0.18200000000000013;5.468055555555556;0.45567129629629627;1.0;0.18300000000000013;12.0;1.0;0.9930787037037037;0.18250000000000013;11.916944444444445;0.9930787037037037;Now
02:41:06 03/08/2020;Monday;0.1822;0.18300000000000013;1.0;0.44833023542919775;0.8735459888177433;0.5374074074074074;0.18300000000000013;6.448888888888889;0.5374074074074074;1.0;0.18350000000000014;12.0;1.0;0.5374074074074074;0.18300000000000013;6.448888888888889;0.5374074074074074;Now
09:08:02 03/08/2020;Monday;0.1831;0.18400000000000014;1.0;0.4472135954999578;0.8575635875125208;1.0;0.18400000000000014;12.0;1.0;1.0;0.18400000000000014;12.0;1.0;1.0;0.18400000000000014;12.0;1.0;Now
23:09:01 03/08/2020;Monday;0.1827;0.18300000000000013;1.0;0.44833023542919775;0.8735459888177433;1.0;0.18300000000000013;12.0;1.0;1.0;0.18300000000000013;12.0;1.0;1.0;0.18300000000000013;12.0;1.0;Now
03:47:01 04/08/2020;Tuesday;0.1828;0.18300000000000013;1.0;0.44833023542919775;0.8735459888177433;0.9347916666666667;0.18300000000000013;11.2175;0.9347916666666667;1.0;0.18333333333333346;12.0;1.0;0.9347916666666667;0.18300000000000013;11.2175;0.9347916666666667;Now
09:15:03 04/08/2020;Tuesday;0.183;0.18300000000000013;1.0;0.44833023542919775;0.8735459888177433;0.4791898148148148;0.18300000000000013;5.750277777777778;0.4791898148148148;1.0;0.18350000000000014;12.0;1.0;1.0;0.18350000000000014;12.0;1.0;Now
15:00:04 04/08/2020;Tuesday;0.1833;0.18400000000000014;1.0;0.4472135954999578;0.8575635875125208;1.0;0.18400000000000014;12.0;1.0;1.0;0.18400000000000014;12.0;1.0;1.0;0.18400000000000014;12.0;1.0;Now
05:43:15 05/08/2020;Wednesday;0.1838;0.18400000000000014;1.0;0.4472135954999578;0.8575635875125208;1.0;0.18400000000000014;12.0;1.0;1.0;0.18400000000000014;12.0;1.0;1.0;0.18400000000000014;12.0;1.0;Now
10:20:45 05/08/2020;Wednesday;0.1835;0.18400000000000014;1.0;0.4472135954999578;0.8575635875125208;0.9118055555555555;0.18400000000000014;10.941666666666666;0.9118055555555555;1.0;0.18433333333333346;12.0;1.0;0.9118055555555555;0.18400000000000014;10.941666666666666;0.9118055555555555;Now
15:06:45 05/08/2020;Wednesday;0.1836;0.18400000000000014;1.0;0.4472135954999578;0.8575635875125208;0.5145833333333333;0.18400000000000014;6.175;0.5145833333333333;1.0;0.18450000000000014;12.0;1.0;0.5145833333333333;0.18400000000000014;6.175;0.5145833333333333;Now
21:17:15 05/08/2020;Wednesday;0.1841;0.18500000000000014;1.0;0.4460941604639091;0.8415411800087566;1.0;0.18500000000000014;12.0;1.0;1.0;0.18500000000000014;12.0;1.0;1.0;0.18500000000000014;12.0;1.0;Now
03:52:15 06/08/2020;Thursday;0.1843;0.18500000000000014;1.0;0.4460941604639091;0.8415411800087566;1.0;0.18500000000000014;12.0;1.0;1.0;0.18500000000000014;12.0;1.0;1.0;0.18500000000000014;12.0;1.0;Now
08:55:19 06/08/2020;Thursday;0.1844;0.18500000000000014;1.0;0.4460941604639091;0.8415411800087566;1.0;0.18500000000000014;12.0;1.0;1.0;0.18500000000000014;12.0;1.0;1.0;0.18500000000000014;12.0;1.0;Now
15:38:44 06/08/2020;Thursday;0.1849;0.18500000000000014;1.0;0.4460941604639091;0.8415411800087566;0.5840509259259259;0.18500000000000014;7.008611111111111;0.5840509259259259;1.0;0.18550000000000014;12.0;1.0;0.5840509259259259;0.18500000000000014;7.008611111111111;0.5840509259259259;Now
22:39:15 06/08/2020;Thursday;0.1854;0.18600000000000014;1.0;0.44497190922573965;0.8254784643704975;1.0;0.18600000000000014;12.0;1.0;1.0;0.18600000000000014;12.0;1.0;1.0;0.18600000000000014;12.0;1.0;Now
03:58:58 07/08/2020;Friday;0.1852;0.18600000000000014;1.0;0.44497190922573965;0.8254784643704975;1.0;0.18600000000000014;12.0;1.0;1.0;0.18600000000000014;12.0;1.0;1.0;0.18600000000000014;12.0;1.0;Now
10:42:27 07/08/2020;Friday;0.185;0.18600000000000014;1.0;0.44497190922573965;0.8254784643704975;1.0;0.18600000000000014;12.0;1.0;1.0;0.18600000000000014;12.0;1.0;1.0;0.18600000000000014;12.0;1.0;Now
17:17:57 07/08/2020;Friday;0.1858;0.18600000000000014;1.0;0.44497190922573965;0.8254784643704975;1.0;0.18600000000000014;12.0;1.0;1.0;0.18600000000000014;12.0;1.0;1.0;0.18600000000000014;12.0;1.0;Now
22:11:57 07/08/2020;Friday;0.1856;0.18600000000000014;1.0;0.44497190922573965;0.8254784643704975;1.0;0.18600000000000014;12.0;1.0;1.0;0.18600000000000014;12.0;1.0;1.0;0.18600000000000014;12.0;1.0;Now
04:56:02 08/08/2020;Saturday;0.1851;0.18600000000000014;1.0;0.44497190922573965;0.8254784643704975;1.0;0.18600000000000014;12.0;1.0;1.0;0.18600000000000014;12.0;1.0;1.0;0.18600000000000014;12.0;1.0;Now
12:04:57 08/08/2020;Saturday;0.1845;0.18600000000000014;1.0;0.44497190922573965;0.8254784643704975;1.0;0.18600000000000014;12.0;1.0;1.0;0.18550000000000014;12.0;1.0;1.0;0.18600000000000014;12.0;1.0;Now
21:01:27 08/08/2020;Saturday;0.1845;0.18500000000000014;1.0;0.4460941604639091;0.8415411800087566;1.0;0.18500000000000014;12.0;1.0;1.0;0.18500000000000014;12.0;1.0;1.0;0.18500000000000014;12.0;1.0;Now
01:57:26 09/08/2020;Sunday;0.1844;0.18500000000000014;1.0;0.4460941604639091;0.8415411800087566;1.0;0.18500000000000014;12.0;1.0;1.0;0.18500000000000014;12.0;1.0;1.0;0.18500000000000014;12.0;1.0;Now
08:32:28 09/08/2020;Sunday;0.1848;0.18500000000000014;1.0;0.4460941604639091;0.8415411800087566;1.0;0.18500000000000014;12.0;1.0;1.0;0.18500000000000014;12.0;1.0;1.0;0.18500000000000014;12.0;1.0;Now
15:49:56 09/08/2020;Sunday;0.1847;0.18500000000000014;1.0;0.4460941604639091;0.8415411800087566;1.0;0.18500000000000014;12.0;1.0;1.0;0.18500000000000014;12.0;1.0;1.0;0.18500000000000014;12.0;1.0;Now
02:20:25 10/08/2020;Monday;0.1844;0.18500000000000014;1.0;0.4460941604639091;0.8415411800087566;1.0;0.18500000000000014;12.0;1.0;1.0;0.18500000000000014;12.0;1.0;1.0;0.18500000000000014;12.0;1.0;Now
09:37:55 10/08/2020;Monday;0.1842;0.18500000000000014;1.0;0.4460941604639091;0.8415411800087566;1.0;0.18500000000000014;12.0;1.0;1.0;0.18500000000000014;12.0;1.0;1.0;0.18500000000000014;12.0;1.0;Now
15:30:59 10/08/2020;Monday;0.1843;0.18500000000000014;1.0;0.4460941604639091;0.8415411800087566;1.0;0.18500000000000014;12.0;1.0;1.0;0.18500000000000014;12.0;1.0;1.0;0.18500000000000014;12.0;1.0;Now
18:15:03 10/08/2020;Monday;0.1843;0.18500000000000014;1.0;0.4460941604639091;0.8415411800087566;1.0;0.18500000000000014;12.0;1.0;1.0;0.18500000000000014;12.0;1.0;1.0;0.18500000000000014;12.0;1.0;Now
21:14:57 10/08/2020;Monday;0.1847;0.18500000000000014;1.0;0.4460941604639091;0.8415411800087566;1.0;0.18500000000000014;12.0;1.0;1.0;0.18500000000000014;12.0;1.0;1.0;0.18500000000000014;12.0;1.0;Now
03:02:26 11/08/2020;Tuesday;0.1844;0.18500000000000014;1.0;0.4460941604639091;0.8415411800087566;1.0;0.18500000000000014;12.0;1.0;1.0;0.18500000000000014;12.0;1.0;1.0;0.18500000000000014;12.0;1.0;Now
09:03:57 11/08/2020;Tuesday;0.1847;0.18500000000000014;1.0;0.4460941604639091;0.8415411800087566;1.0;0.18500000000000014;12.0;1.0;1.0;0.18500000000000014;12.0;1.0;1.0;0.18500000000000014;12.0;1.0;Now
15:47:53 11/08/2020;Tuesday;0.1843;0.18500000000000014;1.0;0.4460941604639091;0.8415411800087566;1.0;0.18500000000000014;12.0;1.0;1.0;0.18500000000000014;12.0;1.0;1.0;0.18500000000000014;12.0;1.0;Now
03:01:23 12/08/2020;Wednesday;0.1841;0.18500000000000014;1.0;0.4460941604639091;0.8415411800087566;1.0;0.18500000000000014;12.0;1.0;1.0;0.18500000000000014;12.0;1.0;1.0;0.18500000000000014;12.0;1.0;Now
17:10:40 12/08/2020;Wednesday;0.1846;0.18500000000000014;1.0;0.4460941604639091;0.8415411800087566;0.5138194444444445;0.18500000000000014;6.1658333333333335;0.5138194444444445;1.0;0.18550000000000014;12.0;1.0;0.5138194444444445;0.18500000000000014;6.1658333333333335;0.5138194444444445;Now
23:20:37 12/08/2020;Wednesday;0.1851;0.18600000000000014;1.0;0.44497190922573965;0.8254784643704975;1.0;0.18600000000000014;12.0;1.0;1.0;0.18600000000000014;12.0;1.0;1.0;0.18600000000000014;12.0;1.0;Now
05:22:04 13/08/2020;Thursday;0.185;0.18600000000000014;1.0;0.44497190922573965;0.8254784643704975;1.0;0.18600000000000014;12.0;1.0;1.0;0.18600000000000014;12.0;1.0;1.0;0.18600000000000014;12.0;1.0;Now
10:58:32 13/08/2020;Thursday;0.1853;0.18600000000000014;1.0;0.44497190922573965;0.8254784643704975;1.0;0.18600000000000014;12.0;1.0;1.0;0.18600000000000014;12.0;1.0;1.0;0.18600000000000014;12.0;1.0;Now
16:35:05 13/08/2020;Thursday;0.1852;0.18600000000000014;1.0;0.44497190922573965;0.8254784643704975;1.0;0.18600000000000014;12.0;1.0;1.0;0.18600000000000014;12.0;1.0;1.0;0.18600000000000014;12.0;1.0;Now
23:27:03 13/08/2020;Thursday;0.1844;0.18600000000000014;1.0;0.44497190922573965;0.8254784643704975;1.0;0.18600000000000014;12.0;1.0;1.0;0.18533333333333346;12.0;1.0;1.0;0.18600000000000014;12.0;1.0;Now
05:45:46 14/08/2020;Friday;0.1841;0.18500000000000014;1.0;0.4460941604639091;0.8415411800087566;1.0;0.18500000000000014;12.0;1.0;1.0;0.18500000000000014;12.0;1.0;1.0;0.18500000000000014;12.0;1.0;Now
10:48:31 14/08/2020;Friday;0.1843;0.18500000000000014;1.0;0.4460941604639091;0.8415411800087566;1.0;0.18500000000000014;12.0;1.0;1.0;0.18500000000000014;12.0;1.0;1.0;0.18500000000000014;12.0;1.0;Now
18:22:46 14/08/2020;Friday;0.1841;0.18500000000000014;1.0;0.4460941604639091;0.8415411800087566;1.0;0.18500000000000014;12.0;1.0;1.0;0.18500000000000014;12.0;1.0;1.0;0.18500000000000014;12.0;1.0;Now
00:07:30 15/08/2020;Saturday;0.1842;0.18500000000000014;1.0;0.4460941604639091;0.8415411800087566;1.0;0.18500000000000014;12.0;1.0;1.0;0.18500000000000014;12.0;1.0;1.0;0.18500000000000014;12.0;1.0;Now
05:02:01 15/08/2020;Saturday;0.1841;0.18500000000000014;1.0;0.4460941604639091;0.8415411800087566;1.0;0.18500000000000014;12.0;1.0;1.0;0.18500000000000014;12.0;1.0;1.0;0.18500000000000014;12.0;1.0;Now
16:32:03 15/08/2020;Saturday;0.1846;0.18500000000000014;1.0;0.4460941604639091;0.8415411800087566;1.0;0.18500000000000014;12.0;1.0;1.0;0.18500000000000014;12.0;1.0;1.0;0.18500000000000014;12.0;1.0;Now
22:42:03 15/08/2020;Saturday;0.1848;0.18500000000000014;1.0;0.4460941604639091;0.8415411800087566;1.0;0.18500000000000014;12.0;1.0;1.0;0.18500000000000014;12.0;1.0;1.0;0.18500000000000014;12.0;1.0;Now
04:52:40 16/08/2020;Sunday;0.1847;0.18500000000000014;1.0;0.4460941604639091;0.8415411800087566;1.0;0.18500000000000014;12.0;1.0;1.0;0.18500000000000014;12.0;1.0;1.0;0.18500000000000014;12.0;1.0;Now
11:36:02 16/08/2020;Sunday;0.1848;0.18500000000000014;1.0;0.4460941604639091;0.8415411800087566;1.0;0.18500000000000014;12.0;1.0;1.0;0.18500000000000014;12.0;1.0;1.0;0.18500000000000014;12.0;1.0;Now
16:22:13 16/08/2020;Sunday;0.185;0.18500000000000014;1.0;0.4460941604639091;0.8415411800087566;1.0;0.18500000000000014;12.0;1.0;1.0;0.18500000000000014;12.0;1.0;1.0;0.18500000000000014;12.0;1.0;Now
21:50:38 16/08/2020;Sunday;0.1849;0.18500000000000014;1.0;0.4460941604639091;0.8415411800087566;1.0;0.18500000000000014;12.0;1.0;1.0;0.18500000000000014;12.0;1.0;1.0;0.18500000000000014;12.0;1.0;Now
02:44:33 17/08/2020;Monday;0.1845;0.18500000000000014;1.0;0.4460941604639091;0.8415411800087566;1.0;0.18500000000000014;12.0;1.0;1.0;0.18500000000000014;12.0;1.0;1.0;0.18500000000000014;12.0;1.0;Now
07:22:30 17/08/2020;Monday;0.1841;0.18500000000000014;1.0;0.4460941604639091;0.8415411800087566;1.0;0.18500000000000014;12.0;1.0;1.0;0.18500000000000014;12.0;1.0;1.0;0.18500000000000014;12.0;1.0;Now
14:48:02 17/08/2020;Monday;0.1844;0.18500000000000014;1.0;0.4460941604639091;0.8415411800087566;1.0;0.18500000000000014;12.0;1.0;1.0;0.18500000000000014;12.0;1.0;1.0;0.18500000000000014;12.0;1.0;Now
20:41:38 17/08/2020;Monday;0.1834;0.18500000000000014;1.0;0.4460941604639091;0.8415411800087566;1.0;0.18500000000000014;12.0;1.0;1.0;0.18466666666666678;12.0;1.0;1.0;0.18500000000000014;12.0;1.0;Now
02:18:24 18/08/2020;Tuesday;0.1827;0.18500000000000014;1.0;0.4460941604639091;0.8415411800087566;1.0;0.18500000000000014;12.0;1.0;1.0;0.18450000000000014;12.0;1.0;1.0;0.18450000000000014;12.0;1.0;Now
07:55:19 18/08/2020;Tuesday;0.1821;0.18400000000000014;1.0;0.4472135954999578;0.8575635875125208;1.0;0.18400000000000014;12.0;1.0;1.0;0.18350000000000014;12.0;1.0;1.0;0.18400000000000014;12.0;1.0;Now
14:30:27 18/08/2020;Tuesday;0.182;0.18300000000000013;1.0;0.44833023542919775;0.8735459888177433;1.0;0.18300000000000013;12.0;1.0;1.0;0.18250000000000013;12.0;1.0;1.0;0.18300000000000013;12.0;1.0;Now
22:04:20 18/08/2020;Tuesday;0.1816;0.18200000000000013;1.0;0.4494441010848845;0.8894886821095793;1.0;0.18200000000000013;12.0;1.0;1.0;0.18200000000000013;12.0;1.0;1.0;0.18200000000000013;12.0;1.0;Now
03:24:31 19/08/2020;Wednesday;0.1813;0.18200000000000013;1.0;0.4494441010848845;0.8894886821095793;1.0;0.18200000000000013;12.0;1.0;1.0;0.18200000000000013;12.0;1.0;1.0;0.18200000000000013;12.0;1.0;Now
09:51:29 19/08/2020;Wednesday;0.1806;0.18200000000000013;1.0;0.4494441010848845;0.8894886821095793;1.0;0.18200000000000013;12.0;1.0;1.0;0.18166666666666678;12.0;1.0;1.0;0.18200000000000013;12.0;1.0;Now
14:45:51 19/08/2020;Wednesday;0.1808;0.18200000000000013;1.0;0.4494441010848845;0.8894886821095793;1.0;0.18200000000000013;12.0;1.0;1.0;0.18133333333333346;12.0;1.0;1.0;0.18150000000000013;12.0;1.0;Now
19:32:01 19/08/2020;Wednesday;0.181;0.18100000000000013;1.0;0.45055521304275226;0.9053919618872976;1.0;0.18100000000000013;12.0;1.0;1.0;0.18100000000000013;12.0;1.0;1.0;0.18100000000000013;12.0;1.0;Now
01:33:50 20/08/2020;Thursday;0.1801;0.18100000000000013;1.0;0.45055521304275226;0.9053919618872976;1.0;0.18100000000000013;12.0;1.0;1.0;0.18100000000000013;12.0;1.0;1.0;0.18100000000000013;12.0;1.0;Now
06:45:19 20/08/2020;Thursday;0.1799;0.18100000000000013;1.0;0.45055521304275226;0.9053919618872976;1.0;0.18100000000000013;12.0;1.0;1.0;0.18100000000000013;12.0;1.0;1.0;0.18100000000000013;12.0;1.0;Now
14:11:20 20/08/2020;Thursday;0.1803;0.18100000000000013;1.0;0.45055521304275226;0.9053919618872976;1.0;0.18100000000000013;12.0;1.0;1.0;0.18100000000000013;12.0;1.0;1.0;0.18100000000000013;12.0;1.0;Now
18:57:20 20/08/2020;Thursday;0.1804;0.18100000000000013;1.0;0.45055521304275226;0.9053919618872976;1.0;0.18100000000000013;12.0;1.0;1.0;0.18100000000000013;12.0;1.0;1.0;0.18100000000000013;12.0;1.0;Now
06:19:05 21/08/2020;Friday;0.1805;0.18100000000000013;1.0;0.45055521304275226;0.9053919618872976;1.0;0.18100000000000013;12.0;1.0;1.0;0.18100000000000013;12.0;1.0;1.0;0.18100000000000013;12.0;1.0;Now
13:11:37 21/08/2020;Friday;0.1809;0.18100000000000013;1.0;0.45055521304275226;0.9053919618872976;1.0;0.18100000000000013;12.0;1.0;1.0;0.18100000000000013;12.0;1.0;1.0;0.18100000000000013;12.0;1.0;Now
03:46:33 22/08/2020;Saturday;0.1816;0.18200000000000013;1.0;0.4494441010848845;0.8894886821095793;1.0;0.18200000000000013;12.0;1.0;1.0;0.18200000000000013;12.0;1.0;1.0;0.18200000000000013;12.0;1.0;Now
10:21:36 22/08/2020;Saturday;0.182;0.18200000000000013;1.0;0.4494441010848845;0.8894886821095793;0.5146759259259259;0.18200000000000013;6.176111111111111;0.5146759259259259;1.0;0.18250000000000013;12.0;1.0;0.5146759259259259;0.18200000000000013;6.176111111111111;0.5146759259259259;Now
16:32:10 22/08/2020;Saturday;0.1827;0.18300000000000013;1.0;0.44833023542919775;0.8735459888177433;0.6075694444444445;0.18300000000000013;7.2908333333333335;0.6075694444444445;1.0;0.18350000000000014;12.0;1.0;0.6075694444444445;0.18300000000000013;7.2908333333333335;0.6075694444444445;Now
23:49:37 22/08/2020;Saturday;0.1833;0.18400000000000014;1.0;0.4472135954999578;0.8575635875125208;0.9003009259259259;0.18400000000000014;10.803611111111111;0.9003009259259259;1.0;0.18433333333333346;12.0;1.0;0.9003009259259259;0.18400000000000014;10.803611111111111;0.9003009259259259;Now
05:43:08 23/08/2020;Sunday;0.1836;0.18400000000000014;1.0;0.4472135954999578;0.8575635875125208;0.40930555555555553;0.18400000000000014;4.911666666666667;0.40930555555555553;1.0;0.18500000000000014;12.0;1.0;0.8527546296296297;0.18450000000000014;10.233055555555556;0.8527546296296297;Now
10:37:50 23/08/2020;Sunday;0.1848;0.18500000000000014;1.0;0.4460941604639091;0.8415411800087566;0.4434490740740741;0.18500000000000014;5.3213888888888885;0.4434490740740741;1.0;0.18566666666666679;12.0;1.0;0.4434490740740741;0.18500000000000014;5.3213888888888885;0.4434490740740741;Now
15:57:07 23/08/2020;Sunday;0.1852;0.18600000000000014;1.0;0.44497190922573965;0.8254784643704975;1.0;0.18600000000000014;12.0;1.0;1.0;0.18600000000000014;12.0;1.0;1.0;0.18600000000000014;12.0;1.0;Now
21:17:06 23/08/2020;Sunday;0.1859;0.18600000000000014;1.0;0.44497190922573965;0.8254784643704975;0.5847222222222223;0.18600000000000014;7.016666666666667;0.5847222222222223;1.0;0.18700000000000014;12.0;1.0;0.5847222222222223;0.18600000000000014;7.016666666666667;0.5847222222222223;Now
04:18:06 24/08/2020;Monday;0.1871;0.18800000000000014;1.0;0.44271887242357294;0.7932308817928501;1.0;0.18800000000000014;12.0;1.0;1.0;0.18800000000000014;12.0;1.0;1.0;0.18800000000000014;12.0;1.0;Now
09:29:07 24/08/2020;Monday;0.1878;0.18800000000000014;1.0;0.44271887242357294;0.7932308817928501;1.0;0.18800000000000014;12.0;1.0;1.0;0.18800000000000014;12.0;1.0;1.0;0.18800000000000014;12.0;1.0;Now
14:24:09 24/08/2020;Monday;0.1879;0.18800000000000014;1.0;0.44271887242357294;0.7932308817928501;0.5958564814814815;0.18800000000000014;7.150277777777778;0.5958564814814815;1.0;0.18850000000000014;12.0;1.0;0.5958564814814815;0.18800000000000014;7.150277777777778;0.5958564814814815;Now
21:33:10 24/08/2020;Monday;0.189;0.18900000000000014;1.0;0.4415880433163922;0.7770453916224499;0.619375;0.18900000000000014;7.4325;0.619375;1.0;0.18950000000000014;12.0;1.0;0.619375;0.18900000000000014;7.4325;0.619375;Now
04:59:07 25/08/2020;Tuesday;0.1896;0.19000000000000014;1.0;0.44045431091090465;0.7608183467149922;0.5611574074074074;0.19000000000000014;6.733888888888889;0.5611574074074074;1.0;0.19050000000000014;12.0;1.0;0.5611574074074074;0.19000000000000014;6.733888888888889;0.5611574074074074;Now
11:43:09 25/08/2020;Tuesday;0.1906;0.19100000000000014;1.0;0.4393176527297758;0.7445494253537162;0.5076388888888889;0.19100000000000014;6.091666666666667;0.5076388888888889;1.0;0.19200000000000014;12.0;1.0;0.5076388888888889;0.19100000000000014;6.091666666666667;0.5076388888888889;Now
17:48:39 25/08/2020;Tuesday;0.1921;0.19300000000000014;1.0;0.43703546766824297;0.7118846454626472;0.5236111111111111;0.19300000000000014;6.283333333333333;0.5236111111111111;1.0;0.1946666666666668;12.0;1.0;0.5236111111111111;0.19300000000000014;6.283333333333333;0.5236111111111111;Now
00:05:39 26/08/2020;Wednesday;0.1943;0.19500000000000015;1.0;0.434741302385683;0.6790483933761395;0.44375;0.19500000000000015;5.325;0.44375;1.0;0.19550000000000015;12.0;1.0;1.0;0.19550000000000015;12.0;1.0;Now
05:25:09 26/08/2020;Wednesday;0.1952;0.19600000000000015;1.0;0.4335896677735758;0.6625651152434929;0.5729166666666666;0.19600000000000015;6.875;0.5729166666666666;1.0;0.19650000000000015;12.0;1.0;0.5729166666666666;0.19600000000000015;6.875;0.5729166666666666;Now
12:17:39 26/08/2020;Wednesday;0.1965;0.19700000000000015;1.0;0.4324349662087929;0.6460379399984785;1.0;0.19700000000000015;12.0;1.0;1.0;0.19700000000000015;12.0;1.0;1.0;0.19700000000000015;12.0;1.0;Now
19:10:13 26/08/2020;Wednesday;0.1957;0.19700000000000015;1.0;0.4324349662087929;0.6460379399984785;0.5369212962962963;0.19700000000000015;6.4430555555555555;0.5369212962962963;1.0;0.19750000000000015;12.0;1.0;0.5369212962962963;0.19700000000000015;6.4430555555555555;0.5369212962962963;Now
01:36:48 27/08/2020;Thursday;0.1975;0.19800000000000015;1.0;0.43127717305695634;0.6294665150507018;0.5492824074074074;0.19800000000000015;6.591388888888889;0.5492824074074074;1.0;0.19850000000000015;12.0;1.0;0.5492824074074074;0.19800000000000015;6.591388888888889;0.5492824074074074;Now
08:12:17 27/08/2020;Thursday;0.1988;0.19900000000000015;1.0;0.43011626335213116;0.6128504830642113;0.5729861111111111;0.19900000000000015;6.8758333333333335;0.5729861111111111;1.0;0.19950000000000015;12.0;1.0;0.5729861111111111;0.19900000000000015;6.8758333333333335;0.5729861111111111;Now
15:04:50 27/08/2020;Thursday;0.1994;0.20000000000000015;1.0;0.42895221179054416;0.5961894818675967;0.4673148148148148;0.20000000000000015;5.607777777777778;0.4673148148148148;1.0;0.20100000000000015;12.0;1.0;1.0;0.20100000000000015;12.0;1.0;Now
20:41:18 27/08/2020;Thursday;0.2014;0.20200000000000015;1.0;0.42661458015403064;0.5627310984261472;0.9812037037037037;0.20200000000000015;11.774444444444445;0.9812037037037037;1.0;0.20250000000000015;12.0;1.0;0.9812037037037037;0.20200000000000015;11.774444444444445;0.9812037037037037;Now
08:27:46 28/08/2020;Friday;0.2027;0.20300000000000015;1.0;0.42544094772365276;0.5459329668208316;1.0;0.20300000000000015;12.0;1.0;1.0;0.20300000000000015;12.0;1.0;1.0;0.20300000000000015;12.0;1.0;Now
15:12:15 28/08/2020;Friday;0.2018;0.20300000000000015;1.0;0.42544094772365276;0.5459329668208316;1.0;0.20300000000000015;12.0;1.0;1.0;0.20300000000000015;12.0;1.0;1.0;0.20300000000000015;12.0;1.0;Now
22:47:20 28/08/2020;Friday;0.2026;0.20300000000000015;1.0;0.42544094772365276;0.5459329668208316;1.0;0.20300000000000015;12.0;1.0;1.0;0.20300000000000015;12.0;1.0;1.0;0.20300000000000015;12.0;1.0;Now
05:49:13 29/08/2020;Saturday;0.2016;0.20300000000000015;1.0;0.42544094772365276;0.5459329668208316;0.898587962962963;0.20300000000000015;10.783055555555556;0.898587962962963;1.0;0.20333333333333348;12.0;1.0;0.898587962962963;0.20300000000000015;10.783055555555556;0.898587962962963;Now
11:34:51 29/08/2020;Saturday;0.2028;0.20300000000000015;1.0;0.42544094772365276;0.5459329668208316;0.41854166666666665;0.20300000000000015;5.0225;0.41854166666666665;1.0;0.20400000000000015;12.0;1.0;0.9359722222222222;0.20350000000000015;11.231666666666667;0.9359722222222222;Now
16:36:12 29/08/2020;Saturday;0.204;0.20400000000000015;1.0;0.42426406871192834;0.5290883670886009;0.5174305555555555;0.20400000000000015;6.2091666666666665;0.5174305555555555;1.0;0.20450000000000015;12.0;1.0;0.5174305555555555;0.20400000000000015;6.2091666666666665;0.5174305555555555;Now
22:48:45 29/08/2020;Saturday;0.2046;0.20500000000000015;1.0;0.42308391602612344;0.5121969114527555;0.4926157407407407;0.20500000000000015;5.911388888888889;0.4926157407407407;1.0;0.20550000000000015;12.0;1.0;1.0;0.20550000000000015;12.0;1.0;Now
04:43:26 30/08/2020;Sunday;0.2053;0.20600000000000016;1.0;0.42190046219457955;0.4952582067130709;1.0;0.20600000000000016;12.0;1.0;1.0;0.20600000000000016;12.0;1.0;1.0;0.20600000000000016;12.0;1.0;Now
12:18:36 30/08/2020;Sunday;0.2048;0.20600000000000016;1.0;0.42190046219457955;0.4952582067130709;1.0;0.20600000000000016;12.0;1.0;1.0;0.20533333333333348;12.0;1.0;1.0;0.20550000000000015;12.0;1.0;Now
16:56:19 30/08/2020;Sunday;0.2044;0.20500000000000015;1.0;0.42308391602612344;0.5121969114527555;1.0;0.20500000000000015;12.0;1.0;1.0;0.20500000000000015;12.0;1.0;1.0;0.20500000000000015;12.0;1.0;Now
22:25:19 30/08/2020;Sunday;0.2036;0.20500000000000015;1.0;0.42308391602612344;0.5121969114527555;1.0;0.20500000000000015;12.0;1.0;1.0;0.2046666666666668;12.0;1.0;1.0;0.20500000000000015;12.0;1.0;Now
03:54:16 31/08/2020;Monday;0.2031;0.20500000000000015;1.0;0.42308391602612344;0.5121969114527555;1.0;0.20500000000000015;12.0;1.0;1.0;0.20433333333333348;12.0;1.0;1.0;0.20450000000000015;12.0;1.0;Now
08:40:45 31/08/2020;Monday;0.2034;0.20400000000000015;1.0;0.42426406871192834;0.5290883670886009;1.0;0.20400000000000015;12.0;1.0;1.0;0.20400000000000015;12.0;1.0;1.0;0.20400000000000015;12.0;1.0;Now
13:44:21 31/08/2020;Monday;0.2023;0.20400000000000015;1.0;0.42426406871192834;0.5290883670886009;1.0;0.20400000000000015;12.0;1.0;1.0;0.20333333333333348;12.0;1.0;1.0;0.20400000000000015;12.0;1.0;Now
21:19:44 31/08/2020;Monday;0.2026;0.20300000000000015;1.0;0.42544094772365276;0.5459329668208316;1.0;0.20300000000000015;12.0;1.0;1.0;0.20300000000000015;12.0;1.0;1.0;0.20300000000000015;12.0;1.0;Now
21:19:44 31/08/2020;Monday;0.2026;0.20300000000000015;1.0;0.42544094772365276;0.5459329668208316;1.0;0.20300000000000015;12.0;1.0;1.0;0.20300000000000015;12.0;1.0;1.0;0.20300000000000015;12.0;1.0;Now
02:14:44 01/09/2020;Tuesday;0.2024;0.20300000000000015;1.0;0.42544094772365276;0.5459329668208316;1.0;0.20300000000000015;12.0;1.0;1.0;0.20300000000000015;12.0;1.0;1.0;0.20300000000000015;12.0;1.0;Now
07:35:11 01/09/2020;Tuesday;0.2019;0.20300000000000015;1.0;0.42544094772365276;0.5459329668208316;1.0;0.20300000000000015;12.0;1.0;1.0;0.20250000000000015;12.0;1.0;1.0;0.20300000000000015;12.0;1.0;Now
14:36:41 01/09/2020;Tuesday;0.2018;0.20200000000000015;1.0;0.42661458015403064;0.5627310984261472;1.0;0.20200000000000015;12.0;1.0;1.0;0.20200000000000015;12.0;1.0;1.0;0.20200000000000015;12.0;1.0;Now
20:40:10 01/09/2020;Tuesday;0.2014;0.20200000000000015;1.0;0.42661458015403064;0.5627310984261472;1.0;0.20200000000000015;12.0;1.0;1.0;0.20200000000000015;12.0;1.0;1.0;0.20200000000000015;12.0;1.0;Now
10:51:33 02/09/2020;Wednesday;0.1987;0.19900000000000015;1.0;0.43011626335213116;0.6128504830642113;1.0;0.19900000000000015;12.0;1.0;1.0;0.19900000000000015;12.0;1.0;1.0;0.19900000000000015;12.0;1.0;Now
15:46:03 02/09/2020;Wednesday;0.1983;0.19900000000000015;1.0;0.43011626335213116;0.6128504830642113;0.6206944444444444;0.19900000000000015;7.448333333333333;0.6206944444444444;1.0;0.19950000000000015;12.0;1.0;0.6206944444444444;0.19900000000000015;7.448333333333333;0.6206944444444444;Now
23:12:57 02/09/2020;Wednesday;0.1995;0.20000000000000015;1.0;0.42895221179054416;0.5961894818675967;0.5037037037037037;0.20000000000000015;6.044444444444444;0.5037037037037037;1.0;0.2006666666666668;12.0;1.0;0.5037037037037037;0.20000000000000015;6.044444444444444;0.5037037037037037;Now
05:15:37 03/09/2020;Thursday;0.2005;0.20100000000000015;1.0;0.4277849927241486;0.5794831443618811;1.0;0.20100000000000015;12.0;1.0;1.0;0.20100000000000015;12.0;1.0;1.0;0.20100000000000015;12.0;1.0;Now
10:27:36 03/09/2020;Thursday;0.2002;0.20100000000000015;1.0;0.4277849927241486;0.5794831443618811;1.0;0.20100000000000015;12.0;1.0;1.0;0.20100000000000015;12.0;1.0;1.0;0.20100000000000015;12.0;1.0;Now
16:47:06 03/09/2020;Thursday;0.1999;0.20100000000000015;1.0;0.4277849927241486;0.5794831443618811;0.9132870370370371;0.20100000000000015;10.959444444444445;0.9132870370370371;1.0;0.20133333333333348;12.0;1.0;0.9132870370370371;0.20100000000000015;10.959444444444445;0.9132870370370371;Now
22:15:37 03/09/2020;Thursday;0.2;0.20100000000000015;1.0;0.4277849927241486;0.5794831443618811;0.4570138888888889;0.20100000000000015;5.484166666666667;0.4570138888888889;1.0;0.20150000000000015;12.0;1.0;1.0;0.20150000000000015;12.0;1.0;Now
03:44:40 04/09/2020;Friday;0.2018;0.20200000000000015;1.0;0.42661458015403064;0.5627310984261472;0.608287037037037;0.20200000000000015;7.299444444444444;0.608287037037037;1.0;0.20250000000000015;12.0;1.0;0.608287037037037;0.20200000000000015;7.299444444444444;0.608287037037037;Now
11:02:38 04/09/2020;Friday;0.2029;0.20300000000000015;1.0;0.42544094772365276;0.5459329668208316;0.5743055555555555;0.20300000000000015;6.891666666666667;0.5743055555555555;1.0;0.20350000000000015;12.0;1.0;0.5743055555555555;0.20300000000000015;6.891666666666667;0.5743055555555555;Now
17:56:08 04/09/2020;Friday;0.2038;0.20400000000000015;1.0;0.42426406871192834;0.5290883670886009;0.43333333333333335;0.20400000000000015;5.2;0.43333333333333335;1.0;0.20575000000000015;12.0;1.0;0.43333333333333335;0.20400000000000015;5.2;0.43333333333333335;Now
23:08:08 04/09/2020;Friday;0.2053;0.20600000000000016;1.0;0.42190046219457955;0.4952582067130709;0.5504166666666667;0.20600000000000016;6.605;0.5504166666666667;1.0;0.20633333333333348;12.0;1.0;1.0;0.20650000000000016;12.0;1.0;Now
02:53:05 05/09/2020;Saturday;0.2053;0.20600000000000016;1.0;0.42190046219457955;0.4952582067130709;0.23798611111111112;0.20600000000000016;2.8558333333333334;0.23798611111111112;1.0;0.20700000000000016;12.0;1.0;0.8236111111111111;0.20650000000000016;9.883333333333333;0.8236111111111111;Now
05:44:26 05/09/2020;Saturday;0.207;0.20700000000000016;1.0;0.4207136793592524;0.4782718541390064;0.585625;0.20700000000000016;7.0275;0.585625;1.0;0.2076666666666668;12.0;1.0;0.585625;0.20700000000000016;7.0275;0.585625;Now
12:46:05 05/09/2020;Saturday;0.2075;0.20800000000000016;1.0;0.41952353926806046;0.46123744936018846;0.8550231481481482;0.20800000000000016;10.260277777777778;0.8550231481481482;1.0;0.20833333333333348;12.0;1.0;0.8550231481481482;0.20800000000000016;10.260277777777778;0.8550231481481482;Now
17:32:26 05/09/2020;Saturday;0.2074;0.20800000000000016;1.0;0.41952353926806046;0.46123744936018846;0.45731481481481484;0.20800000000000016;5.487777777777778;0.45731481481481484;1.0;0.20933333333333348;12.0;1.0;0.9722453703703704;0.20850000000000016;11.666944444444445;0.9722453703703704;Now
23:01:42 05/09/2020;Saturday;0.209;0.20900000000000016;1.0;0.4183300132670376;0.4441545822540941;0.5149305555555556;0.20900000000000016;6.179166666666666;0.5149305555555556;1.0;0.21033333333333348;12.0;1.0;0.5149305555555556;0.20900000000000016;6.179166666666666;0.5149305555555556;Now
05:12:27 06/09/2020;Sunday;0.2108;0.21100000000000016;1.0;0.41593268686170826;0.40984179111500246;1.0;0.21100000000000016;12.0;1.0;1.0;0.21100000000000016;12.0;1.0;1.0;0.21100000000000016;12.0;1.0;Now
10:57:59 06/09/2020;Sunday;0.2092;0.21100000000000016;1.0;0.41593268686170826;0.40984179111500246;1.0;0.21100000000000016;12.0;1.0;1.0;0.21050000000000016;12.0;1.0;1.0;0.21100000000000016;12.0;1.0;Now
18:08:11 06/09/2020;Sunday;0.2068;0.21000000000000016;1.0;0.417133072292284;0.4270228368308428;1.0;0.21000000000000016;12.0;1.0;1.0;0.20800000000000016;12.0;1.0;1.0;0.21000000000000016;12.0;1.0;Now
00:35:57 07/09/2020;Monday;0.2052;0.20700000000000016;1.0;0.4207136793592524;0.4782718541390064;1.0;0.20700000000000016;12.0;1.0;1.0;0.20700000000000016;12.0;1.0;1.0;0.20700000000000016;12.0;1.0;Now
05:39:18 07/09/2020;Monday;0.204;0.20700000000000016;1.0;0.4207136793592524;0.4782718541390064;1.0;0.20700000000000016;12.0;1.0;1.0;0.20550000000000015;12.0;1.0;1.0;0.20700000000000016;12.0;1.0;Now
13:06:13 07/09/2020;Monday;0.2031;0.20400000000000015;1.0;0.42426406871192834;0.5290883670886009;1.0;0.20400000000000015;12.0;1.0;1.0;0.20400000000000015;12.0;1.0;1.0;0.20400000000000015;12.0;1.0;Now
20:16:15 07/09/2020;Monday;0.2007;0.20400000000000015;1.0;0.42426406871192834;0.5290883670886009;1.0;0.20400000000000015;12.0;1.0;1.0;0.20250000000000015;12.0;1.0;1.0;0.20250000000000015;12.0;1.0;Now
02:10:12 08/09/2020;Tuesday;0.1994;0.20100000000000015;1.0;0.4277849927241486;0.5794831443618811;1.0;0.20100000000000015;12.0;1.0;1.0;0.20050000000000015;12.0;1.0;1.0;0.20100000000000015;12.0;1.0;Now
09:29:00 08/09/2020;Tuesday;0.1992;0.20000000000000015;1.0;0.42895221179054416;0.5961894818675967;1.0;0.20000000000000015;12.0;1.0;1.0;0.20000000000000015;12.0;1.0;1.0;0.20000000000000015;12.0;1.0;Now
14:40:13 08/09/2020;Tuesday;0.1987;0.20000000000000015;1.0;0.42895221179054416;0.5961894818675967;1.0;0.20000000000000015;12.0;1.0;1.0;0.19925000000000015;12.0;1.0;1.0;0.20000000000000015;12.0;1.0;Now
21:33:17 08/09/2020;Tuesday;0.1985;0.19900000000000015;1.0;0.43011626335213116;0.6128504830642113;0.8387731481481482;0.19900000000000015;10.065277777777778;0.8387731481481482;1.0;0.19925000000000015;12.0;1.0;0.8387731481481482;0.19900000000000015;10.065277777777778;0.8387731481481482;Now
00:53:10 09/09/2020;Wednesday;0.1985;0.19900000000000015;1.0;0.43011626335213116;0.6128504830642113;0.5611574074074074;0.19900000000000015;6.733888888888889;0.5611574074074074;1.0;0.19933333333333347;12.0;1.0;0.5611574074074074;0.19900000000000015;6.733888888888889;0.5611574074074074;Now
02:08:49 09/09/2020;Wednesday;0.1984;0.19900000000000015;1.0;0.43011626335213116;0.6128504830642113;0.45608796296296295;0.19900000000000015;5.473055555555556;0.45608796296296295;1.0;0.19950000000000015;12.0;1.0;1.0;0.19950000000000015;12.0;1.0;Now
07:37:12 09/09/2020;Wednesday;0.1998;0.20000000000000015;1.0;0.42895221179054416;0.5961894818675967;0.5734953703703703;0.20000000000000015;6.881944444444445;0.5734953703703703;1.0;0.20100000000000015;12.0;1.0;0.5734953703703703;0.20000000000000015;6.881944444444445;0.5734953703703703;Now
14:30:07 09/09/2020;Wednesday;0.2015;0.20200000000000015;1.0;0.42661458015403064;0.5627310984261472;0.6324537037037037;0.20200000000000015;7.589444444444444;0.6324537037037037;1.0;0.20250000000000015;12.0;1.0;0.6324537037037037;0.20200000000000015;7.589444444444444;0.6324537037037037;Now
22:05:29 09/09/2020;Wednesday;0.2025;0.20300000000000015;1.0;0.42544094772365276;0.5459329668208316;0.574212962962963;0.20300000000000015;6.890555555555555;0.574212962962963;1.0;0.20400000000000015;12.0;1.0;0.574212962962963;0.20300000000000015;6.890555555555555;0.574212962962963;Now
04:58:55 10/09/2020;Thursday;0.2043;0.20500000000000015;1.0;0.42308391602612344;0.5121969114527555;0.491875;0.20500000000000015;5.9025;0.491875;1.0;0.20550000000000015;12.0;1.0;1.0;0.20550000000000015;12.0;1.0;Now
10:53:04 10/09/2020;Thursday;0.2052;0.20600000000000016;1.0;0.42190046219457955;0.4952582067130709;1.0;0.20600000000000016;12.0;1.0;1.0;0.20600000000000016;12.0;1.0;1.0;0.20600000000000016;12.0;1.0;Now
17:27:56 10/09/2020;Thursday;0.2054;0.20600000000000016;1.0;0.42190046219457955;0.4952582067130709;0.4675;0.20600000000000016;5.61;0.4675;1.0;0.20733333333333348;12.0;1.0;0.4675;0.20600000000000016;5.61;0.4675;Now
23:04:32 10/09/2020;Thursday;0.2069;0.20700000000000016;1.0;0.4207136793592524;0.4782718541390064;0.3859490740740741;0.20700000000000016;4.631388888888889;0.3859490740740741;1.0;0.20833333333333348;12.0;1.0;1.0;0.20800000000000016;12.0;1.0;Now
03:42:25 11/09/2020;Friday;0.2082;0.20900000000000016;1.0;0.4183300132670376;0.4441545822540941;1.0;0.20900000000000016;12.0;1.0;1.0;0.20900000000000016;12.0;1.0;1.0;0.20900000000000016;12.0;1.0;Now
10:01:16 11/09/2020;Friday;0.2087;0.20900000000000016;1.0;0.4183300132670376;0.4441545822540941;1.0;0.20900000000000016;12.0;1.0;1.0;0.20900000000000016;12.0;1.0;1.0;0.20900000000000016;12.0;1.0;Now
15:46:45 11/09/2020;Friday;0.2073;0.20900000000000016;1.0;0.4183300132670376;0.4441545822540941;1.0;0.20900000000000016;12.0;1.0;1.0;0.20900000000000016;12.0;1.0;1.0;0.20900000000000016;12.0;1.0;Now
21:06:57 11/09/2020;Friday;0.2085;0.20900000000000016;1.0;0.4183300132670376;0.4441545822540941;1.0;0.20900000000000016;12.0;1.0;1.0;0.20900000000000016;12.0;1.0;1.0;0.20900000000000016;12.0;1.0;Now
02:52:16 12/09/2020;Saturday;0.2079;0.20900000000000016;1.0;0.4183300132670376;0.4441545822540941;0.9013888888888889;0.20900000000000016;10.816666666666666;0.9013888888888889;1.0;0.20933333333333348;12.0;1.0;0.9013888888888889;0.20900000000000016;10.816666666666666;0.9013888888888889;Now
09:03:15 12/09/2020;Saturday;0.2088;0.20900000000000016;1.0;0.4183300132670376;0.4441545822540941;0.38613425925925926;0.20900000000000016;4.633611111111111;0.38613425925925926;1.0;0.20950000000000016;12.0;1.0;1.0;0.20950000000000016;12.0;1.0;Now
13:41:16 12/09/2020;Saturday;0.2092;0.21000000000000016;1.0;0.417133072292284;0.4270228368308428;1.0;0.21000000000000016;12.0;1.0;1.0;0.21000000000000016;12.0;1.0;1.0;0.21000000000000016;12.0;1.0;Now
21:07:54 12/09/2020;Saturday;0.2086;0.21000000000000016;1.0;0.417133072292284;0.4270228368308428;1.0;0.21000000000000016;12.0;1.0;1.0;0.20933333333333348;12.0;1.0;1.0;0.21000000000000016;12.0;1.0;Now
01:59:50 13/09/2020;Sunday;0.2081;0.20900000000000016;1.0;0.4183300132670376;0.4441545822540941;1.0;0.20900000000000016;12.0;1.0;1.0;0.20900000000000016;12.0;1.0;1.0;0.20900000000000016;12.0;1.0;Now
06:38:08 13/09/2020;Sunday;0.208;0.20900000000000016;1.0;0.4183300132670376;0.4441545822540941;1.0;0.20900000000000016;12.0;1.0;1.0;0.20900000000000016;12.0;1.0;1.0;0.20900000000000016;12.0;1.0;Now
13:13:46 13/09/2020;Sunday;0.2085;0.20900000000000016;1.0;0.4183300132670376;0.4441545822540941;0.4922916666666667;0.20900000000000016;5.9075;0.4922916666666667;1.0;0.20950000000000016;12.0;1.0;1.0;0.20950000000000016;12.0;1.0;Now
19:08:13 13/09/2020;Sunday;0.2091;0.21000000000000016;1.0;0.417133072292284;0.4270228368308428;0.5263888888888889;0.21000000000000016;6.316666666666666;0.5263888888888889;1.0;0.2116666666666668;12.0;1.0;0.5263888888888889;0.21000000000000016;6.316666666666666;0.5263888888888889;Now
01:27:13 14/09/2020;Monday;0.2111;0.21200000000000016;1.0;0.41472882706655423;0.39261101702431506;0.3986574074074074;0.21200000000000016;4.783888888888889;0.3986574074074074;1.0;0.2126666666666668;12.0;1.0;1.0;0.21250000000000016;12.0;1.0;Now
06:14:15 14/09/2020;Monday;0.2121;0.21300000000000016;1.0;0.41352146256270644;0.3753300802452491;1.0;0.21300000000000016;12.0;1.0;1.0;0.21300000000000016;12.0;1.0;1.0;0.21300000000000016;12.0;1.0;Now
11:51:14 14/09/2020;Monday;0.2126;0.21300000000000016;1.0;0.41352146256270644;0.3753300802452491;0.5854398148148148;0.21300000000000016;7.025277777777778;0.5854398148148148;1.0;0.21450000000000016;12.0;1.0;0.5854398148148148;0.21300000000000016;7.025277777777778;0.5854398148148148;Now
18:52:45 14/09/2020;Monday;0.2151;0.21600000000000016;1.0;0.40987803063838374;0.3231818544672043;0.5617592592592593;0.21600000000000016;6.7411111111111115;0.5617592592592593;1.0;0.21650000000000016;12.0;1.0;0.5617592592592593;0.21600000000000016;6.7411111111111115;0.5617592592592593;Now
01:37:13 15/09/2020;Tuesday;0.2167;0.21700000000000016;1.0;0.4086563348340508;0.30569579463138397;0.44516203703703705;0.21700000000000016;5.341944444444445;0.44516203703703705;1.0;0.21900000000000017;12.0;1.0;0.44516203703703705;0.21700000000000016;5.341944444444445;0.44516203703703705;Now
06:57:44 15/09/2020;Tuesday;0.2188;0.21900000000000017;1.0;0.4062019202317978;0.27056590350407494;0.4798611111111111;0.21900000000000017;5.758333333333334;0.4798611111111111;1.0;0.2203333333333335;12.0;1.0;0.4798611111111111;0.21900000000000017;5.758333333333334;0.4798611111111111;Now
12:43:14 15/09/2020;Tuesday;0.2203;0.22100000000000017;1.0;0.4037325847637268;0.23522245090625052;1.0;0.22100000000000017;12.0;1.0;1.0;0.22100000000000017;12.0;1.0;1.0;0.22100000000000017;12.0;1.0;Now
17:59:20 15/09/2020;Tuesday;0.221;0.22100000000000017;1.0;0.4037325847637268;0.23522245090625052;0.5914351851851852;0.22100000000000017;7.097222222222222;0.5914351851851852;1.0;0.22250000000000017;12.0;1.0;0.5914351851851852;0.22100000000000017;7.097222222222222;0.5914351851851852;Now
01:05:10 16/09/2020;Wednesday;0.2232;0.22400000000000017;1.0;0.3999999999999998;0.18179818580742893;1.0;0.22400000000000017;12.0;1.0;1.0;0.22400000000000017;12.0;1.0;1.0;0.22400000000000017;12.0;1.0;Now
06:17:12 16/09/2020;Wednesday;0.2227;0.22400000000000017;1.0;0.3999999999999998;0.18179818580742893;1.0;0.22400000000000017;12.0;1.0;1.0;0.22400000000000017;12.0;1.0;1.0;0.22400000000000017;12.0;1.0;Now
12:20:09 16/09/2020;Wednesday;0.2238;0.22400000000000017;1.0;0.3999999999999998;0.18179818580742893;0.5041898148148148;0.22400000000000017;6.050277777777778;0.5041898148148148;1.0;0.22466666666666682;12.0;1.0;0.5041898148148148;0.22400000000000017;6.050277777777778;0.5041898148148148;Now
18:23:10 16/09/2020;Wednesday;0.2241;0.22500000000000017;1.0;0.3987480407475375;0.1638789670273353;1.0;0.22500000000000017;12.0;1.0;1.0;0.22500000000000017;12.0;1.0;1.0;0.22500000000000017;12.0;1.0;Now
23:35:10 16/09/2020;Wednesday;0.225;0.22500000000000017;1.0;0.3987480407475375;0.1638789670273353;0.5860648148148148;0.22500000000000017;7.032777777777778;0.5860648148148148;1.0;0.22550000000000017;12.0;1.0;0.5860648148148148;0.22500000000000017;7.032777777777778;0.5860648148148148;Now
06:37:08 17/09/2020;Thursday;0.2256;0.22600000000000017;1.0;0.3974921382870356;0.14590330934364484;1.0;0.22600000000000017;12.0;1.0;1.0;0.22600000000000017;12.0;1.0;1.0;0.22600000000000017;12.0;1.0;Now
11:49:40 17/09/2020;Thursday;0.2249;0.22600000000000017;1.0;0.3974921382870356;0.14590330934364484;1.0;0.22600000000000017;12.0;1.0;1.0;0.22600000000000017;12.0;1.0;1.0;0.22600000000000017;12.0;1.0;Now
18:17:58 17/09/2020;Thursday;0.2252;0.22600000000000017;1.0;0.3974921382870356;0.14590330934364484;0.5507175925925926;0.22600000000000017;6.608611111111111;0.5507175925925926;1.0;0.22650000000000017;12.0;1.0;0.5507175925925926;0.22600000000000017;6.608611111111111;0.5507175925925926;Now
00:54:29 18/09/2020;Friday;0.227;0.22700000000000017;1.0;0.3962322551231788;0.12787067608812522;1.0;0.22700000000000017;12.0;1.0;1.0;0.22700000000000017;12.0;1.0;1.0;0.22700000000000017;12.0;1.0;Now
07:30:59 18/09/2020;Friday;0.2269;0.22700000000000017;1.0;0.3962322551231788;0.12787067608812522;0.5277546296296296;0.22700000000000017;6.333055555555555;0.5277546296296296;1.0;0.22750000000000017;12.0;1.0;0.5277546296296296;0.22700000000000017;6.333055555555555;0.5277546296296296;Now
13:50:58 18/09/2020;Friday;0.2277;0.22800000000000017;1.0;0.3949683531626298;0.10978052203309252;0.5863888888888888;0.22800000000000017;7.036666666666667;0.5863888888888888;1.0;0.22850000000000018;12.0;1.0;0.5863888888888888;0.22800000000000017;7.036666666666667;0.5863888888888888;Now
20:53:10 18/09/2020;Friday;0.2282;0.22900000000000018;1.0;0.39370039370059035;0.09163229319905633;1.0;0.22900000000000018;12.0;1.0;1.0;0.22900000000000018;12.0;1.0;1.0;0.22900000000000018;12.0;1.0;Now
03:12:57 19/09/2020;Saturday;0.2287;0.22900000000000018;1.0;0.39370039370059035;0.09163229319905633;1.0;0.22900000000000018;12.0;1.0;1.0;0.22900000000000018;12.0;1.0;1.0;0.22900000000000018;12.0;1.0;Now
09:15:59 19/09/2020;Saturday;0.228;0.22900000000000018;1.0;0.39370039370059035;0.09163229319905633;1.0;0.22900000000000018;12.0;1.0;1.0;0.22875000000000018;12.0;1.0;1.0;0.22900000000000018;12.0;1.0;Now
13:46:49 19/09/2020;Saturday;0.228;0.22900000000000018;1.0;0.39370039370059035;0.09163229319905633;1.0;0.22900000000000018;12.0;1.0;1.0;0.22850000000000018;12.0;1.0;1.0;0.22900000000000018;12.0;1.0;Now
14:36:40 19/09/2020;Saturday;0.2276;0.22900000000000018;1.0;0.39370039370059035;0.09163229319905633;1.0;0.22900000000000018;12.0;1.0;1.0;0.2283333333333335;12.0;1.0;1.0;0.22900000000000018;12.0;1.0;Now
20:31:10 19/09/2020;Saturday;0.2271;0.22800000000000017;1.0;0.3949683531626298;0.10978052203309252;1.0;0.22800000000000017;12.0;1.0;1.0;0.22800000000000017;12.0;1.0;1.0;0.22800000000000017;12.0;1.0;Now
01:43:44 20/09/2020;Sunday;0.2263;0.22800000000000017;1.0;0.3949683531626298;0.10978052203309252;1.0;0.22800000000000017;12.0;1.0;1.0;0.2273333333333335;12.0;1.0;1.0;0.22800000000000017;12.0;1.0;Now
08:39:38 20/09/2020;Sunday;0.2257;0.22700000000000017;1.0;0.3962322551231788;0.12787067608812522;1.0;0.22700000000000017;12.0;1.0;1.0;0.22666666666666682;12.0;1.0;1.0;0.22700000000000017;12.0;1.0;Now
13:43:43 20/09/2020;Sunday;0.2254;0.22700000000000017;1.0;0.3962322551231788;0.12787067608812522;1.0;0.22700000000000017;12.0;1.0;1.0;0.22650000000000017;12.0;1.0;1.0;0.22700000000000017;12.0;1.0;Now
20:28:48 20/09/2020;Sunday;0.2256;0.22600000000000017;1.0;0.3974921382870356;0.14590330934364484;0.6096990740740741;0.22600000000000017;7.316388888888889;0.6096990740740741;1.0;0.22650000000000017;12.0;1.0;0.6096990740740741;0.22600000000000017;7.316388888888889;0.6096990740740741;Now
03:47:47 21/09/2020;Monday;0.2269;0.22700000000000017;1.0;0.3962322551231788;0.12787067608812522;1.0;0.22700000000000017;12.0;1.0;1.0;0.22700000000000017;12.0;1.0;1.0;0.22700000000000017;12.0;1.0;Now
11:14:39 21/09/2020;Monday;0.227;0.22700000000000017;1.0;0.3962322551231788;0.12787067608812522;1.0;0.22700000000000017;12.0;1.0;1.0;0.22700000000000017;12.0;1.0;1.0;0.22700000000000017;12.0;1.0;Now
17:00:39 21/09/2020;Monday;0.2263;0.22700000000000017;1.0;0.3962322551231788;0.12787067608812522;0.551412037037037;0.22700000000000017;6.616944444444444;0.551412037037037;1.0;0.22750000000000017;12.0;1.0;0.551412037037037;0.22700000000000017;6.616944444444444;0.551412037037037;Now
23:37:40 21/09/2020;Monday;0.228;0.22800000000000017;1.0;0.3949683531626298;0.10978052203309252;0.5159722222222223;0.22800000000000017;6.191666666666666;0.5159722222222223;1.0;0.22900000000000018;12.0;1.0;0.5159722222222223;0.22800000000000017;6.191666666666666;0.5159722222222223;Now
05:49:10 22/09/2020;Tuesday;0.2292;0.23000000000000018;1.0;0.3924283374069715;0.07342542665677801;1.0;0.23000000000000018;12.0;1.0;1.0;0.23000000000000018;12.0;1.0;1.0;0.23000000000000018;12.0;1.0;Now
12:51:09 22/09/2020;Tuesday;0.2285;0.23000000000000018;1.0;0.3924283374069715;0.07342542665677801;1.0;0.23000000000000018;12.0;1.0;1.0;0.22950000000000018;12.0;1.0;1.0;0.23000000000000018;12.0;1.0;Now
19:45:09 22/09/2020;Tuesday;0.2287;0.22900000000000018;1.0;0.39370039370059035;0.09163229319905633;0.5041898148148148;0.22900000000000018;6.050277777777778;0.5041898148148148;1.0;0.22950000000000018;12.0;1.0;0.5041898148148148;0.22900000000000018;6.050277777777778;0.5041898148148148;Now
01:48:10 23/09/2020;Wednesday;0.2297;0.23000000000000018;1.0;0.3924283374069715;0.07342542665677801;0.5861111111111111;0.23000000000000018;7.033333333333333;0.5861111111111111;1.0;0.23066666666666683;12.0;1.0;0.5861111111111111;0.23000000000000018;7.033333333333333;0.5861111111111111;Now
08:50:10 23/09/2020;Wednesday;0.2309;0.23100000000000018;1.0;0.3911521443121587;0.05515935032352842;1.0;0.23100000000000018;12.0;1.0;1.0;0.23100000000000018;12.0;1.0;1.0;0.23100000000000018;12.0;1.0;Now
11:46:54 23/09/2020;Wednesday;0.2309;0.23100000000000018;1.0;0.3911521443121587;0.05515935032352842;0.7976851851851852;0.23100000000000018;9.572222222222223;0.7976851851851852;1.0;0.23125000000000018;12.0;1.0;0.7976851851851852;0.23100000000000018;9.572222222222223;0.7976851851851852;Now
14:02:18 23/09/2020;Wednesday;0.2306;0.23100000000000018;1.0;0.3911521443121587;0.05515935032352842;0.6096296296296296;0.23100000000000018;7.315555555555555;0.6096296296296296;1.0;0.2313333333333335;12.0;1.0;0.6096296296296296;0.23100000000000018;7.315555555555555;0.6096296296296296;Now
17:06:50 23/09/2020;Wednesday;0.2306;0.23100000000000018;1.0;0.3911521443121587;0.05515935032352842;0.35333333333333333;0.23100000000000018;4.24;0.35333333333333333;1.0;0.23166666666666683;12.0;1.0;1.0;0.23150000000000018;12.0;1.0;Now
21:21:14 23/09/2020;Wednesday;0.2312;0.23200000000000018;1.0;0.3898717737923583;0.036833482753348475;1.0;0.23200000000000018;12.0;1.0;1.0;0.23200000000000018;12.0;1.0;1.0;0.23200000000000018;12.0;1.0;Now
02:58:48 24/09/2020;Thursday;0.2311;0.23200000000000018;1.0;0.3898717737923583;0.036833482753348475;1.0;0.23200000000000018;12.0;1.0;1.0;0.23200000000000018;12.0;1.0;1.0;0.23200000000000018;12.0;1.0;Now
09:52:17 24/09/2020;Thursday;0.2296;0.23200000000000018;1.0;0.3898717737923583;0.036833482753348475;1.0;0.23200000000000018;12.0;1.0;1.0;0.23200000000000018;12.0;1.0;1.0;0.23200000000000018;12.0;1.0;Now
14:30:44 24/09/2020;Thursday;0.2291;0.23200000000000018;1.0;0.3898717737923583;0.036833482753348475;1.0;0.23200000000000018;12.0;1.0;1.0;0.23100000000000018;12.0;1.0;1.0;0.23200000000000018;12.0;1.0;Now
00:30:14 25/09/2020;Friday;0.2295;0.23000000000000018;1.0;0.3924283374069715;0.07342542665677801;1.0;0.23000000000000018;12.0;1.0;1.0;0.23000000000000018;12.0;1.0;1.0;0.23000000000000018;12.0;1.0;Now
06:07:44 25/09/2020;Friday;0.2287;0.23000000000000018;1.0;0.3924283374069715;0.07342542665677801;1.0;0.23000000000000018;12.0;1.0;1.0;0.23000000000000018;12.0;1.0;1.0;0.23000000000000018;12.0;1.0;Now
13:34:51 25/09/2020;Friday;0.2295;0.23000000000000018;1.0;0.3924283374069715;0.07342542665677801;0.8791666666666667;0.23000000000000018;10.55;0.8791666666666667;1.0;0.23066666666666683;12.0;1.0;0.8791666666666667;0.23000000000000018;10.55;0.8791666666666667;Now
19:12:51 25/09/2020;Friday;0.2297;0.23000000000000018;1.0;0.3924283374069715;0.07342542665677801;0.4097222222222222;0.23000000000000018;4.916666666666667;0.4097222222222222;1.0;0.23200000000000018;12.0;1.0;0.8319907407407408;0.23100000000000018;9.983888888888888;0.8319907407407408;Now
00:07:51 26/09/2020;Saturday;0.2319;0.23200000000000018;1.0;0.3898717737923583;0.036833482753348475;0.42226851851851854;0.23200000000000018;5.067222222222222;0.42226851851851854;1.0;0.2333333333333335;12.0;1.0;1.0;0.23300000000000018;12.0;1.0;Now
05:11:53 26/09/2020;Saturday;0.2337;0.23400000000000018;1.0;0.3872983346207415;0.0;1.0;0.23400000000000018;12.0;1.0;1.0;0.23400000000000018;12.0;1.0;1.0;0.23400000000000018;12.0;1.0;Now
11:48:36 26/09/2020;Saturday;0.234;0.23400000000000018;1.0;0.3872983346207415;0.0;1.0;0.23400000000000018;12.0;1.0;1.0;0.23400000000000018;12.0;1.0;1.0;0.23400000000000018;12.0;1.0;Now
18:50:31 26/09/2020;Saturday;0.2317;0.23400000000000018;1.0;0.3872983346207415;0.0;1.0;0.23400000000000018;12.0;1.0;1.0;0.23266666666666683;12.0;1.0;1.0;0.23400000000000018;12.0;1.0;Now
01:01:52 27/09/2020;Sunday;0.2312;0.23200000000000018;1.0;0.3898717737923583;0.036833482753348475;1.0;0.23200000000000018;12.0;1.0;1.0;0.23200000000000018;12.0;1.0;1.0;0.23200000000000018;12.0;1.0;Now
05:40:20 27/09/2020;Sunday;0.2299;0.23200000000000018;1.0;0.3898717737923583;0.036833482753348475;1.0;0.23200000000000018;12.0;1.0;1.0;0.23166666666666683;12.0;1.0;1.0;0.23200000000000018;12.0;1.0;Now
11:43:23 27/09/2020;Sunday;0.2288;0.23200000000000018;1.0;0.3898717737923583;0.036833482753348475;1.0;0.23200000000000018;12.0;1.0;1.0;0.23150000000000018;12.0;1.0;1.0;0.23150000000000018;12.0;1.0;Now
16:46:51 27/09/2020;Sunday;0.2307;0.23100000000000018;1.0;0.3911521443121587;0.05515935032352842;1.0;0.23100000000000018;12.0;1.0;1.0;0.23100000000000018;12.0;1.0;1.0;0.23100000000000018;12.0;1.0;Now
00:05:51 28/09/2020;Monday;0.2303;0.23100000000000018;1.0;0.3911521443121587;0.05515935032352842;1.0;0.23100000000000018;12.0;1.0;1.0;0.23100000000000018;12.0;1.0;1.0;0.23100000000000018;12.0;1.0;Now
07:24:25 28/09/2020;Monday;0.229;0.23100000000000018;1.0;0.3911521443121587;0.05515935032352842;1.0;0.23100000000000018;12.0;1.0;1.0;0.23100000000000018;12.0;1.0;1.0;0.23100000000000018;12.0;1.0;Now
14:34:51 28/09/2020;Monday;0.2302;0.23100000000000018;1.0;0.3911521443121587;0.05515935032352842;1.0;0.23100000000000018;12.0;1.0;1.0;0.23100000000000018;12.0;1.0;1.0;0.23100000000000018;12.0;1.0;Now
21:28:55 28/09/2020;Monday;0.2308;0.23100000000000018;1.0;0.3911521443121587;0.05515935032352842;1.0;0.23100000000000018;12.0;1.0;1.0;0.23100000000000018;12.0;1.0;1.0;0.23100000000000018;12.0;1.0;Now
04:47:22 29/09/2020;Tuesday;0.2299;0.23100000000000018;1.0;0.3911521443121587;0.05515935032352842;1.0;0.23100000000000018;12.0;1.0;1.0;0.2303333333333335;12.0;1.0;1.0;0.23100000000000018;12.0;1.0;Now
10:16:21 29/09/2020;Tuesday;0.2287;0.23000000000000018;1.0;0.3924283374069715;0.07342542665677801;1.0;0.23000000000000018;12.0;1.0;1.0;0.23000000000000018;12.0;1.0;1.0;0.23000000000000018;12.0;1.0;Now
15:20:20 29/09/2020;Tuesday;0.2286;0.23000000000000018;1.0;0.3924283374069715;0.07342542665677801;1.0;0.23000000000000018;12.0;1.0;1.0;0.22950000000000018;12.0;1.0;1.0;0.23000000000000018;12.0;1.0;Now
22:39:41 29/09/2020;Tuesday;0.2279;0.22900000000000018;1.0;0.39370039370059035;0.09163229319905633;1.0;0.22900000000000018;12.0;1.0;1.0;0.22866666666666682;12.0;1.0;1.0;0.22900000000000018;12.0;1.0;Now
04:25:30 30/09/2020;Wednesday;0.2277;0.22800000000000017;1.0;0.3949683531626298;0.10978052203309252;0.3867824074074074;0.22800000000000017;4.641388888888889;0.3867824074074074;1.0;0.22866666666666682;12.0;1.0;1.0;0.22850000000000018;12.0;1.0;Now
09:03:59 30/09/2020;Wednesday;0.2285;0.22900000000000018;1.0;0.39370039370059035;0.09163229319905633;1.0;0.22900000000000018;12.0;1.0;1.0;0.22900000000000018;12.0;1.0;1.0;0.22900000000000018;12.0;1.0;Now
15:49:21 30/09/2020;Wednesday;0.2283;0.22900000000000018;1.0;0.39370039370059035;0.09163229319905633;;;;;;;;;;;;;Now
21:18:40 30/09/2020;Wednesday;0.2281;0.22900000000000018;1.0;0.39370039370059035;0.09163229319905633;;;;;;;;;;;;;Now
