20:44:51 30/06/2020;0.182;;;;;;;
01:48:12 01/07/2020;0.1822;;;;;;;
08:22:38 01/07/2020;0.1824;;;;;;;
12:32:47 01/07/2020;0.1824;0.18300000000000013;1.0;0.44833023542919775;0.18300000000000013;12.0;0.18300000000000013;12.0
13:41:35 01/07/2020;0.1822;0.18300000000000013;1.0;0.44833023542919775;0.18300000000000013;12.0;0.18300000000000013;12.0
18:43:43 01/07/2020;0.1823;0.18300000000000013;1.0;0.44833023542919775;0.18300000000000013;12.0;0.18300000000000013;12.0
02:00:01 02/07/2020;0.1829;0.18300000000000013;1.0;0.44833023542919775;0.18300000000000013;12.0;0.18300000000000013;12.0
08:51:01 02/07/2020;0.183;0.18300000000000013;1.0;0.44833023542919775;0.18300000000000013;12.0;0.18300000000000013;12.0
13:45:01 02/07/2020;0.1824;0.18300000000000013;1.0;0.44833023542919775;0.18300000000000013;12.0;0.18300000000000013;12.0
19:53:50 02/07/2020;0.1825;0.18300000000000013;1.0;0.44833023542919775;0.18300000000000013;12.0;0.18300000000000013;12.0
21:22:09 02/07/2020;0.1825;0.18300000000000013;1.0;0.44833023542919775;0.18300000000000013;12.0;0.18300000000000013;12.0
03:02:07 03/07/2020;0.1821;0.18300000000000013;1.0;0.44833023542919775;0.18300000000000013;12.0;0.18300000000000013;12.0
08:04:07 03/07/2020;0.1818;0.18300000000000013;1.0;0.44833023542919775;0.18300000000000013;12.0;0.18300000000000013;12.0
13:23:04 03/07/2020;0.1813;0.18300000000000013;1.0;0.44833023542919775;0.18300000000000013;12.0;0.18250000000000013;12.0
18:08:45 03/07/2020;0.1802;0.18200000000000013;1.0;0.4494441010848845;0.18200000000000013;12.0;0.18200000000000013;12.0
00:43:16 04/07/2020;0.1792;0.18200000000000013;1.0;0.4494441010848845;0.18200000000000013;12.0;0.18150000000000013;12.0
05:36:43 04/07/2020;0.1789;0.18100000000000013;1.0;0.45055521304275226;0.18100000000000013;12.0;0.18100000000000013;12.0
12:44:45 04/07/2020;0.1778;0.17900000000000013;1.0;0.4527692569068707;0.17900000000000013;12.0;0.17900000000000013;12.0
20:01:14 04/07/2020;0.1771;0.17800000000000013;1.0;0.45387222871640853;0.17800000000000013;12.0;0.17800000000000013;12.0
01:20:15 05/07/2020;0.1769;0.17800000000000013;1.0;0.45387222871640853;0.17800000000000013;12.0;0.17800000000000013;12.0
06:05:15 05/07/2020;0.1766;0.17800000000000013;1.0;0.45387222871640853;0.17800000000000013;12.0;0.17800000000000013;12.0
11:57:44 05/07/2020;0.1762;0.17700000000000013;1.0;0.4549725266430929;0.17700000000000013;12.0;0.17700000000000013;12.0
17:00:03 05/07/2020;0.1758;0.17700000000000013;1.0;0.4549725266430929;0.17700000000000013;12.0;0.17700000000000013;12.0
22:36:10 05/07/2020;0.1755;0.17700000000000013;1.0;0.4549725266430929;0.17700000000000013;12.0;0.17700000000000013;12.0
05:10:11 06/07/2020;0.1756;0.17600000000000013;1.0;0.45607017003965505;0.17600000000000013;12.0;0.17600000000000013;12.0
11:52:44 06/07/2020;0.175;0.17600000000000013;1.0;0.45607017003965505;0.17600000000000013;12.0;0.17600000000000013;12.0
19:00:42 06/07/2020;0.1748;0.17500000000000013;1.0;0.4571651780264983;0.17500000000000013;12.0;0.17500000000000013;12.0
01:18:42 07/07/2020;0.1749;0.17500000000000013;1.0;0.4571651780264983;0.17500000000000013;12.0;0.17500000000000013;12.0
08:34:44 07/07/2020;0.1744;0.17500000000000013;1.0;0.4571651780264983;0.17500000000000013;12.0;0.17500000000000013;12.0
14:44:11 07/07/2020;0.1745;0.17500000000000013;1.0;0.4571651780264983;0.17500000000000013;12.0;0.17500000000000013;12.0
21:10:51 07/07/2020;0.1747;0.17500000000000013;1.0;0.4571651780264983;0.17500000000000013;12.0;0.17500000000000013;12.0
10:21:53 08/07/2020;0.1756;0.17600000000000013;1.0;0.45607017003965505;0.17600000000000013;12.0;0.17600000000000013;12.0
20:34:53 08/07/2020;0.1757;0.17600000000000013;1.0;0.45607017003965505;0.17600000000000013;4.6161111111111115;0.17650000000000013;12.0
01:11:51 09/07/2020;0.1763;0.17700000000000013;1.0;0.4549725266430929;0.17700000000000013;12.0;0.17700000000000013;12.0
08:45:21 09/07/2020;0.1762;0.17700000000000013;1.0;0.4549725266430929;0.17700000000000013;12.0;0.17700000000000013;12.0
16:18:41 09/07/2020;0.1768;0.17700000000000013;1.0;0.4549725266430929;0.17700000000000013;12.0;0.17700000000000013;12.0
20:55:43 09/07/2020;0.1769;0.17700000000000013;1.0;0.4549725266430929;0.17700000000000013;12.0;0.17700000000000013;12.0
03:13:39 10/07/2020;0.177;0.17700000000000013;1.0;0.4549725266430929;0.17700000000000013;11.465555555555556;0.17700000000000013;11.465555555555556
08:15:30 10/07/2020;0.1768;0.17700000000000013;1.0;0.4549725266430929;0.17700000000000013;6.434722222222222;0.17700000000000013;6.434722222222222
14:41:35 10/07/2020;0.1774;0.17800000000000013;1.0;0.45387222871640853;0.17800000000000013;5.185;0.17850000000000013;12.0
19:52:41 10/07/2020;0.1784;0.17900000000000013;1.0;0.4527692569068707;0.17900000000000013;10.621944444444445;0.17900000000000013;10.621944444444445
01:53:00 11/07/2020;0.179;0.17900000000000013;1.0;0.4527692569068707;0.17900000000000013;4.616666666666666;0.17950000000000013;12.0
06:30:00 11/07/2020;0.1792;0.18000000000000013;1.0;0.45166359162544845;0.18000000000000013;12.0;0.18000000000000013;12.0
13:21:36 11/07/2020;0.1796;0.18000000000000013;1.0;0.45166359162544845;0.18000000000000013;12.0;0.18000000000000013;12.0
23:51:10 11/07/2020;0.1795;0.18000000000000013;1.0;0.45166359162544845;0.18000000000000013;12.0;0.18000000000000013;12.0
06:50:40 12/07/2020;0.1794;0.18000000000000013;1.0;0.45166359162544845;0.18000000000000013;12.0;0.18000000000000013;12.0
13:25:00 12/07/2020;0.1795;0.18000000000000013;1.0;0.45166359162544845;0.18000000000000013;12.0;0.18000000000000013;12.0
02:08:30 13/07/2020;0.1796;0.18000000000000013;1.0;0.45166359162544845;0.18000000000000013;5.033611111111111;0.18050000000000013;11.608333333333333
07:10:31 13/07/2020;0.1801;0.18100000000000013;1.0;0.45055521304275226;0.18100000000000013;6.574722222222222;0.18100000000000013;6.574722222222222
13:45:00 13/07/2020;0.1812;0.18200000000000013;1.0;0.4494441010848845;0.18200000000000013;12.0;0.18200000000000013;12.0
20:03:00 13/07/2020;0.1815;0.18200000000000013;1.0;0.4494441010848845;0.18200000000000013;12.0;0.18200000000000013;12.0
03:11:00 14/07/2020;0.182;0.18200000000000013;1.0;0.4494441010848845;0.18200000000000013;7.4127777777777775;0.18200000000000013;7.4127777777777775
10:35:46 14/07/2020;0.1821;0.18300000000000013;1.0;0.44833023542919775;0.18300000000000013;12.0;0.18300000000000013;12.0
16:28:21 14/07/2020;0.1818;0.18300000000000013;1.0;0.44833023542919775;0.18300000000000013;12.0;0.18300000000000013;12.0
23:11:17 14/07/2020;0.1811;0.18200000000000013;1.0;0.4494441010848845;0.18200000000000013;12.0;0.18200000000000013;12.0
05:03:46 15/07/2020;0.1809;0.18200000000000013;1.0;0.4494441010848845;0.18200000000000013;12.0;0.18200000000000013;12.0
10:05:45 15/07/2020;0.1806;0.18200000000000013;1.0;0.4494441010848845;0.18200000000000013;12.0;0.18200000000000013;12.0
17:30:45 15/07/2020;0.1802;0.18100000000000013;1.0;0.45055521304275226;0.18100000000000013;12.0;0.18100000000000013;12.0
00:38:45 16/07/2020;0.1798;0.18100000000000013;1.0;0.45055521304275226;0.18100000000000013;12.0;0.18100000000000013;12.0
06:56:47 16/07/2020;0.1796;0.18000000000000013;1.0;0.45166359162544845;0.18000000000000013;12.0;0.18000000000000013;12.0
11:58:57 16/07/2020;0.1793;0.18000000000000013;1.0;0.45166359162544845;0.18000000000000013;12.0;0.18000000000000013;12.0
17:08:42 16/07/2020;0.1793;0.18000000000000013;1.0;0.45166359162544845;0.18000000000000013;12.0;0.18000000000000013;12.0
18:08:16 16/07/2020;0.1792;0.18000000000000013;1.0;0.45166359162544845;0.18000000000000013;12.0;0.18000000000000013;12.0
22:53:24 16/07/2020;0.1788;0.18000000000000013;1.0;0.45166359162544845;0.18000000000000013;12.0;0.18000000000000013;12.0
03:47:22 17/07/2020;0.1789;0.18000000000000013;1.0;0.45166359162544845;0.18000000000000013;12.0;0.18000000000000013;12.0
10:30:23 17/07/2020;0.1785;0.17900000000000013;1.0;0.4527692569068707;0.17900000000000013;12.0;0.17900000000000013;12.0
17:04:57 17/07/2020;0.1779;0.17900000000000013;1.0;0.4527692569068707;0.17900000000000013;12.0;0.17900000000000013;12.0
00:21:22 18/07/2020;0.1785;0.17900000000000013;1.0;0.4527692569068707;0.17900000000000013;4.9;0.17950000000000013;12.0
05:15:22 18/07/2020;0.1791;0.18000000000000013;1.0;0.45166359162544845;0.18000000000000013;12.0;0.18000000000000013;12.0
10:17:46 18/07/2020;0.1793;0.18000000000000013;1.0;0.45166359162544845;0.18000000000000013;12.0;0.18000000000000013;12.0
16:35:15 18/07/2020;0.1791;0.18000000000000013;1.0;0.45166359162544845;0.18000000000000013;12.0;0.18000000000000013;12.0
00:00:16 19/07/2020;0.1792;0.18000000000000013;1.0;0.45166359162544845;0.18000000000000013;12.0;0.18000000000000013;12.0
06:43:15 19/07/2020;0.1789;0.18000000000000013;1.0;0.45166359162544845;0.18000000000000013;12.0;0.18000000000000013;12.0
12:44:20 19/07/2020;0.1786;0.17900000000000013;1.0;0.4527692569068707;0.17900000000000013;11.0575;0.17900000000000013;11.0575
19:02:16 19/07/2020;0.1787;0.17900000000000013;1.0;0.4527692569068707;0.17900000000000013;4.758611111111111;0.17950000000000013;12.0
23:47:47 19/07/2020;0.1792;0.18000000000000013;1.0;0.45166359162544845;0.18000000000000013;12.0;0.18000000000000013;12.0
07:04:20 20/07/2020;0.1791;0.18000000000000013;1.0;0.45166359162544845;0.18000000000000013;12.0;0.18000000000000013;12.0
14:12:21 20/07/2020;0.1788;0.18000000000000013;1.0;0.45166359162544845;0.18000000000000013;12.0;0.18000000000000013;12.0
08:10:50 21/07/2020;0.178;0.17800000000000013;1.0;0.45387222871640853;0.17800000000000013;12.0;0.17800000000000013;12.0
13:47:31 21/07/2020;0.1774;0.17800000000000013;1.0;0.45387222871640853;0.17800000000000013;12.0;0.17800000000000013;12.0
20:08:12 21/07/2020;0.1772;0.17800000000000013;1.0;0.45387222871640853;0.17800000000000013;12.0;0.17800000000000013;12.0
02:48:23 22/07/2020;0.177;0.17800000000000013;1.0;0.45387222871640853;0.17800000000000013;12.0;0.17800000000000013;12.0
09:57:20 22/07/2020;0.1767;0.17700000000000013;1.0;0.4549725266430929;0.17700000000000013;12.0;0.17700000000000013;12.0
15:50:37 22/07/2020;0.1764;0.17700000000000013;1.0;0.4549725266430929;0.17700000000000013;12.0;0.17700000000000013;12.0
22:34:23 22/07/2020;0.1767;0.17700000000000013;1.0;0.4549725266430929;0.17700000000000013;7.283333333333333;0.17700000000000013;7.283333333333333
05:51:23 23/07/2020;0.1771;0.17800000000000013;1.0;0.45387222871640853;0.17800000000000013;12.0;0.17800000000000013;12.0
13:00:23 23/07/2020;0.1766;0.17800000000000013;1.0;0.45387222871640853;0.17800000000000013;12.0;0.17800000000000013;12.0
19:27:24 23/07/2020;0.1768;0.17700000000000013;1.0;0.4549725266430929;0.17700000000000013;5.457777777777777;0.17700000000000013;5.457777777777777
00:54:52 24/07/2020;0.1775;0.17800000000000013;1.0;0.45387222871640853;0.17800000000000013;12.0;0.17800000000000013;12.0
05:49:23 24/07/2020;0.1774;0.17800000000000013;1.0;0.45387222871640853;0.17800000000000013;12.0;0.17800000000000013;12.0
11:59:23 24/07/2020;0.1778;0.17800000000000013;1.0;0.45387222871640853;0.17800000000000013;12.0;0.17800000000000013;12.0
17:10:25 24/07/2020;0.1776;0.17800000000000013;1.0;0.45387222871640853;0.17800000000000013;12.0;0.17800000000000013;12.0
22:55:24 24/07/2020;0.1775;0.17800000000000013;1.0;0.45387222871640853;0.17800000000000013;12.0;0.17800000000000013;12.0
04:57:02 25/07/2020;0.1773;0.17800000000000013;1.0;0.45387222871640853;0.17800000000000013;12.0;0.17800000000000013;12.0
10:25:02 25/07/2020;0.1772;0.17800000000000013;1.0;0.45387222871640853;0.17800000000000013;12.0;0.17800000000000013;12.0
10:46:43 25/07/2020;0.1772;0.17800000000000013;1.0;0.45387222871640853;0.17800000000000013;12.0;0.17800000000000013;12.0
15:44:39 25/07/2020;0.177;0.17800000000000013;1.0;0.45387222871640853;0.17800000000000013;12.0;0.17800000000000013;12.0
22:02:39 25/07/2020;0.1771;0.17800000000000013;1.0;0.45387222871640853;0.17800000000000013;12.0;0.17800000000000013;12.0
03:31:03 26/07/2020;0.1772;0.17800000000000013;1.0;0.45387222871640853;0.17800000000000013;12.0;0.17800000000000013;12.0
10:06:03 26/07/2020;0.1769;0.17800000000000013;1.0;0.45387222871640853;0.17800000000000013;12.0;0.17800000000000013;12.0
17:06:33 26/07/2020;0.1767;0.17700000000000013;1.0;0.4549725266430929;0.17700000000000013;12.0;0.17700000000000013;12.0
00:15:32 27/07/2020;0.1765;0.17700000000000013;1.0;0.4549725266430929;0.17700000000000013;12.0;0.17700000000000013;12.0
13:10:04 27/07/2020;0.1772;0.17800000000000013;1.0;0.45387222871640853;0.17800000000000013;12.0;0.17800000000000013;12.0
18:38:04 27/07/2020;0.1773;0.17800000000000013;1.0;0.45387222871640853;0.17800000000000013;12.0;0.17800000000000013;12.0
23:41:04 27/07/2020;0.1772;0.17800000000000013;1.0;0.45387222871640853;0.17800000000000013;12.0;0.17800000000000013;12.0
05:25:45 28/07/2020;0.1774;0.17800000000000013;1.0;0.45387222871640853;0.17800000000000013;12.0;0.17800000000000013;12.0
10:20:16 28/07/2020;0.1772;0.17800000000000013;1.0;0.45387222871640853;0.17800000000000013;12.0;0.17800000000000013;12.0
16:05:14 28/07/2020;0.1774;0.17800000000000013;1.0;0.45387222871640853;0.17800000000000013;6.783333333333333;0.17800000000000013;6.783333333333333
22:52:14 28/07/2020;0.1781;0.17900000000000013;1.0;0.4527692569068707;0.17900000000000013;12.0;0.17900000000000013;12.0
03:38:43 29/07/2020;0.1783;0.17900000000000013;1.0;0.4527692569068707;0.17900000000000013;12.0;0.17900000000000013;12.0
09:23:13 29/07/2020;0.1787;0.17900000000000013;1.0;0.4527692569068707;0.17900000000000013;12.0;0.17900000000000013;12.0
14:26:15 29/07/2020;0.179;0.17900000000000013;1.0;0.4527692569068707;0.17900000000000013;12.0;0.17900000000000013;12.0
21:18:44 29/07/2020;0.1786;0.17900000000000013;1.0;0.4527692569068707;0.17900000000000013;12.0;0.17900000000000013;12.0
04:36:35 30/07/2020;0.1776;0.17900000000000013;1.0;0.4527692569068707;0.17900000000000013;12.0;0.17900000000000013;12.0
11:45:37 30/07/2020;0.1775;0.17800000000000013;1.0;0.45387222871640853;0.17800000000000013;12.0;0.17800000000000013;12.0
15:58:01 30/07/2020;0.1775;0.17800000000000013;1.0;0.45387222871640853;0.17800000000000013;12.0;0.17800000000000013;12.0
17:33:45 30/07/2020;0.1777;0.17800000000000013;1.0;0.45387222871640853;0.17800000000000013;12.0;0.17800000000000013;12.0
23:17:15 30/07/2020;0.1776;0.17800000000000013;1.0;0.45387222871640853;0.17800000000000013;12.0;0.17800000000000013;12.0
04:51:32 31/07/2020;0.1778;0.17800000000000013;1.0;0.45387222871640853;0.17800000000000013;11.357777777777779;0.17800000000000013;11.357777777777779
16:13:00 31/07/2020;0.1786;0.17900000000000013;1.0;0.4527692569068707;0.17900000000000013;12.0;0.17900000000000013;12.0
16:13:00 31/07/2020;0.1786;0.17900000000000013;1.0;0.4527692569068707;0.17900000000000013;12.0;0.17900000000000013;12.0
03:43:02 01/08/2020;0.1787;0.17900000000000013;1.0;0.4527692569068707;0.17900000000000013;5.466111111111111;0.17900000000000013;5.466111111111111
09:11:00 01/08/2020;0.1796;0.18000000000000013;1.0;0.45166359162544845;0.18000000000000013;12.0;0.18000000000000013;12.0
14:39:02 01/08/2020;0.1798;0.18000000000000013;1.0;0.45166359162544845;0.18000000000000013;12.0;0.18000000000000013;12.0
02:00:31 02/08/2020;0.18;0.18000000000000013;1.0;0.45166359162544845;0.18000000000000013;4.766666666666667;0.18050000000000013;11.776111111111112
06:46:31 02/08/2020;0.1803;0.18100000000000013;1.0;0.45055521304275226;0.18100000000000013;7.009444444444444;0.18100000000000013;7.009444444444444
13:47:05 02/08/2020;0.1813;0.18200000000000013;1.0;0.4494441010848845;0.18200000000000013;12.0;0.18200000000000013;12.0
21:13:01 02/08/2020;0.182;0.18200000000000013;1.0;0.4494441010848845;0.18200000000000013;5.468055555555556;0.18250000000000013;11.916944444444445
02:41:06 03/08/2020;0.1822;0.18300000000000013;1.0;0.44833023542919775;0.18300000000000013;6.448888888888889;0.18300000000000013;6.448888888888889
09:08:02 03/08/2020;0.1831;0.18400000000000014;1.0;0.4472135954999578;0.18400000000000014;12.0;0.18400000000000014;12.0
23:09:01 03/08/2020;0.1827;0.18300000000000013;1.0;0.44833023542919775;0.18300000000000013;12.0;0.18300000000000013;12.0
03:47:01 04/08/2020;0.1828;0.18300000000000013;1.0;0.44833023542919775;0.18300000000000013;11.2175;0.18300000000000013;11.2175
09:15:03 04/08/2020;0.183;0.18300000000000013;1.0;0.44833023542919775;0.18300000000000013;5.750277777777778;0.18350000000000014;12.0
15:00:04 04/08/2020;0.1833;0.18400000000000014;1.0;0.4472135954999578;0.18400000000000014;12.0;0.18400000000000014;12.0
05:43:15 05/08/2020;0.1838;0.18400000000000014;1.0;0.4472135954999578;0.18400000000000014;12.0;0.18400000000000014;12.0
10:20:45 05/08/2020;0.1835;0.18400000000000014;1.0;0.4472135954999578;0.18400000000000014;10.941666666666666;0.18400000000000014;10.941666666666666
15:06:45 05/08/2020;0.1836;0.18400000000000014;1.0;0.4472135954999578;0.18400000000000014;6.175;0.18400000000000014;6.175
21:17:15 05/08/2020;0.1841;0.18500000000000014;1.0;0.4460941604639091;0.18500000000000014;12.0;0.18500000000000014;12.0
03:52:15 06/08/2020;0.1843;0.18500000000000014;1.0;0.4460941604639091;0.18500000000000014;12.0;0.18500000000000014;12.0
08:55:19 06/08/2020;0.1844;0.18500000000000014;1.0;0.4460941604639091;0.18500000000000014;12.0;0.18500000000000014;12.0
15:38:44 06/08/2020;0.1849;0.18500000000000014;1.0;0.4460941604639091;0.18500000000000014;7.008611111111111;0.18500000000000014;7.008611111111111
22:39:15 06/08/2020;0.1854;0.18600000000000014;1.0;0.44497190922573965;0.18600000000000014;12.0;0.18600000000000014;12.0
03:58:58 07/08/2020;0.1852;0.18600000000000014;1.0;0.44497190922573965;0.18600000000000014;12.0;0.18600000000000014;12.0
10:42:27 07/08/2020;0.185;0.18600000000000014;1.0;0.44497190922573965;0.18600000000000014;12.0;0.18600000000000014;12.0
17:17:57 07/08/2020;0.1858;0.18600000000000014;1.0;0.44497190922573965;0.18600000000000014;12.0;0.18600000000000014;12.0
22:11:57 07/08/2020;0.1856;0.18600000000000014;1.0;0.44497190922573965;0.18600000000000014;12.0;0.18600000000000014;12.0
04:56:02 08/08/2020;0.1851;0.18600000000000014;1.0;0.44497190922573965;0.18600000000000014;12.0;0.18600000000000014;12.0
12:04:57 08/08/2020;0.1845;0.18600000000000014;1.0;0.44497190922573965;0.18600000000000014;12.0;0.18600000000000014;12.0
21:01:27 08/08/2020;0.1845;0.18500000000000014;1.0;0.4460941604639091;0.18500000000000014;12.0;0.18500000000000014;12.0
01:57:26 09/08/2020;0.1844;0.18500000000000014;1.0;0.4460941604639091;0.18500000000000014;12.0;0.18500000000000014;12.0
08:32:28 09/08/2020;0.1848;0.18500000000000014;1.0;0.4460941604639091;0.18500000000000014;12.0;0.18500000000000014;12.0
15:49:56 09/08/2020;0.1847;0.18500000000000014;1.0;0.4460941604639091;0.18500000000000014;12.0;0.18500000000000014;12.0
02:20:25 10/08/2020;0.1844;0.18500000000000014;1.0;0.4460941604639091;0.18500000000000014;12.0;0.18500000000000014;12.0
09:37:55 10/08/2020;0.1842;0.18500000000000014;1.0;0.4460941604639091;0.18500000000000014;12.0;0.18500000000000014;12.0
15:30:59 10/08/2020;0.1843;0.18500000000000014;1.0;0.4460941604639091;0.18500000000000014;12.0;0.18500000000000014;12.0
18:15:03 10/08/2020;0.1843;0.18500000000000014;1.0;0.4460941604639091;0.18500000000000014;12.0;0.18500000000000014;12.0
21:14:57 10/08/2020;0.1847;0.18500000000000014;1.0;0.4460941604639091;0.18500000000000014;12.0;0.18500000000000014;12.0
03:02:26 11/08/2020;0.1844;0.18500000000000014;1.0;0.4460941604639091;0.18500000000000014;12.0;0.18500000000000014;12.0
09:03:57 11/08/2020;0.1847;0.18500000000000014;1.0;0.4460941604639091;0.18500000000000014;12.0;0.18500000000000014;12.0
15:47:53 11/08/2020;0.1843;0.18500000000000014;1.0;0.4460941604639091;0.18500000000000014;12.0;0.18500000000000014;12.0
03:01:23 12/08/2020;0.1841;0.18500000000000014;1.0;0.4460941604639091;0.18500000000000014;12.0;0.18500000000000014;12.0
17:10:40 12/08/2020;0.1846;0.18500000000000014;1.0;0.4460941604639091;0.18500000000000014;6.1658333333333335;0.18500000000000014;6.1658333333333335
23:20:37 12/08/2020;0.1851;0.18600000000000014;1.0;0.44497190922573965;0.18600000000000014;12.0;0.18600000000000014;12.0
05:22:04 13/08/2020;0.185;0.18600000000000014;1.0;0.44497190922573965;0.18600000000000014;12.0;0.18600000000000014;12.0
10:58:32 13/08/2020;0.1853;0.18600000000000014;1.0;0.44497190922573965;0.18600000000000014;12.0;0.18600000000000014;12.0
16:35:05 13/08/2020;0.1852;0.18600000000000014;1.0;0.44497190922573965;0.18600000000000014;12.0;0.18600000000000014;12.0
23:27:03 13/08/2020;0.1844;0.18600000000000014;1.0;0.44497190922573965;0.18600000000000014;12.0;0.18600000000000014;12.0
05:45:46 14/08/2020;0.1841;0.18500000000000014;1.0;0.4460941604639091;0.18500000000000014;12.0;0.18500000000000014;12.0
10:48:31 14/08/2020;0.1843;0.18500000000000014;1.0;0.4460941604639091;0.18500000000000014;12.0;0.18500000000000014;12.0
18:22:46 14/08/2020;0.1841;0.18500000000000014;1.0;0.4460941604639091;0.18500000000000014;12.0;0.18500000000000014;12.0
00:07:30 15/08/2020;0.1842;0.18500000000000014;1.0;0.4460941604639091;0.18500000000000014;12.0;0.18500000000000014;12.0
05:02:01 15/08/2020;0.1841;0.18500000000000014;1.0;0.4460941604639091;0.18500000000000014;12.0;0.18500000000000014;12.0
16:32:03 15/08/2020;0.1846;0.18500000000000014;1.0;0.4460941604639091;0.18500000000000014;12.0;0.18500000000000014;12.0
22:42:03 15/08/2020;0.1848;0.18500000000000014;1.0;0.4460941604639091;0.18500000000000014;12.0;0.18500000000000014;12.0
04:52:40 16/08/2020;0.1847;0.18500000000000014;1.0;0.4460941604639091;0.18500000000000014;12.0;0.18500000000000014;12.0
11:36:02 16/08/2020;0.1848;0.18500000000000014;1.0;0.4460941604639091;0.18500000000000014;12.0;0.18500000000000014;12.0
16:22:13 16/08/2020;0.185;0.18500000000000014;1.0;0.4460941604639091;0.18500000000000014;12.0;0.18500000000000014;12.0
21:50:38 16/08/2020;0.1849;0.18500000000000014;1.0;0.4460941604639091;0.18500000000000014;12.0;0.18500000000000014;12.0
02:44:33 17/08/2020;0.1845;0.18500000000000014;1.0;0.4460941604639091;0.18500000000000014;12.0;0.18500000000000014;12.0
07:22:30 17/08/2020;0.1841;0.18500000000000014;1.0;0.4460941604639091;0.18500000000000014;12.0;0.18500000000000014;12.0
14:48:02 17/08/2020;0.1844;0.18500000000000014;1.0;0.4460941604639091;0.18500000000000014;12.0;0.18500000000000014;12.0
20:41:38 17/08/2020;0.1834;0.18500000000000014;1.0;0.4460941604639091;0.18500000000000014;12.0;0.18500000000000014;12.0
02:18:24 18/08/2020;0.1827;0.18500000000000014;1.0;0.4460941604639091;0.18500000000000014;12.0;0.18450000000000014;12.0
07:55:19 18/08/2020;0.1821;0.18400000000000014;1.0;0.4472135954999578;0.18400000000000014;12.0;0.18400000000000014;12.0
14:30:27 18/08/2020;0.182;0.18300000000000013;1.0;0.44833023542919775;0.18300000000000013;12.0;0.18300000000000013;12.0
22:04:20 18/08/2020;0.1816;0.18200000000000013;1.0;0.4494441010848845;0.18200000000000013;12.0;0.18200000000000013;12.0
03:24:31 19/08/2020;0.1813;0.18200000000000013;1.0;0.4494441010848845;0.18200000000000013;12.0;0.18200000000000013;12.0
09:51:29 19/08/2020;0.1806;0.18200000000000013;1.0;0.4494441010848845;0.18200000000000013;12.0;0.18200000000000013;12.0
14:45:51 19/08/2020;0.1808;0.18200000000000013;1.0;0.4494441010848845;0.18200000000000013;12.0;0.18150000000000013;12.0
19:32:01 19/08/2020;0.181;0.18100000000000013;1.0;0.45055521304275226;0.18100000000000013;12.0;0.18100000000000013;12.0
01:33:50 20/08/2020;0.1801;0.18100000000000013;1.0;0.45055521304275226;0.18100000000000013;12.0;0.18100000000000013;12.0
06:45:19 20/08/2020;0.1799;0.18100000000000013;1.0;0.45055521304275226;0.18100000000000013;12.0;0.18100000000000013;12.0
14:11:20 20/08/2020;0.1803;0.18100000000000013;1.0;0.45055521304275226;0.18100000000000013;12.0;0.18100000000000013;12.0
18:57:20 20/08/2020;0.1804;0.18100000000000013;1.0;0.45055521304275226;0.18100000000000013;12.0;0.18100000000000013;12.0
06:19:05 21/08/2020;0.1805;0.18100000000000013;1.0;0.45055521304275226;0.18100000000000013;12.0;0.18100000000000013;12.0
13:11:37 21/08/2020;0.1809;0.18100000000000013;1.0;0.45055521304275226;0.18100000000000013;12.0;0.18100000000000013;12.0
03:46:33 22/08/2020;0.1816;0.18200000000000013;1.0;0.4494441010848845;0.18200000000000013;12.0;0.18200000000000013;12.0
10:21:36 22/08/2020;0.182;0.18200000000000013;1.0;0.4494441010848845;0.18200000000000013;6.176111111111111;0.18200000000000013;6.176111111111111
16:32:10 22/08/2020;0.1827;0.18300000000000013;1.0;0.44833023542919775;0.18300000000000013;7.2908333333333335;0.18300000000000013;7.2908333333333335
23:49:37 22/08/2020;0.1833;0.18400000000000014;1.0;0.4472135954999578;0.18400000000000014;10.803611111111111;0.18400000000000014;10.803611111111111
05:43:08 23/08/2020;0.1836;0.18400000000000014;1.0;0.4472135954999578;0.18400000000000014;4.911666666666667;0.18450000000000014;10.233055555555556
10:37:50 23/08/2020;0.1848;0.18500000000000014;1.0;0.4460941604639091;0.18500000000000014;5.3213888888888885;0.18500000000000014;5.3213888888888885
15:57:07 23/08/2020;0.1852;0.18600000000000014;1.0;0.44497190922573965;0.18600000000000014;12.0;0.18600000000000014;12.0
21:17:06 23/08/2020;0.1859;0.18600000000000014;1.0;0.44497190922573965;0.18600000000000014;7.016666666666667;0.18600000000000014;7.016666666666667
04:18:06 24/08/2020;0.1871;0.18800000000000014;1.0;0.44271887242357294;0.18800000000000014;12.0;0.18800000000000014;12.0
09:29:07 24/08/2020;0.1878;0.18800000000000014;1.0;0.44271887242357294;0.18800000000000014;12.0;0.18800000000000014;12.0
14:24:09 24/08/2020;0.1879;0.18800000000000014;1.0;0.44271887242357294;0.18800000000000014;7.150277777777778;0.18800000000000014;7.150277777777778
21:33:10 24/08/2020;0.189;0.18900000000000014;1.0;0.4415880433163922;0.18900000000000014;7.4325;0.18900000000000014;7.4325
04:59:07 25/08/2020;0.1896;0.19000000000000014;1.0;0.44045431091090465;0.19000000000000014;6.733888888888889;0.19000000000000014;6.733888888888889
11:43:09 25/08/2020;0.1906;0.19100000000000014;1.0;0.4393176527297758;0.19100000000000014;6.091666666666667;0.19100000000000014;6.091666666666667
17:48:39 25/08/2020;0.1921;0.19300000000000014;1.0;0.43703546766824297;0.19300000000000014;6.283333333333333;0.19300000000000014;6.283333333333333
00:05:39 26/08/2020;0.1943;0.19500000000000015;1.0;0.434741302385683;0.19500000000000015;5.325;0.19550000000000015;12.0
05:25:09 26/08/2020;0.1952;0.19600000000000015;1.0;0.4335896677735758;0.19600000000000015;6.875;0.19600000000000015;6.875
12:17:39 26/08/2020;0.1965;0.19700000000000015;1.0;0.4324349662087929;0.19700000000000015;12.0;0.19700000000000015;12.0
19:10:13 26/08/2020;0.1957;0.19700000000000015;1.0;0.4324349662087929;0.19700000000000015;6.4430555555555555;0.19700000000000015;6.4430555555555555
01:36:48 27/08/2020;0.1975;0.19800000000000015;1.0;0.43127717305695634;0.19800000000000015;6.591388888888889;0.19800000000000015;6.591388888888889
08:12:17 27/08/2020;0.1988;0.19900000000000015;1.0;0.43011626335213116;0.19900000000000015;6.8758333333333335;0.19900000000000015;6.8758333333333335
15:04:50 27/08/2020;0.1994;0.20000000000000015;1.0;0.42895221179054416;0.20000000000000015;5.607777777777778;0.20100000000000015;12.0
20:41:18 27/08/2020;0.2014;0.20200000000000015;1.0;0.42661458015403064;0.20200000000000015;11.774444444444445;0.20200000000000015;11.774444444444445
08:27:46 28/08/2020;0.2027;0.20300000000000015;1.0;0.42544094772365276;0.20300000000000015;12.0;0.20300000000000015;12.0
15:12:15 28/08/2020;0.2018;0.20300000000000015;1.0;0.42544094772365276;0.20300000000000015;12.0;0.20300000000000015;12.0
22:47:20 28/08/2020;0.2026;0.20300000000000015;1.0;0.42544094772365276;0.20300000000000015;12.0;0.20300000000000015;12.0
05:49:13 29/08/2020;0.2016;0.20300000000000015;1.0;0.42544094772365276;0.20300000000000015;10.783055555555556;0.20300000000000015;10.783055555555556
11:34:51 29/08/2020;0.2028;0.20300000000000015;1.0;0.42544094772365276;0.20300000000000015;5.0225;0.20350000000000015;11.231666666666667
16:36:12 29/08/2020;0.204;0.20400000000000015;1.0;0.42426406871192834;0.20400000000000015;6.2091666666666665;0.20400000000000015;6.2091666666666665
22:48:45 29/08/2020;0.2046;0.20500000000000015;1.0;0.42308391602612344;0.20500000000000015;5.911388888888889;0.20550000000000015;12.0
04:43:26 30/08/2020;0.2053;0.20600000000000016;1.0;0.42190046219457955;0.20600000000000016;12.0;0.20600000000000016;12.0
12:18:36 30/08/2020;0.2048;0.20600000000000016;1.0;0.42190046219457955;0.20600000000000016;12.0;0.20550000000000015;12.0
16:56:19 30/08/2020;0.2044;0.20500000000000015;1.0;0.42308391602612344;0.20500000000000015;12.0;0.20500000000000015;12.0
22:25:19 30/08/2020;0.2036;0.20500000000000015;1.0;0.42308391602612344;0.20500000000000015;12.0;0.20500000000000015;12.0
03:54:16 31/08/2020;0.2031;0.20500000000000015;1.0;0.42308391602612344;0.20500000000000015;12.0;0.20450000000000015;12.0
08:40:45 31/08/2020;0.2034;0.20400000000000015;1.0;0.42426406871192834;0.20400000000000015;12.0;0.20400000000000015;12.0
13:44:21 31/08/2020;0.2023;0.20400000000000015;1.0;0.42426406871192834;0.20400000000000015;12.0;0.20400000000000015;12.0
21:19:44 31/08/2020;0.2026;0.20300000000000015;1.0;0.42544094772365276;0.20300000000000015;12.0;0.20300000000000015;12.0
21:19:44 31/08/2020;0.2026;0.20300000000000015;1.0;0.42544094772365276;0.20300000000000015;12.0;0.20300000000000015;12.0
02:14:44 01/09/2020;0.2024;0.20300000000000015;1.0;0.42544094772365276;0.20300000000000015;12.0;0.20300000000000015;12.0
07:35:11 01/09/2020;0.2019;0.20300000000000015;1.0;0.42544094772365276;0.20300000000000015;12.0;0.20300000000000015;12.0
14:36:41 01/09/2020;0.2018;0.20200000000000015;1.0;0.42661458015403064;0.20200000000000015;12.0;0.20200000000000015;12.0
20:40:10 01/09/2020;0.2014;0.20200000000000015;1.0;0.42661458015403064;0.20200000000000015;12.0;0.20200000000000015;12.0
10:51:33 02/09/2020;0.1987;0.19900000000000015;1.0;0.43011626335213116;0.19900000000000015;12.0;0.19900000000000015;12.0
15:46:03 02/09/2020;0.1983;0.19900000000000015;1.0;0.43011626335213116;0.19900000000000015;7.448333333333333;0.19900000000000015;7.448333333333333
23:12:57 02/09/2020;0.1995;0.20000000000000015;1.0;0.42895221179054416;0.20000000000000015;6.044444444444444;0.20000000000000015;6.044444444444444
05:15:37 03/09/2020;0.2005;0.20100000000000015;1.0;0.4277849927241486;0.20100000000000015;12.0;0.20100000000000015;12.0
10:27:36 03/09/2020;0.2002;0.20100000000000015;1.0;0.4277849927241486;0.20100000000000015;12.0;0.20100000000000015;12.0
16:47:06 03/09/2020;0.1999;0.20100000000000015;1.0;0.4277849927241486;0.20100000000000015;10.959444444444445;0.20100000000000015;10.959444444444445
22:15:37 03/09/2020;0.2;0.20100000000000015;1.0;0.4277849927241486;0.20100000000000015;5.484166666666667;0.20150000000000015;12.0
03:44:40 04/09/2020;0.2018;0.20200000000000015;1.0;0.42661458015403064;0.20200000000000015;7.299444444444444;0.20200000000000015;7.299444444444444
11:02:38 04/09/2020;0.2029;0.20300000000000015;1.0;0.42544094772365276;0.20300000000000015;6.891666666666667;0.20300000000000015;6.891666666666667
17:56:08 04/09/2020;0.2038;0.20400000000000015;1.0;0.42426406871192834;0.20400000000000015;5.2;0.20400000000000015;5.2
23:08:08 04/09/2020;0.2053;0.20600000000000016;1.0;0.42190046219457955;0.20600000000000016;6.605;0.20650000000000016;12.0
02:53:05 05/09/2020;0.2053;0.20600000000000016;1.0;0.42190046219457955;0.20600000000000016;2.8558333333333334;0.20650000000000016;9.883333333333333
05:44:26 05/09/2020;0.207;0.20700000000000016;1.0;0.4207136793592524;0.20700000000000016;7.0275;0.20700000000000016;7.0275
12:46:05 05/09/2020;0.2075;0.20800000000000016;1.0;0.41952353926806046;0.20800000000000016;10.260277777777778;0.20800000000000016;10.260277777777778
17:32:26 05/09/2020;0.2074;0.20800000000000016;1.0;0.41952353926806046;0.20800000000000016;5.487777777777778;0.20850000000000016;11.666944444444445
23:01:42 05/09/2020;0.209;0.20900000000000016;1.0;0.4183300132670376;0.20900000000000016;6.179166666666666;0.20900000000000016;6.179166666666666
05:12:27 06/09/2020;0.2108;0.21100000000000016;1.0;0.41593268686170826;0.21100000000000016;12.0;0.21100000000000016;12.0
10:57:59 06/09/2020;0.2092;0.21100000000000016;1.0;0.41593268686170826;0.21100000000000016;12.0;0.21100000000000016;12.0
18:08:11 06/09/2020;0.2068;0.21000000000000016;1.0;0.417133072292284;0.21000000000000016;12.0;0.21000000000000016;12.0
00:35:57 07/09/2020;0.2052;0.20700000000000016;1.0;0.4207136793592524;0.20700000000000016;12.0;0.20700000000000016;12.0
05:39:18 07/09/2020;0.204;0.20700000000000016;1.0;0.4207136793592524;0.20700000000000016;12.0;0.20700000000000016;12.0
13:06:13 07/09/2020;0.2031;0.20400000000000015;1.0;0.42426406871192834;0.20400000000000015;12.0;0.20400000000000015;12.0
20:16:15 07/09/2020;0.2007;0.20400000000000015;1.0;0.42426406871192834;0.20400000000000015;12.0;0.20250000000000015;12.0
02:10:12 08/09/2020;0.1994;0.20100000000000015;1.0;0.4277849927241486;0.20100000000000015;12.0;0.20100000000000015;12.0
09:29:00 08/09/2020;0.1992;0.20000000000000015;1.0;0.42895221179054416;0.20000000000000015;12.0;0.20000000000000015;12.0
14:40:13 08/09/2020;0.1987;0.20000000000000015;1.0;0.42895221179054416;0.20000000000000015;12.0;0.20000000000000015;12.0
21:33:17 08/09/2020;0.1985;0.19900000000000015;1.0;0.43011626335213116;0.19900000000000015;10.065277777777778;0.19900000000000015;10.065277777777778
00:53:10 09/09/2020;0.1985;0.19900000000000015;1.0;0.43011626335213116;0.19900000000000015;6.733888888888889;0.19900000000000015;6.733888888888889
02:08:49 09/09/2020;0.1984;0.19900000000000015;1.0;0.43011626335213116;0.19900000000000015;5.473055555555556;0.19950000000000015;12.0
07:37:12 09/09/2020;0.1998;0.20000000000000015;1.0;0.42895221179054416;0.20000000000000015;6.881944444444445;0.20000000000000015;6.881944444444445
14:30:07 09/09/2020;0.2015;0.20200000000000015;1.0;0.42661458015403064;0.20200000000000015;7.589444444444444;0.20200000000000015;7.589444444444444
22:05:29 09/09/2020;0.2025;0.20300000000000015;1.0;0.42544094772365276;0.20300000000000015;6.890555555555555;0.20300000000000015;6.890555555555555
04:58:55 10/09/2020;0.2043;0.20500000000000015;1.0;0.42308391602612344;0.20500000000000015;5.9025;0.20550000000000015;12.0
10:53:04 10/09/2020;0.2052;0.20600000000000016;1.0;0.42190046219457955;0.20600000000000016;12.0;0.20600000000000016;12.0
17:27:56 10/09/2020;0.2054;0.20600000000000016;1.0;0.42190046219457955;0.20600000000000016;5.61;0.20600000000000016;5.61
23:04:32 10/09/2020;0.2069;0.20700000000000016;1.0;0.4207136793592524;0.20700000000000016;4.631388888888889;0.20800000000000016;12.0
03:42:25 11/09/2020;0.2082;0.20900000000000016;1.0;0.4183300132670376;0.20900000000000016;12.0;0.20900000000000016;12.0
10:01:16 11/09/2020;0.2087;0.20900000000000016;1.0;0.4183300132670376;0.20900000000000016;12.0;0.20900000000000016;12.0
15:46:45 11/09/2020;0.2073;0.20900000000000016;1.0;0.4183300132670376;0.20900000000000016;12.0;0.20900000000000016;12.0
21:06:57 11/09/2020;0.2085;0.20900000000000016;1.0;0.4183300132670376;0.20900000000000016;12.0;0.20900000000000016;12.0
02:52:16 12/09/2020;0.2079;0.20900000000000016;1.0;0.4183300132670376;0.20900000000000016;10.816666666666666;0.20900000000000016;10.816666666666666
09:03:15 12/09/2020;0.2088;0.20900000000000016;1.0;0.4183300132670376;0.20900000000000016;4.633611111111111;0.20950000000000016;12.0
13:41:16 12/09/2020;0.2092;0.21000000000000016;1.0;0.417133072292284;0.21000000000000016;12.0;0.21000000000000016;12.0
21:07:54 12/09/2020;0.2086;0.21000000000000016;1.0;0.417133072292284;0.21000000000000016;12.0;0.21000000000000016;12.0
01:59:50 13/09/2020;0.2081;0.20900000000000016;1.0;0.4183300132670376;0.20900000000000016;12.0;0.20900000000000016;12.0
06:38:08 13/09/2020;0.208;0.20900000000000016;1.0;0.4183300132670376;0.20900000000000016;12.0;0.20900000000000016;12.0
13:13:46 13/09/2020;0.2085;0.20900000000000016;1.0;0.4183300132670376;0.20900000000000016;5.9075;0.20950000000000016;12.0
19:08:13 13/09/2020;0.2091;0.21000000000000016;1.0;0.417133072292284;0.21000000000000016;6.316666666666666;0.21000000000000016;6.316666666666666
01:27:13 14/09/2020;0.2111;0.21200000000000016;1.0;0.41472882706655423;0.21200000000000016;4.783888888888889;0.21250000000000016;12.0
06:14:15 14/09/2020;0.2121;0.21300000000000016;1.0;0.41352146256270644;0.21300000000000016;12.0;0.21300000000000016;12.0
11:51:14 14/09/2020;0.2126;0.21300000000000016;1.0;0.41352146256270644;0.21300000000000016;7.025277777777778;0.21300000000000016;7.025277777777778
18:52:45 14/09/2020;0.2151;0.21600000000000016;1.0;0.40987803063838374;0.21600000000000016;6.7411111111111115;0.21600000000000016;6.7411111111111115
01:37:13 15/09/2020;0.2167;0.21700000000000016;1.0;0.4086563348340508;0.21700000000000016;5.341944444444445;0.21700000000000016;5.341944444444445
06:57:44 15/09/2020;0.2188;0.21900000000000017;1.0;0.4062019202317978;0.21900000000000017;5.758333333333334;0.21900000000000017;5.758333333333334
12:43:14 15/09/2020;0.2203;0.22100000000000017;1.0;0.4037325847637268;0.22100000000000017;12.0;0.22100000000000017;12.0
17:59:20 15/09/2020;0.221;0.22100000000000017;1.0;0.4037325847637268;0.22100000000000017;7.097222222222222;0.22100000000000017;7.097222222222222
01:05:10 16/09/2020;0.2232;0.22400000000000017;1.0;0.3999999999999998;0.22400000000000017;12.0;0.22400000000000017;12.0
06:17:12 16/09/2020;0.2227;0.22400000000000017;1.0;0.3999999999999998;0.22400000000000017;12.0;0.22400000000000017;12.0
12:20:09 16/09/2020;0.2238;0.22400000000000017;1.0;0.3999999999999998;0.22400000000000017;6.050277777777778;0.22400000000000017;6.050277777777778
18:23:10 16/09/2020;0.2241;0.22500000000000017;1.0;0.3987480407475375;0.22500000000000017;12.0;0.22500000000000017;12.0
23:35:10 16/09/2020;0.225;0.22500000000000017;1.0;0.3987480407475375;0.22500000000000017;7.032777777777778;0.22500000000000017;7.032777777777778
06:37:08 17/09/2020;0.2256;0.22600000000000017;1.0;0.3974921382870356;0.22600000000000017;12.0;0.22600000000000017;12.0
11:49:40 17/09/2020;0.2249;0.22600000000000017;1.0;0.3974921382870356;0.22600000000000017;12.0;0.22600000000000017;12.0
18:17:58 17/09/2020;0.2252;0.22600000000000017;1.0;0.3974921382870356;0.22600000000000017;6.608611111111111;0.22600000000000017;6.608611111111111
00:54:29 18/09/2020;0.227;0.22700000000000017;1.0;0.3962322551231788;0.22700000000000017;12.0;0.22700000000000017;12.0
07:30:59 18/09/2020;0.2269;0.22700000000000017;1.0;0.3962322551231788;0.22700000000000017;6.333055555555555;0.22700000000000017;6.333055555555555
13:50:58 18/09/2020;0.2277;0.22800000000000017;1.0;0.3949683531626298;0.22800000000000017;7.036666666666667;0.22800000000000017;7.036666666666667
20:53:10 18/09/2020;0.2282;0.22900000000000018;1.0;0.39370039370059035;0.22900000000000018;12.0;0.22900000000000018;12.0
03:12:57 19/09/2020;0.2287;0.22900000000000018;1.0;0.39370039370059035;0.22900000000000018;12.0;0.22900000000000018;12.0
09:15:59 19/09/2020;0.228;0.22900000000000018;1.0;0.39370039370059035;0.22900000000000018;12.0;0.22900000000000018;12.0
13:46:49 19/09/2020;0.228;0.22900000000000018;1.0;0.39370039370059035;0.22900000000000018;12.0;0.22900000000000018;12.0
14:36:40 19/09/2020;0.2276;0.22900000000000018;1.0;0.39370039370059035;0.22900000000000018;12.0;0.22900000000000018;12.0
20:31:10 19/09/2020;0.2271;0.22800000000000017;1.0;0.3949683531626298;0.22800000000000017;12.0;0.22800000000000017;12.0
01:43:44 20/09/2020;0.2263;0.22800000000000017;1.0;0.3949683531626298;0.22800000000000017;12.0;0.22800000000000017;12.0
08:39:38 20/09/2020;0.2257;0.22700000000000017;1.0;0.3962322551231788;0.22700000000000017;12.0;0.22700000000000017;12.0
13:43:43 20/09/2020;0.2254;0.22700000000000017;1.0;0.3962322551231788;0.22700000000000017;12.0;0.22700000000000017;12.0
20:28:48 20/09/2020;0.2256;0.22600000000000017;1.0;0.3974921382870356;0.22600000000000017;7.316388888888889;0.22600000000000017;7.316388888888889
03:47:47 21/09/2020;0.2269;0.22700000000000017;1.0;0.3962322551231788;0.22700000000000017;12.0;0.22700000000000017;12.0
11:14:39 21/09/2020;0.227;0.22700000000000017;1.0;0.3962322551231788;0.22700000000000017;12.0;0.22700000000000017;12.0
17:00:39 21/09/2020;0.2263;0.22700000000000017;1.0;0.3962322551231788;0.22700000000000017;6.616944444444444;0.22700000000000017;6.616944444444444
23:37:40 21/09/2020;0.228;0.22800000000000017;1.0;0.3949683531626298;0.22800000000000017;6.191666666666666;0.22800000000000017;6.191666666666666
05:49:10 22/09/2020;0.2292;0.23000000000000018;1.0;0.3924283374069715;0.23000000000000018;12.0;0.23000000000000018;12.0
12:51:09 22/09/2020;0.2285;0.23000000000000018;1.0;0.3924283374069715;0.23000000000000018;12.0;0.23000000000000018;12.0
19:45:09 22/09/2020;0.2287;0.22900000000000018;1.0;0.39370039370059035;0.22900000000000018;6.050277777777778;0.22900000000000018;6.050277777777778
01:48:10 23/09/2020;0.2297;0.23000000000000018;1.0;0.3924283374069715;0.23000000000000018;7.033333333333333;0.23000000000000018;7.033333333333333
08:50:10 23/09/2020;0.2309;0.23100000000000018;1.0;0.3911521443121587;0.23100000000000018;12.0;0.23100000000000018;12.0
11:46:54 23/09/2020;0.2309;0.23100000000000018;1.0;0.3911521443121587;0.23100000000000018;9.572222222222223;0.23100000000000018;9.572222222222223
14:02:18 23/09/2020;0.2306;0.23100000000000018;1.0;0.3911521443121587;0.23100000000000018;7.315555555555555;0.23100000000000018;7.315555555555555
17:06:50 23/09/2020;0.2306;0.23100000000000018;1.0;0.3911521443121587;0.23100000000000018;4.24;0.23150000000000018;12.0
21:21:14 23/09/2020;0.2312;0.23200000000000018;1.0;0.3898717737923583;0.23200000000000018;12.0;0.23200000000000018;12.0
02:58:48 24/09/2020;0.2311;0.23200000000000018;1.0;0.3898717737923583;0.23200000000000018;12.0;0.23200000000000018;12.0
09:52:17 24/09/2020;0.2296;0.23200000000000018;1.0;0.3898717737923583;0.23200000000000018;12.0;0.23200000000000018;12.0
14:30:44 24/09/2020;0.2291;0.23200000000000018;1.0;0.3898717737923583;0.23200000000000018;12.0;0.23200000000000018;12.0
00:30:14 25/09/2020;0.2295;0.23000000000000018;1.0;0.3924283374069715;0.23000000000000018;12.0;0.23000000000000018;12.0
06:07:44 25/09/2020;0.2287;0.23000000000000018;1.0;0.3924283374069715;0.23000000000000018;12.0;0.23000000000000018;12.0
13:34:51 25/09/2020;0.2295;0.23000000000000018;1.0;0.3924283374069715;0.23000000000000018;10.55;0.23000000000000018;10.55
19:12:51 25/09/2020;0.2297;0.23000000000000018;1.0;0.3924283374069715;0.23000000000000018;4.916666666666667;0.23100000000000018;9.983888888888888
00:07:51 26/09/2020;0.2319;0.23200000000000018;1.0;0.3898717737923583;0.23200000000000018;5.067222222222222;0.23300000000000018;12.0
05:11:53 26/09/2020;0.2337;0.23400000000000018;1.0;0.3872983346207415;0.23400000000000018;12.0;0.23400000000000018;12.0
11:48:36 26/09/2020;0.234;0.23400000000000018;1.0;0.3872983346207415;0.23400000000000018;12.0;0.23400000000000018;12.0
18:50:31 26/09/2020;0.2317;0.23400000000000018;1.0;0.3872983346207415;0.23400000000000018;12.0;0.23400000000000018;12.0
01:01:52 27/09/2020;0.2312;0.23200000000000018;1.0;0.3898717737923583;0.23200000000000018;12.0;0.23200000000000018;12.0
05:40:20 27/09/2020;0.2299;0.23200000000000018;1.0;0.3898717737923583;0.23200000000000018;12.0;0.23200000000000018;12.0
11:43:23 27/09/2020;0.2288;0.23200000000000018;1.0;0.3898717737923583;0.23200000000000018;12.0;0.23150000000000018;12.0
16:46:51 27/09/2020;0.2307;0.23100000000000018;1.0;0.3911521443121587;0.23100000000000018;12.0;0.23100000000000018;12.0
00:05:51 28/09/2020;0.2303;0.23100000000000018;1.0;0.3911521443121587;0.23100000000000018;12.0;0.23100000000000018;12.0
07:24:25 28/09/2020;0.229;0.23100000000000018;1.0;0.3911521443121587;0.23100000000000018;12.0;0.23100000000000018;12.0
14:34:51 28/09/2020;0.2302;0.23100000000000018;1.0;0.3911521443121587;0.23100000000000018;12.0;0.23100000000000018;12.0
21:28:55 28/09/2020;0.2308;0.23100000000000018;1.0;0.3911521443121587;0.23100000000000018;12.0;0.23100000000000018;12.0
04:47:22 29/09/2020;0.2299;0.23100000000000018;1.0;0.3911521443121587;0.23100000000000018;12.0;0.23100000000000018;12.0
10:16:21 29/09/2020;0.2287;0.23000000000000018;1.0;0.3924283374069715;0.23000000000000018;12.0;0.23000000000000018;12.0
15:20:20 29/09/2020;0.2286;0.23000000000000018;1.0;0.3924283374069715;0.23000000000000018;12.0;0.23000000000000018;12.0
22:39:41 29/09/2020;0.2279;0.22900000000000018;1.0;0.39370039370059035;0.22900000000000018;12.0;0.22900000000000018;12.0
04:25:30 30/09/2020;0.2277;0.22800000000000017;1.0;0.3949683531626298;0.22800000000000017;4.641388888888889;0.22850000000000018;12.0
09:03:59 30/09/2020;0.2285;0.22900000000000018;1.0;0.39370039370059035;0.22900000000000018;12.0;0.22900000000000018;12.0
15:49:21 30/09/2020;0.2283;0.22900000000000018;1.0;0.39370039370059035;;;;
21:18:40 30/09/2020;0.2281;0.22900000000000018;1.0;0.39370039370059035;;;;
