23:19:58 31/12/2019;0.1642;;;;;;;
05:36:30 01/01/2020;0.1641;;;;;;;
10:38:01 01/01/2020;0.1637;;;;;;;
17:53:36 01/01/2020;0.1632;0.16400000000000012;1.0;0.46904157598234286;0.16400000000000012;12.0;0.16400000000000012;12.0
23:53:33 01/01/2020;0.163;0.16400000000000012;1.0;0.46904157598234286;0.16400000000000012;12.0;0.16400000000000012;12.0
06:44:04 02/01/2020;0.1626;0.16300000000000012;1.0;0.47010637094172625;0.16300000000000012;12.0;0.16300000000000012;12.0
12:52:29 02/01/2020;0.1624;0.16300000000000012;1.0;0.47010637094172625;0.16300000000000012;12.0;0.16300000000000012;12.0
18:11:00 02/01/2020;0.1618;0.16300000000000012;1.0;0.47010637094172625;0.16300000000000012;12.0;0.16300000000000012;12.0
00:11:07 03/01/2020;0.162;0.16300000000000012;1.0;0.47010637094172625;0.16300000000000012;12.0;0.16300000000000012;12.0
11:46:39 03/01/2020;0.1618;0.16200000000000012;1.0;0.47116875957558974;0.16200000000000012;12.0;0.16200000000000012;12.0
18:53:40 03/01/2020;0.1617;0.16200000000000012;1.0;0.47116875957558974;0.16200000000000012;12.0;0.16200000000000012;12.0
01:52:11 04/01/2020;0.1619;0.16200000000000012;1.0;0.47116875957558974;0.16200000000000012;7.399166666666667;0.16200000000000012;7.399166666666667
09:16:08 04/01/2020;0.1621;0.16300000000000012;1.0;0.47010637094172625;0.16300000000000012;12.0;0.16300000000000012;12.0
15:33:19 04/01/2020;0.1622;0.16300000000000012;1.0;0.47010637094172625;0.16300000000000012;12.0;0.16300000000000012;12.0
03:08:17 05/01/2020;0.1621;0.16300000000000012;1.0;0.47010637094172625;0.16300000000000012;12.0;0.16300000000000012;12.0
09:25:06 05/01/2020;0.1622;0.16300000000000012;1.0;0.47010637094172625;0.16300000000000012;12.0;0.16300000000000012;12.0
16:40:35 05/01/2020;0.1617;0.16300000000000012;1.0;0.47010637094172625;0.16300000000000012;12.0;0.16300000000000012;12.0
03:25:41 06/01/2020;0.1615;0.16200000000000012;1.0;0.47116875957558974;0.16200000000000012;12.0;0.16200000000000012;12.0
16:33:12 06/01/2020;0.1613;0.16200000000000012;1.0;0.47116875957558974;0.16200000000000012;12.0;0.16200000000000012;12.0
22:07:33 06/01/2020;0.1613;0.16200000000000012;1.0;0.47116875957558974;0.16200000000000012;12.0;0.16200000000000012;12.0
23:48:53 06/01/2020;0.1614;0.16200000000000012;1.0;0.47116875957558974;0.16200000000000012;12.0;0.16200000000000012;12.0
07:12:20 07/01/2020;0.1618;0.16200000000000012;1.0;0.47116875957558974;0.16200000000000012;6.557222222222222;0.16200000000000012;6.557222222222222
13:45:46 07/01/2020;0.1623;0.16300000000000012;1.0;0.47010637094172625;0.16300000000000012;12.0;0.16300000000000012;12.0
19:04:21 07/01/2020;0.1627;0.16300000000000012;1.0;0.47010637094172625;0.16300000000000012;7.530833333333334;0.16300000000000012;7.530833333333334
02:36:12 08/01/2020;0.1635;0.16400000000000012;1.0;0.46904157598234286;0.16400000000000012;12.0;0.16400000000000012;12.0
07:21:24 08/01/2020;0.1636;0.16400000000000012;1.0;0.46904157598234286;0.16400000000000012;12.0;0.16400000000000012;12.0
13:46:43 08/01/2020;0.1638;0.16400000000000012;1.0;0.46904157598234286;0.16400000000000012;6.7;0.16400000000000012;6.7
20:28:43 08/01/2020;0.1645;0.16500000000000012;1.0;0.4679743582719035;0.16500000000000012;5.584722222222222;0.16500000000000012;5.584722222222222
02:03:48 09/01/2020;0.1651;0.16600000000000012;1.0;0.46690470119714994;0.16600000000000012;12.0;0.16600000000000012;12.0
06:48:33 09/01/2020;0.165;0.16600000000000012;1.0;0.46690470119714994;0.16600000000000012;12.0;0.16600000000000012;12.0
13:47:09 09/01/2020;0.1648;0.16600000000000012;1.0;0.46690470119714994;0.16600000000000012;12.0;0.16550000000000012;11.865
18:40:34 09/01/2020;0.1649;0.16500000000000012;1.0;0.4679743582719035;0.16500000000000012;6.974722222222222;0.16500000000000012;6.974722222222222
01:39:03 10/01/2020;0.1653;0.16600000000000012;1.0;0.46690470119714994;0.16600000000000012;12.0;0.16600000000000012;12.0
08:21:04 10/01/2020;0.1654;0.16600000000000012;1.0;0.46690470119714994;0.16600000000000012;12.0;0.16600000000000012;12.0
13:06:07 10/01/2020;0.1656;0.16600000000000012;1.0;0.46690470119714994;0.16600000000000012;12.0;0.16600000000000012;12.0
18:41:09 10/01/2020;0.1659;0.16600000000000012;1.0;0.46690470119714994;0.16600000000000012;12.0;0.16600000000000012;12.0
01:14:43 11/01/2020;0.166;0.16600000000000012;1.0;0.46690470119714994;0.16600000000000012;12.0;0.16600000000000012;12.0
06:16:42 11/01/2020;0.1659;0.16600000000000012;1.0;0.46690470119714994;0.16600000000000012;12.0;0.16600000000000012;12.0
17:34:42 11/01/2020;0.166;0.16600000000000012;1.0;0.46690470119714994;0.16600000000000012;7.126111111111111;0.16600000000000012;7.126111111111111
00:42:16 12/01/2020;0.1662;0.16700000000000012;1.0;0.4658325879540845;0.16700000000000012;12.0;0.16700000000000012;12.0
06:25:13 12/01/2020;0.1664;0.16700000000000012;1.0;0.4658325879540845;0.16700000000000012;12.0;0.16700000000000012;12.0
11:52:11 12/01/2020;0.1666;0.16700000000000012;1.0;0.4658325879540845;0.16700000000000012;12.0;0.16700000000000012;12.0
16:45:12 12/01/2020;0.1667;0.16700000000000012;1.0;0.4658325879540845;0.16700000000000012;12.0;0.16700000000000012;12.0
22:11:49 12/01/2020;0.1668;0.16700000000000012;1.0;0.4658325879540845;0.16700000000000012;12.0;0.16700000000000012;12.0
11:44:12 13/01/2020;0.1671;0.16800000000000012;1.0;0.4647580015448899;0.16800000000000012;12.0;0.16800000000000012;12.0
18:43:37 13/01/2020;0.1674;0.16800000000000012;1.0;0.4647580015448899;0.16800000000000012;12.0;0.16800000000000012;12.0
22:27:05 13/01/2020;0.1674;0.16800000000000012;1.0;0.4647580015448899;0.16800000000000012;12.0;0.16800000000000012;12.0
00:51:48 14/01/2020;0.1675;0.16800000000000012;1.0;0.4647580015448899;0.16800000000000012;12.0;0.16800000000000012;12.0
06:18:23 14/01/2020;0.1676;0.16800000000000012;1.0;0.4647580015448899;0.16800000000000012;12.0;0.16800000000000012;12.0
13:43:47 14/01/2020;0.1671;0.16800000000000012;1.0;0.4647580015448899;0.16800000000000012;12.0;0.16800000000000012;12.0
19:31:23 14/01/2020;0.1675;0.16800000000000012;1.0;0.4647580015448899;0.16800000000000012;12.0;0.16800000000000012;12.0
00:09:34 15/01/2020;0.1679;0.16800000000000012;1.0;0.4647580015448899;0.16800000000000012;12.0;0.16800000000000012;12.0
05:04:42 15/01/2020;0.1677;0.16800000000000012;1.0;0.4647580015448899;0.16800000000000012;12.0;0.16800000000000012;12.0
12:37:06 15/01/2020;0.1675;0.16800000000000012;1.0;0.4647580015448899;0.16800000000000012;12.0;0.16800000000000012;12.0
18:20:38 15/01/2020;0.1679;0.16800000000000012;1.0;0.4647580015448899;0.16800000000000012;6.426388888888889;0.16800000000000012;6.426388888888889
00:46:13 16/01/2020;0.1685;0.16900000000000012;1.0;0.46368092477478506;0.16900000000000012;12.0;0.16900000000000012;12.0
06:29:42 16/01/2020;0.1686;0.16900000000000012;1.0;0.46368092477478506;0.16900000000000012;12.0;0.16900000000000012;12.0
13:54:21 16/01/2020;0.1684;0.16900000000000012;1.0;0.46368092477478506;0.16900000000000012;12.0;0.16900000000000012;12.0
21:09:42 16/01/2020;0.1686;0.16900000000000012;1.0;0.46368092477478506;0.16900000000000012;12.0;0.16900000000000012;12.0
02:44:45 17/01/2020;0.1687;0.16900000000000012;1.0;0.46368092477478506;0.16900000000000012;11.034444444444444;0.16900000000000012;11.034444444444444
07:46:13 17/01/2020;0.1686;0.16900000000000012;1.0;0.46368092477478506;0.16900000000000012;6.01;0.16900000000000012;6.01
13:46:49 17/01/2020;0.1691;0.17000000000000012;1.0;0.462601340248815;0.17000000000000012;12.0;0.17000000000000012;12.0
21:02:15 17/01/2020;0.1694;0.17000000000000012;1.0;0.462601340248815;0.17000000000000012;12.0;0.17000000000000012;12.0
03:36:12 18/01/2020;0.1693;0.17000000000000012;1.0;0.462601340248815;0.17000000000000012;12.0;0.17000000000000012;12.0
09:03:19 18/01/2020;0.1689;0.17000000000000012;1.0;0.462601340248815;0.17000000000000012;12.0;0.17000000000000012;12.0
04:02:11 19/01/2020;0.1685;0.16900000000000012;1.0;0.46368092477478506;0.16900000000000012;12.0;0.16900000000000012;12.0
09:20:57 19/01/2020;0.1687;0.16900000000000012;1.0;0.46368092477478506;0.16900000000000012;12.0;0.16900000000000012;12.0
15:29:25 19/01/2020;0.1688;0.16900000000000012;1.0;0.46368092477478506;0.16900000000000012;12.0;0.16900000000000012;12.0
21:21:35 19/01/2020;0.1685;0.16900000000000012;1.0;0.46368092477478506;0.16900000000000012;12.0;0.16900000000000012;12.0
02:14:41 20/01/2020;0.1683;0.16900000000000012;1.0;0.46368092477478506;0.16900000000000012;12.0;0.16900000000000012;12.0
08:23:16 20/01/2020;0.1681;0.16900000000000012;1.0;0.46368092477478506;0.16900000000000012;12.0;0.16900000000000012;12.0
14:57:18 20/01/2020;0.1684;0.16900000000000012;1.0;0.46368092477478506;0.16900000000000012;12.0;0.16900000000000012;12.0
21:39:12 20/01/2020;0.168;0.16900000000000012;1.0;0.46368092477478506;0.16900000000000012;12.0;0.16900000000000012;12.0
02:24:20 21/01/2020;0.1678;0.16900000000000012;1.0;0.46368092477478506;0.16900000000000012;12.0;0.16900000000000012;12.0
15:06:42 21/01/2020;0.1679;0.16800000000000012;1.0;0.4647580015448899;0.16800000000000012;11.984722222222222;0.16800000000000012;11.984722222222222
21:44:42 21/01/2020;0.168;0.16800000000000012;1.0;0.4647580015448899;0.16800000000000012;5.351388888888889;0.16850000000000012;12.0
03:05:47 22/01/2020;0.1682;0.16900000000000012;1.0;0.46368092477478506;0.16900000000000012;12.0;0.16900000000000012;12.0
09:47:47 22/01/2020;0.1683;0.16900000000000012;1.0;0.46368092477478506;0.16900000000000012;12.0;0.16900000000000012;12.0
16:30:18 22/01/2020;0.1689;0.16900000000000012;1.0;0.46368092477478506;0.16900000000000012;12.0;0.16900000000000012;12.0
22:30:22 22/01/2020;0.169;0.16900000000000012;1.0;0.46368092477478506;0.16900000000000012;12.0;0.16900000000000012;12.0
04:55:40 23/01/2020;0.1688;0.16900000000000012;1.0;0.46368092477478506;0.16900000000000012;12.0;0.16900000000000012;12.0
12:02:42 23/01/2020;0.1686;0.16900000000000012;1.0;0.46368092477478506;0.16900000000000012;6.983055555555556;0.16900000000000012;6.983055555555556
19:01:41 23/01/2020;0.1692;0.17000000000000012;1.0;0.462601340248815;0.17000000000000012;12.0;0.17000000000000012;12.0
08:08:41 24/01/2020;0.1689;0.16900000000000012;1.0;0.46368092477478506;0.16900000000000012;6.983611111111111;0.16900000000000012;6.983611111111111
15:07:42 24/01/2020;0.1694;0.17000000000000012;1.0;0.462601340248815;0.17000000000000012;12.0;0.17000000000000012;12.0
20:51:13 24/01/2020;0.1697;0.17000000000000012;1.0;0.462601340248815;0.17000000000000012;12.0;0.17000000000000012;12.0
02:01:11 25/01/2020;0.1696;0.17000000000000012;1.0;0.462601340248815;0.17000000000000012;12.0;0.17000000000000012;12.0
08:51:44 25/01/2020;0.1691;0.17000000000000012;1.0;0.462601340248815;0.17000000000000012;12.0;0.17000000000000012;12.0
15:25:42 25/01/2020;0.1693;0.17000000000000012;1.0;0.462601340248815;0.17000000000000012;12.0;0.17000000000000012;12.0
20:44:05 25/01/2020;0.1689;0.17000000000000012;1.0;0.462601340248815;0.17000000000000012;12.0;0.17000000000000012;12.0
02:10:35 26/01/2020;0.1683;0.17000000000000012;1.0;0.462601340248815;0.17000000000000012;12.0;0.16950000000000012;12.0
07:37:48 26/01/2020;0.1682;0.16900000000000012;1.0;0.46368092477478506;0.16900000000000012;12.0;0.16900000000000012;12.0
01:05:05 27/01/2020;0.1681;0.16900000000000012;1.0;0.46368092477478506;0.16900000000000012;12.0;0.16900000000000012;12.0
14:37:36 27/01/2020;0.1684;0.16900000000000012;1.0;0.46368092477478506;0.16900000000000012;11.732777777777779;0.16900000000000012;11.732777777777779
20:38:03 27/01/2020;0.1687;0.16900000000000012;1.0;0.46368092477478506;0.16900000000000012;5.7252777777777775;0.16950000000000012;12.0
02:21:34 28/01/2020;0.1692;0.17000000000000012;1.0;0.462601340248815;0.17000000000000012;12.0;0.17000000000000012;12.0
09:29:04 28/01/2020;0.1694;0.17000000000000012;1.0;0.462601340248815;0.17000000000000012;12.0;0.17000000000000012;12.0
15:21:02 28/01/2020;0.1699;0.17000000000000012;1.0;0.462601340248815;0.17000000000000012;12.0;0.17000000000000012;12.0
21:21:05 28/01/2020;0.17;0.17000000000000012;1.0;0.462601340248815;0.17000000000000012;12.0;0.17000000000000012;12.0
02:39:39 29/01/2020;0.1699;0.17000000000000012;1.0;0.462601340248815;0.17000000000000012;12.0;0.17000000000000012;12.0
09:13:33 29/01/2020;0.17;0.17000000000000012;1.0;0.462601340248815;0.17000000000000012;7.404166666666667;0.17000000000000012;7.404166666666667
10:12:14 29/01/2020;0.17;0.17000000000000012;1.0;0.462601340248815;0.17000000000000012;6.426111111111111;0.17000000000000012;6.426111111111111
16:37:48 29/01/2020;0.1704;0.17100000000000012;1.0;0.4615192303685729;0.17100000000000012;12.0;0.17100000000000012;12.0
22:29:12 29/01/2020;0.1706;0.17100000000000012;1.0;0.4615192303685729;0.17100000000000012;12.0;0.17100000000000012;12.0
04:04:56 30/01/2020;0.1705;0.17100000000000012;1.0;0.4615192303685729;0.17100000000000012;12.0;0.17100000000000012;12.0
09:14:41 30/01/2020;0.1706;0.17100000000000012;1.0;0.4615192303685729;0.17100000000000012;12.0;0.17100000000000012;12.0
15:39:41 30/01/2020;0.1707;0.17100000000000012;1.0;0.4615192303685729;0.17100000000000012;10.892777777777777;0.17100000000000012;10.892777777777777
21:40:25 30/01/2020;0.1709;0.17100000000000012;1.0;0.4615192303685729;0.17100000000000012;4.8805555555555555;0.17100000000000012;4.8805555555555555
02:33:15 31/01/2020;0.1711;0.17200000000000013;1.0;0.4604345773288534;0.17200000000000013;12.0;0.17200000000000013;12.0
04:14:29 31/01/2020;0.1711;0.17200000000000013;1.0;0.4604345773288534;0.17200000000000013;12.0;0.17200000000000013;12.0
08:08:33 31/01/2020;0.1712;0.17200000000000013;1.0;0.4604345773288534;0.17200000000000013;12.0;0.17200000000000013;12.0
22:06:33 31/01/2020;0.1717;0.17200000000000013;1.0;0.4604345773288534;0.17200000000000013;12.0;0.17200000000000013;12.0
22:06:33 31/01/2020;0.1717;0.17200000000000013;1.0;0.4604345773288534;0.17200000000000013;12.0;0.17200000000000013;12.0
04:15:04 01/02/2020;0.1715;0.17200000000000013;1.0;0.4604345773288534;0.17200000000000013;12.0;0.17200000000000013;12.0
10:57:41 01/02/2020;0.1716;0.17200000000000013;1.0;0.4604345773288534;0.17200000000000013;12.0;0.17200000000000013;12.0
16:16:02 01/02/2020;0.1713;0.17200000000000013;1.0;0.4604345773288534;0.17200000000000013;12.0;0.17200000000000013;12.0
22:12:15 01/02/2020;0.1713;0.17200000000000013;1.0;0.4604345773288534;0.17200000000000013;12.0;0.17200000000000013;12.0
22:49:44 01/02/2020;0.1712;0.17200000000000013;1.0;0.4604345773288534;0.17200000000000013;12.0;0.17200000000000013;12.0
15:18:42 02/02/2020;0.1713;0.17200000000000013;1.0;0.4604345773288534;0.17200000000000013;12.0;0.17200000000000013;12.0
22:43:04 02/02/2020;0.1711;0.17200000000000013;1.0;0.4604345773288534;0.17200000000000013;12.0;0.17200000000000013;12.0
11:00:12 03/02/2020;0.1714;0.17200000000000013;1.0;0.4604345773288534;0.17200000000000013;12.0;0.17200000000000013;12.0
18:15:51 03/02/2020;0.1715;0.17200000000000013;1.0;0.4604345773288534;0.17200000000000013;12.0;0.17200000000000013;12.0
00:58:15 04/02/2020;0.1714;0.17200000000000013;1.0;0.4604345773288534;0.17200000000000013;12.0;0.17200000000000013;12.0
13:48:56 04/02/2020;0.1713;0.17200000000000013;1.0;0.4604345773288534;0.17200000000000013;12.0;0.17200000000000013;12.0
20:51:14 04/02/2020;0.171;0.17200000000000013;1.0;0.4604345773288534;0.17200000000000013;12.0;0.17200000000000013;12.0
03:57:24 05/02/2020;0.1711;0.17200000000000013;1.0;0.4604345773288534;0.17200000000000013;12.0;0.17200000000000013;12.0
16:23:04 05/02/2020;0.171;0.17100000000000012;1.0;0.4615192303685729;0.17100000000000012;12.0;0.17100000000000012;12.0
23:38:21 05/02/2020;0.1709;0.17100000000000012;1.0;0.4615192303685729;0.17100000000000012;7.128333333333333;0.17100000000000012;7.128333333333333
06:46:03 06/02/2020;0.1713;0.17200000000000013;1.0;0.4604345773288534;0.17200000000000013;12.0;0.17200000000000013;12.0
13:36:23 06/02/2020;0.1718;0.17200000000000013;1.0;0.4604345773288534;0.17200000000000013;12.0;0.17200000000000013;12.0
19:48:22 06/02/2020;0.1719;0.17200000000000013;1.0;0.4604345773288534;0.17200000000000013;12.0;0.17200000000000013;12.0
00:35:23 07/02/2020;0.1713;0.17200000000000013;1.0;0.4604345773288534;0.17200000000000013;12.0;0.17200000000000013;12.0
06:35:52 07/02/2020;0.1718;0.17200000000000013;1.0;0.4604345773288534;0.17200000000000013;12.0;0.17200000000000013;12.0
12:27:53 07/02/2020;0.1717;0.17200000000000013;1.0;0.4604345773288534;0.17200000000000013;12.0;0.17200000000000013;12.0
17:04:22 07/02/2020;0.1716;0.17200000000000013;1.0;0.4604345773288534;0.17200000000000013;12.0;0.17200000000000013;12.0
22:48:02 07/02/2020;0.1715;0.17200000000000013;1.0;0.4604345773288534;0.17200000000000013;6.4175;0.17200000000000013;6.4175
05:13:05 08/02/2020;0.1724;0.17300000000000013;1.0;0.4593473631142339;0.17300000000000013;12.0;0.17300000000000013;12.0
11:38:21 08/02/2020;0.1725;0.17300000000000013;1.0;0.4593473631142339;0.17300000000000013;12.0;0.17300000000000013;12.0
17:47:01 08/02/2020;0.1723;0.17300000000000013;1.0;0.4593473631142339;0.17300000000000013;12.0;0.17300000000000013;12.0
23:05:33 08/02/2020;0.1719;0.17300000000000013;1.0;0.4593473631142339;0.17300000000000013;12.0;0.17300000000000013;12.0
04:40:25 09/02/2020;0.1718;0.17300000000000013;1.0;0.4593473631142339;0.17300000000000013;12.0;0.17250000000000013;12.0
09:33:53 09/02/2020;0.1716;0.17200000000000013;1.0;0.4604345773288534;0.17200000000000013;12.0;0.17200000000000013;12.0
15:08:54 09/02/2020;0.171;0.17200000000000013;1.0;0.4604345773288534;0.17200000000000013;12.0;0.17200000000000013;12.0
22:07:56 09/02/2020;0.1704;0.17100000000000012;1.0;0.4615192303685729;0.17100000000000012;12.0;0.17100000000000012;12.0
03:34:55 10/02/2020;0.1708;0.17100000000000012;1.0;0.4615192303685729;0.17100000000000012;12.0;0.17100000000000012;12.0
14:28:18 10/02/2020;0.1706;0.17100000000000012;1.0;0.4615192303685729;0.17100000000000012;6.428055555555556;0.17100000000000012;6.428055555555556
20:53:59 10/02/2020;0.1712;0.17200000000000013;1.0;0.4604345773288534;0.17200000000000013;12.0;0.17200000000000013;12.0
02:11:51 11/02/2020;0.1713;0.17200000000000013;1.0;0.4604345773288534;0.17200000000000013;12.0;0.17200000000000013;12.0
21:16:06 11/02/2020;0.1713;0.17200000000000013;1.0;0.4604345773288534;0.17200000000000013;12.0;0.17200000000000013;12.0
22:10:29 11/02/2020;0.1714;0.17200000000000013;1.0;0.4604345773288534;0.17200000000000013;12.0;0.17200000000000013;12.0
04:10:38 12/02/2020;0.1715;0.17200000000000013;1.0;0.4604345773288534;0.17200000000000013;12.0;0.17200000000000013;12.0
11:01:08 12/02/2020;0.1716;0.17200000000000013;1.0;0.4604345773288534;0.17200000000000013;12.0;0.17200000000000013;12.0
20:39:08 12/02/2020;0.1717;0.17200000000000013;1.0;0.4604345773288534;0.17200000000000013;6.983611111111111;0.17200000000000013;6.983611111111111
03:38:09 13/02/2020;0.1723;0.17300000000000013;1.0;0.4593473631142339;0.17300000000000013;12.0;0.17300000000000013;12.0
10:12:05 13/02/2020;0.1725;0.17300000000000013;1.0;0.4593473631142339;0.17300000000000013;12.0;0.17300000000000013;12.0
15:47:06 13/02/2020;0.1726;0.17300000000000013;1.0;0.4593473631142339;0.17300000000000013;10.333333333333334;0.17300000000000013;10.333333333333334
20:40:37 13/02/2020;0.173;0.17300000000000013;1.0;0.4593473631142339;0.17300000000000013;5.441388888888889;0.17350000000000013;12.0
02:07:06 14/02/2020;0.1735;0.17400000000000013;1.0;0.4582575694955839;0.17400000000000013;12.0;0.17400000000000013;12.0
08:49:36 14/02/2020;0.1736;0.17400000000000013;1.0;0.4582575694955839;0.17400000000000013;12.0;0.17400000000000013;12.0
15:15:05 14/02/2020;0.1737;0.17400000000000013;1.0;0.4582575694955839;0.17400000000000013;12.0;0.17400000000000013;12.0
22:39:28 14/02/2020;0.1735;0.17400000000000013;1.0;0.4582575694955839;0.17400000000000013;12.0;0.17400000000000013;12.0
04:39:51 15/02/2020;0.173;0.17400000000000013;1.0;0.4582575694955839;0.17400000000000013;12.0;0.17400000000000013;12.0
10:46:21 15/02/2020;0.1729;0.17300000000000013;1.0;0.4593473631142339;0.17300000000000013;12.0;0.17300000000000013;12.0
16:55:01 15/02/2020;0.1725;0.17300000000000013;1.0;0.4593473631142339;0.17300000000000013;12.0;0.17300000000000013;12.0
21:56:55 15/02/2020;0.1722;0.17300000000000013;1.0;0.4593473631142339;0.17300000000000013;12.0;0.17300000000000013;12.0
05:20:56 16/02/2020;0.1719;0.17300000000000013;1.0;0.4593473631142339;0.17300000000000013;12.0;0.17300000000000013;12.0
12:11:21 16/02/2020;0.1715;0.17200000000000013;1.0;0.4604345773288534;0.17200000000000013;12.0;0.17200000000000013;12.0
19:35:22 16/02/2020;0.1711;0.17200000000000013;1.0;0.4604345773288534;0.17200000000000013;12.0;0.17200000000000013;12.0
02:42:35 17/02/2020;0.1707;0.17200000000000013;1.0;0.4604345773288534;0.17200000000000013;12.0;0.17200000000000013;12.0
09:32:58 17/02/2020;0.1711;0.17200000000000013;1.0;0.4604345773288534;0.17200000000000013;12.0;0.17200000000000013;12.0
15:07:52 17/02/2020;0.1709;0.17200000000000013;1.0;0.4604345773288534;0.17200000000000013;12.0;0.17200000000000013;12.0
20:01:18 17/02/2020;0.1705;0.17200000000000013;1.0;0.4604345773288534;0.17200000000000013;12.0;0.17150000000000012;12.0
01:02:49 18/02/2020;0.1704;0.17100000000000012;1.0;0.4615192303685729;0.17100000000000012;12.0;0.17100000000000012;12.0
14:02:17 18/02/2020;0.1708;0.17100000000000012;1.0;0.4615192303685729;0.17100000000000012;5.300277777777778;0.17100000000000012;5.300277777777778
19:20:18 18/02/2020;0.1712;0.17200000000000013;1.0;0.4604345773288534;0.17200000000000013;12.0;0.17200000000000013;12.0
00:38:55 19/02/2020;0.1717;0.17200000000000013;1.0;0.4604345773288534;0.17200000000000013;12.0;0.17200000000000013;12.0
06:05:23 19/02/2020;0.1719;0.17200000000000013;1.0;0.4604345773288534;0.17200000000000013;12.0;0.17200000000000013;12.0
13:29:23 19/02/2020;0.1718;0.17200000000000013;1.0;0.4604345773288534;0.17200000000000013;11.116666666666667;0.17200000000000013;11.116666666666667
19:24:24 19/02/2020;0.1715;0.17200000000000013;1.0;0.4604345773288534;0.17200000000000013;5.199722222222222;0.17250000000000013;12.0
00:36:23 20/02/2020;0.1728;0.17300000000000013;1.0;0.4593473631142339;0.17300000000000013;6.835833333333333;0.17300000000000013;6.835833333333333
07:26:32 20/02/2020;0.1732;0.17400000000000013;1.0;0.4582575694955839;0.17400000000000013;12.0;0.17400000000000013;12.0
14:33:53 20/02/2020;0.1733;0.17400000000000013;1.0;0.4582575694955839;0.17400000000000013;12.0;0.17400000000000013;12.0
20:08:28 20/02/2020;0.1734;0.17400000000000013;1.0;0.4582575694955839;0.17400000000000013;12.0;0.17400000000000013;12.0
02:17:06 21/02/2020;0.1739;0.17400000000000013;1.0;0.4582575694955839;0.17400000000000013;12.0;0.17400000000000013;12.0
07:10:37 21/02/2020;0.1737;0.17400000000000013;1.0;0.4582575694955839;0.17400000000000013;11.999166666666667;0.17400000000000013;11.999166666666667
14:17:34 21/02/2020;0.1738;0.17400000000000013;1.0;0.4582575694955839;0.17400000000000013;4.883333333333334;0.17450000000000013;12.0
19:10:34 21/02/2020;0.1743;0.17500000000000013;1.0;0.4571651780264983;0.17500000000000013;12.0;0.17500000000000013;12.0
00:20:37 22/02/2020;0.1742;0.17500000000000013;1.0;0.4571651780264983;0.17500000000000013;12.0;0.17500000000000013;12.0
06:37:34 22/02/2020;0.1741;0.17500000000000013;1.0;0.4571651780264983;0.17500000000000013;12.0;0.17500000000000013;12.0
11:47:33 22/02/2020;0.1739;0.17500000000000013;1.0;0.4571651780264983;0.17500000000000013;12.0;0.17500000000000013;12.0
18:54:29 22/02/2020;0.1737;0.17400000000000013;1.0;0.4582575694955839;0.17400000000000013;12.0;0.17400000000000013;12.0
01:36:35 23/02/2020;0.1736;0.17400000000000013;1.0;0.4582575694955839;0.17400000000000013;12.0;0.17400000000000013;12.0
08:52:20 23/02/2020;0.1735;0.17400000000000013;1.0;0.4582575694955839;0.17400000000000013;12.0;0.17400000000000013;12.0
13:53:28 23/02/2020;0.1731;0.17400000000000013;1.0;0.4582575694955839;0.17400000000000013;12.0;0.17400000000000013;12.0
21:17:30 23/02/2020;0.173;0.17400000000000013;1.0;0.4582575694955839;0.17400000000000013;12.0;0.17400000000000013;12.0
02:19:00 24/02/2020;0.1729;0.17300000000000013;1.0;0.4593473631142339;0.17300000000000013;5.726944444444444;0.17350000000000013;12.0
08:02:37 24/02/2020;0.1731;0.17400000000000013;1.0;0.4582575694955839;0.17400000000000013;12.0;0.17400000000000013;12.0
20:10:42 24/02/2020;0.1733;0.17400000000000013;1.0;0.4582575694955839;0.17400000000000013;12.0;0.17400000000000013;12.0
01:12:01 25/02/2020;0.1734;0.17400000000000013;1.0;0.4582575694955839;0.17400000000000013;12.0;0.17400000000000013;12.0
14:44:35 25/02/2020;0.1733;0.17400000000000013;1.0;0.4582575694955839;0.17400000000000013;12.0;0.17400000000000013;12.0
21:01:33 25/02/2020;0.1734;0.17400000000000013;1.0;0.4582575694955839;0.17400000000000013;12.0;0.17400000000000013;12.0
03:52:18 26/02/2020;0.1738;0.17400000000000013;1.0;0.4582575694955839;0.17400000000000013;5.161666666666667;0.17400000000000013;5.161666666666667
09:02:00 26/02/2020;0.1741;0.17500000000000013;1.0;0.4571651780264983;0.17500000000000013;12.0;0.17500000000000013;12.0
14:28:48 26/02/2020;0.1743;0.17500000000000013;1.0;0.4571651780264983;0.17500000000000013;12.0;0.17500000000000013;12.0
21:35:48 26/02/2020;0.1747;0.17500000000000013;1.0;0.4571651780264983;0.17500000000000013;5.583611111111111;0.17550000000000013;12.0
03:10:49 27/02/2020;0.1751;0.17600000000000013;1.0;0.45607017003965505;0.17600000000000013;12.0;0.17600000000000013;12.0
09:36:19 27/02/2020;0.1754;0.17600000000000013;1.0;0.45607017003965505;0.17600000000000013;12.0;0.17600000000000013;12.0
17:00:18 27/02/2020;0.1757;0.17600000000000013;1.0;0.45607017003965505;0.17600000000000013;5.828888888888889;0.17650000000000013;12.0
22:50:02 27/02/2020;0.1761;0.17700000000000013;1.0;0.4549725266430929;0.17700000000000013;12.0;0.17700000000000013;12.0
05:12:01 28/02/2020;0.1767;0.17700000000000013;1.0;0.4549725266430929;0.17700000000000013;12.0;0.17700000000000013;12.0
10:22:10 28/02/2020;0.1765;0.17700000000000013;1.0;0.4549725266430929;0.17700000000000013;12.0;0.17700000000000013;12.0
15:31:32 28/02/2020;0.1767;0.17700000000000013;1.0;0.4549725266430929;0.17700000000000013;7.116388888888889;0.17700000000000013;7.116388888888889
22:38:31 28/02/2020;0.1772;0.17800000000000013;1.0;0.45387222871640853;0.17800000000000013;12.0;0.17800000000000013;12.0
04:55:38 29/02/2020;0.1778;0.17800000000000013;1.0;0.45387222871640853;0.17800000000000013;12.0;0.17800000000000013;12.0
12:11:16 29/02/2020;0.178;0.17800000000000013;1.0;0.45387222871640853;0.17800000000000013;5.998611111111111;0.17850000000000013;5.998611111111111
18:11:11 29/02/2020;0.1782;0.17900000000000013;1.0;0.4527692569068707;0.17900000000000013;12.0;0.17900000000000013;12.0
18:11:11 29/02/2020;0.1782;0.17900000000000013;1.0;0.4527692569068707;0.17900000000000013;12.0;0.17900000000000013;12.0
12:11:38 01/03/2020;0.1785;0.17900000000000013;1.0;0.4527692569068707;0.17900000000000013;12.0;0.17900000000000013;12.0
19:10:38 01/03/2020;0.1789;0.17900000000000013;1.0;0.4527692569068707;0.17900000000000013;12.0;0.17900000000000013;12.0
23:44:13 01/03/2020;0.1789;0.17900000000000013;1.0;0.4527692569068707;0.17900000000000013;9.956111111111111;0.17900000000000013;9.956111111111111
02:09:35 02/03/2020;0.1786;0.17900000000000013;1.0;0.4527692569068707;0.17900000000000013;7.533333333333333;0.17900000000000013;7.533333333333333
09:41:35 02/03/2020;0.1791;0.18000000000000013;1.0;0.45166359162544845;0.18000000000000013;12.0;0.18000000000000013;12.0
16:32:07 02/03/2020;0.1797;0.18000000000000013;1.0;0.45166359162544845;0.18000000000000013;5.582222222222223;0.18000000000000013;5.582222222222223
22:07:03 02/03/2020;0.1805;0.18100000000000013;1.0;0.45055521304275226;0.18100000000000013;11.858611111111111;0.18100000000000013;11.858611111111111
03:50:05 03/03/2020;0.1809;0.18100000000000013;1.0;0.45055521304275226;0.18100000000000013;6.141388888888889;0.18100000000000013;6.141388888888889
09:58:34 03/03/2020;0.1815;0.18200000000000013;1.0;0.4494441010848845;0.18200000000000013;6.278611111111111;0.18200000000000013;6.278611111111111
12:44:15 03/03/2020;0.1815;0.18200000000000013;1.0;0.4494441010848845;0.18200000000000013;3.5172222222222222;0.18250000000000013;3.5172222222222222
16:15:17 03/03/2020;0.1822;0.18300000000000013;1.0;0.44833023542919775;0.18300000000000013;12.0;0.18300000000000013;12.0
18:05:44 03/03/2020;0.1822;0.18300000000000013;1.0;0.44833023542919775;0.18300000000000013;12.0;0.18300000000000013;12.0
23:39:15 03/03/2020;0.1824;0.18300000000000013;1.0;0.44833023542919775;0.18300000000000013;12.0;0.18300000000000013;12.0
07:03:06 04/03/2020;0.183;0.18300000000000013;1.0;0.44833023542919775;0.18300000000000013;7.124722222222222;0.18300000000000013;7.124722222222222
14:10:35 04/03/2020;0.1838;0.18400000000000014;1.0;0.4472135954999578;0.18400000000000014;5.160555555555556;0.18400000000000014;5.160555555555556
19:20:13 04/03/2020;0.1844;0.18500000000000014;1.0;0.4460941604639091;0.18500000000000014;12.0;0.18500000000000014;12.0
00:47:06 05/03/2020;0.1846;0.18500000000000014;1.0;0.4460941604639091;0.18500000000000014;11.586388888888889;0.18500000000000014;11.586388888888889
07:03:40 05/03/2020;0.1847;0.18500000000000014;1.0;0.4460941604639091;0.18500000000000014;5.310277777777777;0.18550000000000014;12.0
12:22:17 05/03/2020;0.1852;0.18600000000000014;1.0;0.44497190922573965;0.18600000000000014;12.0;0.18600000000000014;12.0
19:20:45 05/03/2020;0.1859;0.18600000000000014;1.0;0.44497190922573965;0.18600000000000014;12.0;0.18600000000000014;12.0
08:28:15 06/03/2020;0.1863;0.18700000000000014;1.0;0.4438468204234428;0.18700000000000014;12.0;0.18700000000000014;12.0
14:19:44 06/03/2020;0.1867;0.18700000000000014;1.0;0.4438468204234428;0.18700000000000014;7.400555555555556;0.18700000000000014;7.400555555555556
21:43:46 06/03/2020;0.1877;0.18800000000000014;1.0;0.44271887242357294;0.18800000000000014;12.0;0.18800000000000014;12.0
03:02:15 07/03/2020;0.1878;0.18800000000000014;1.0;0.44271887242357294;0.18800000000000014;11.858333333333333;0.18800000000000014;11.858333333333333
09:35:50 07/03/2020;0.188;0.18800000000000014;1.0;0.44271887242357294;0.18800000000000014;5.298611111111111;0.18800000000000014;5.298611111111111
14:53:45 07/03/2020;0.1883;0.18900000000000014;1.0;0.4415880433163922;0.18900000000000014;12.0;0.18900000000000014;12.0
20:12:21 07/03/2020;0.1887;0.18900000000000014;1.0;0.4415880433163922;0.18900000000000014;12.0;0.18900000000000014;12.0
02:45:46 08/03/2020;0.1886;0.18900000000000014;1.0;0.4415880433163922;0.18900000000000014;11.868055555555555;0.18900000000000014;11.868055555555555
08:20:54 08/03/2020;0.1889;0.18900000000000014;1.0;0.4415880433163922;0.18900000000000014;6.2825;0.18900000000000014;6.2825
14:37:51 08/03/2020;0.1892;0.19000000000000014;1.0;0.44045431091090465;0.19000000000000014;12.0;0.19000000000000014;12.0
19:39:14 08/03/2020;0.1894;0.19000000000000014;1.0;0.44045431091090465;0.19000000000000014;12.0;0.19000000000000014;12.0
02:04:44 09/03/2020;0.1895;0.19000000000000014;1.0;0.44045431091090465;0.19000000000000014;12.0;0.19000000000000014;12.0
06:49:22 09/03/2020;0.1898;0.19000000000000014;1.0;0.44045431091090465;0.19000000000000014;7.397777777777778;0.19000000000000014;7.397777777777778
14:13:14 09/03/2020;0.1902;0.19100000000000014;1.0;0.4393176527297758;0.19100000000000014;10.050277777777778;0.19100000000000014;10.050277777777778
18:58:17 09/03/2020;0.1906;0.19100000000000014;1.0;0.4393176527297758;0.19100000000000014;5.299444444444444;0.19150000000000014;12.0
00:16:15 10/03/2020;0.1911;0.19200000000000014;1.0;0.43817804600413274;0.19200000000000014;12.0;0.19200000000000014;12.0
07:48:52 10/03/2020;0.1909;0.19200000000000014;1.0;0.43817804600413274;0.19200000000000014;12.0;0.19200000000000014;12.0
20:10:54 10/03/2020;0.1932;0.19400000000000014;1.0;0.4358898943540672;0.19400000000000014;5.998055555555555;0.19500000000000015;12.0
02:10:47 11/03/2020;0.1955;0.19600000000000015;1.0;0.4335896677735758;0.19600000000000015;11.9425;0.19600000000000015;11.9425
14:07:20 11/03/2020;0.1961;0.19700000000000015;1.0;0.4324349662087929;0.19700000000000015;6.566388888888889;0.19700000000000015;6.566388888888889
20:41:19 11/03/2020;0.1981;0.19900000000000015;1.0;0.43011626335213116;0.19900000000000015;12.0;0.19900000000000015;12.0
01:17:48 12/03/2020;0.1989;0.19900000000000015;1.0;0.43011626335213116;0.19900000000000015;12.0;0.19900000000000015;12.0
06:53:16 12/03/2020;0.198;0.19900000000000015;1.0;0.43011626335213116;0.19900000000000015;10.4725;0.19900000000000015;10.4725
12:11:37 12/03/2020;0.1986;0.19900000000000015;1.0;0.43011626335213116;0.19900000000000015;5.166666666666667;0.19900000000000015;5.166666666666667
17:21:37 12/03/2020;0.2002;0.20100000000000015;1.0;0.4277849927241486;0.20100000000000015;10.058055555555555;0.20100000000000015;10.058055555555555
22:31:37 12/03/2020;0.2007;0.20100000000000015;1.0;0.4277849927241486;0.20100000000000015;4.891388888888889;0.20150000000000015;12.0
03:25:06 13/03/2020;0.2013;0.20200000000000015;1.0;0.42661458015403064;0.20200000000000015;12.0;0.20200000000000015;12.0
08:35:09 13/03/2020;0.2006;0.20200000000000015;1.0;0.42661458015403064;0.20200000000000015;12.0;0.20200000000000015;12.0
16:07:44 13/03/2020;0.2011;0.20200000000000015;1.0;0.42661458015403064;0.20200000000000015;5.589722222222222;0.20200000000000015;5.589722222222222
21:43:07 13/03/2020;0.2026;0.20300000000000015;1.0;0.42544094772365276;0.20300000000000015;12.0;0.20300000000000015;12.0
03:26:39 14/03/2020;0.2011;0.20300000000000015;1.0;0.42544094772365276;0.20300000000000015;12.0;0.20300000000000015;12.0
10:34:13 14/03/2020;0.2003;0.20200000000000015;1.0;0.42661458015403064;0.20200000000000015;12.0;0.20200000000000015;12.0
17:16:38 14/03/2020;0.1997;0.20100000000000015;1.0;0.4277849927241486;0.20100000000000015;12.0;0.20100000000000015;12.0
00:49:44 15/03/2020;0.1972;0.20000000000000015;1.0;0.42895221179054416;0.20000000000000015;12.0;0.19900000000000015;12.0
06:33:24 15/03/2020;0.1977;0.19800000000000015;1.0;0.43127717305695634;0.19800000000000015;12.0;0.19800000000000015;12.0
14:06:02 15/03/2020;0.196;0.19800000000000015;1.0;0.43127717305695634;0.19800000000000015;12.0;0.19800000000000015;12.0
20:23:05 15/03/2020;0.1952;0.19600000000000015;1.0;0.4335896677735758;0.19600000000000015;12.0;0.19600000000000015;12.0
03:22:40 16/03/2020;0.1956;0.19600000000000015;1.0;0.4335896677735758;0.19600000000000015;12.0;0.19600000000000015;12.0
08:07:31 16/03/2020;0.1942;0.19600000000000015;1.0;0.4335896677735758;0.19600000000000015;12.0;0.19600000000000015;12.0
13:01:02 16/03/2020;0.1937;0.19600000000000015;1.0;0.4335896677735758;0.19600000000000015;11.031944444444445;0.19600000000000015;11.031944444444445
19:09:32 16/03/2020;0.1954;0.19600000000000015;1.0;0.4335896677735758;0.19600000000000015;4.8902777777777775;0.19650000000000015;12.0
00:02:57 17/03/2020;0.1964;0.19700000000000015;1.0;0.4324349662087929;0.19700000000000015;12.0;0.19700000000000015;12.0
05:13:27 17/03/2020;0.1965;0.19700000000000015;1.0;0.4324349662087929;0.19700000000000015;12.0;0.19700000000000015;12.0
11:05:57 17/03/2020;0.1967;0.19700000000000015;1.0;0.4324349662087929;0.19700000000000015;12.0;0.19700000000000015;12.0
17:30:57 17/03/2020;0.1962;0.19700000000000015;1.0;0.4324349662087929;0.19700000000000015;6.715833333333333;0.19700000000000015;6.715833333333333
00:13:54 18/03/2020;0.1978;0.19800000000000015;1.0;0.43127717305695634;0.19800000000000015;6.711944444444445;0.19800000000000015;6.711944444444445
06:56:37 18/03/2020;0.1983;0.19900000000000015;1.0;0.43011626335213116;0.19900000000000015;12.0;0.19900000000000015;12.0
13:31:05 18/03/2020;0.1987;0.19900000000000015;1.0;0.43011626335213116;0.19900000000000015;5.5925;0.19900000000000015;5.5925
19:06:38 18/03/2020;0.2006;0.20100000000000015;1.0;0.4277849927241486;0.20100000000000015;5.174166666666666;0.20100000000000015;5.174166666666666
00:17:05 19/03/2020;0.2027;0.20300000000000015;1.0;0.42544094772365276;0.20300000000000015;9.7925;0.20300000000000015;9.7925
05:02:35 19/03/2020;0.202;0.20300000000000015;1.0;0.42544094772365276;0.20300000000000015;5.034166666666667;0.20300000000000015;5.034166666666667
10:04:38 19/03/2020;0.2034;0.20400000000000015;1.0;0.42426406871192834;0.20400000000000015;5.458611111111111;0.20400000000000015;5.458611111111111
15:32:09 19/03/2020;0.2055;0.20600000000000016;1.0;0.42190046219457955;0.20600000000000016;5.178888888888889;0.20600000000000016;5.178888888888889
20:42:53 19/03/2020;0.2071;0.20800000000000016;1.0;0.41952353926806046;0.20800000000000016;5.731111111111111;0.20850000000000016;12.0
02:26:45 20/03/2020;0.2083;0.20900000000000016;1.0;0.4183300132670376;0.20900000000000016;6.575277777777778;0.20900000000000016;6.575277777777778
09:01:16 20/03/2020;0.2097;0.21000000000000016;1.0;0.417133072292284;0.21000000000000016;7.408333333333333;0.21000000000000016;7.408333333333333
16:25:46 20/03/2020;0.211;0.21100000000000016;1.0;0.41593268686170826;0.21100000000000016;6.993055555555555;0.21100000000000016;6.993055555555555
23:25:21 20/03/2020;0.2121;0.21300000000000016;1.0;0.41352146256270644;0.21300000000000016;12.0;0.21300000000000016;12.0
04:19:15 21/03/2020;0.212;0.21300000000000016;1.0;0.41352146256270644;0.21300000000000016;12.0;0.21300000000000016;12.0
10:11:13 21/03/2020;0.213;0.21300000000000016;1.0;0.41352146256270644;0.21300000000000016;12.0;0.21300000000000016;12.0
15:05:14 21/03/2020;0.2124;0.21300000000000016;1.0;0.41352146256270644;0.21300000000000016;12.0;0.21300000000000016;12.0
21:47:54 21/03/2020;0.2117;0.21300000000000016;1.0;0.41352146256270644;0.21300000000000016;12.0;0.21300000000000016;12.0
05:03:44 22/03/2020;0.2101;0.21200000000000016;1.0;0.41472882706655423;0.21200000000000016;12.0;0.21200000000000016;12.0
10:45:13 22/03/2020;0.2101;0.21100000000000016;1.0;0.41593268686170826;0.21100000000000016;0.3258333333333333;0.21150000000000016;12.0
11:04:46 22/03/2020;0.2112;0.21200000000000016;1.0;0.41472882706655423;0.21200000000000016;12.0;0.21200000000000016;12.0
18:04:17 22/03/2020;0.2117;0.21200000000000016;1.0;0.41472882706655423;0.21200000000000016;12.0;0.21200000000000016;12.0
01:03:52 23/03/2020;0.2112;0.21200000000000016;1.0;0.41472882706655423;0.21200000000000016;10.34;0.21200000000000016;10.34
06:39:16 23/03/2020;0.2114;0.21200000000000016;1.0;0.41472882706655423;0.21200000000000016;4.75;0.21250000000000016;10.483333333333333
11:24:16 23/03/2020;0.2129;0.21300000000000016;1.0;0.41352146256270644;0.21300000000000016;5.733333333333333;0.21300000000000016;5.733333333333333
17:08:16 23/03/2020;0.2137;0.21400000000000016;1.0;0.41231056256176585;0.21400000000000016;5.035833333333334;0.21500000000000016;12.0
22:10:25 23/03/2020;0.2151;0.21600000000000016;1.0;0.40987803063838374;0.21600000000000016;12.0;0.21600000000000016;12.0
05:35:10 24/03/2020;0.216;0.21600000000000016;1.0;0.40987803063838374;0.21600000000000016;5.026666666666666;0.21650000000000016;11.835277777777778
10:36:46 24/03/2020;0.217;0.21700000000000016;1.0;0.4086563348340508;0.21700000000000016;6.808611111111111;0.21700000000000016;6.808611111111111
17:25:17 24/03/2020;0.2187;0.21900000000000017;1.0;0.4062019202317978;0.21900000000000017;5.3425;0.21950000000000017;12.0
22:45:50 24/03/2020;0.2193;0.22000000000000017;1.0;0.40496913462633155;0.22000000000000017;7.409166666666667;0.22000000000000017;7.409166666666667
06:10:23 25/03/2020;0.2204;0.22100000000000017;1.0;0.4037325847637268;0.22100000000000017;6.006666666666667;0.22100000000000017;6.006666666666667
12:10:47 25/03/2020;0.2223;0.22300000000000017;1.0;0.4012480529547774;0.22300000000000017;4.8875;0.22300000000000017;4.8875
17:04:02 25/03/2020;0.2241;0.22500000000000017;1.0;0.3987480407475375;0.22500000000000017;12.0;0.22500000000000017;12.0
21:53:31 25/03/2020;0.2233;0.22500000000000017;1.0;0.3987480407475375;0.22500000000000017;12.0;0.22500000000000017;12.0
04:44:00 26/03/2020;0.224;0.22500000000000017;1.0;0.3987480407475375;0.22500000000000017;6.291666666666667;0.22500000000000017;6.291666666666667
11:01:30 26/03/2020;0.2281;0.22900000000000018;1.0;0.39370039370059035;0.22900000000000018;4.608611111111111;0.22950000000000018;10.476944444444445
15:38:01 26/03/2020;0.23;0.23000000000000018;1.0;0.3924283374069715;0.23000000000000018;5.868333333333333;0.23100000000000018;11.875277777777777
21:30:07 26/03/2020;0.2319;0.23200000000000018;1.0;0.3898717737923583;0.23200000000000018;6.006944444444445;0.23200000000000018;6.006944444444445
03:30:32 27/03/2020;0.2321;0.23300000000000018;1.0;0.38858718455450875;0.23300000000000018;7.5505555555555555;0.23300000000000018;7.5505555555555555
11:03:34 27/03/2020;0.2348;0.23500000000000018;1.0;0.38600518131237543;0.23500000000000018;4.890833333333333;0.23600000000000018;11.036944444444444
15:57:01 27/03/2020;0.2367;0.23700000000000018;1.0;0.38340579025361604;0.23700000000000018;6.146111111111111;0.23700000000000018;6.146111111111111
22:05:47 27/03/2020;0.2383;0.23900000000000018;1.0;0.38078865529319517;0.23900000000000018;4.751111111111111;0.23950000000000018;12.0
02:50:51 28/03/2020;0.2391;0.24000000000000019;1.0;0.3794733192202053;0.24000000000000019;12.0;0.24000000000000019;12.0
08:51:17 28/03/2020;0.2395;0.24000000000000019;1.0;0.3794733192202053;0.24000000000000019;12.0;0.24000000000000019;12.0
14:01:24 28/03/2020;0.2399;0.24000000000000019;1.0;0.3794733192202053;0.24000000000000019;12.0;0.24000000000000019;12.0
19:53:18 28/03/2020;0.2377;0.24000000000000019;1.0;0.3794733192202053;0.24000000000000019;12.0;0.24000000000000019;12.0
02:02:17 29/03/2020;0.2352;0.23800000000000018;1.0;0.3820994634908558;0.23800000000000018;12.0;0.23800000000000018;12.0
08:53:28 29/03/2020;0.2336;0.23600000000000018;1.0;0.3847076812334267;0.23600000000000018;12.0;0.23600000000000018;12.0
15:35:41 29/03/2020;0.2292;0.23400000000000018;1.0;0.3872983346207415;0.23400000000000018;12.0;0.23400000000000018;12.0
22:34:59 29/03/2020;0.2264;0.23000000000000018;1.0;0.3924283374069715;0.23000000000000018;12.0;0.23000000000000018;12.0
05:16:59 30/03/2020;0.2254;0.22700000000000017;1.0;0.3962322551231788;0.22700000000000017;12.0;0.22700000000000017;12.0
11:17:32 30/03/2020;0.2237;0.22600000000000017;1.0;0.3974921382870356;0.22600000000000017;12.0;0.22600000000000017;12.0
17:10:05 30/03/2020;0.2232;0.22600000000000017;1.0;0.3974921382870356;0.22600000000000017;12.0;0.22600000000000017;12.0
23:44:00 30/03/2020;0.2237;0.22400000000000017;1.0;0.3999999999999998;0.22400000000000017;12.0;0.22400000000000017;12.0
07:08:10 31/03/2020;0.2227;0.22400000000000017;1.0;0.3999999999999998;0.22400000000000017;7.408055555555555;0.22400000000000017;7.408055555555555
14:32:39 31/03/2020;0.2243;0.22500000000000017;1.0;0.3987480407475375;;;;
20:51:41 31/03/2020;0.2279;0.22800000000000017;1.0;0.3949683531626298;;;;
