09:26:25 01/04/2020;Wednesday;0.2279;0.22800000000000017;1.0;0.3949683531626298;0.0643752949898897;0.40756944444444443;0.22800000000000017;4.890833333333333;0.40756944444444443;1.0;0.2293333333333335;12.0;1.0;0.8846759259259259;0.22850000000000018;10.616111111111111;0.8846759259259259;Now
14:19:52 01/04/2020;Wednesday;0.229;0.22900000000000018;1.0;0.39370039370059035;0.048359599270495164;0.4771064814814815;0.22900000000000018;5.7252777777777775;0.4771064814814815;1.0;0.23000000000000018;12.0;1.0;1.0;0.23000000000000018;12.0;1.0;Now
20:03:23 01/04/2020;Wednesday;0.2302;0.23100000000000018;1.0;0.3911521443121587;0.01617246076639023;1.0;0.23100000000000018;12.0;1.0;1.0;0.23100000000000018;12.0;1.0;1.0;0.23100000000000018;12.0;1.0;Now
03:27:54 02/04/2020;Thursday;0.2305;0.23100000000000018;1.0;0.3911521443121587;0.01617246076639023;1.0;0.23100000000000018;12.0;1.0;1.0;0.23100000000000018;12.0;1.0;1.0;0.23100000000000018;12.0;1.0;Now
10:52:23 02/04/2020;Thursday;0.2293;0.23100000000000018;1.0;0.3911521443121587;0.01617246076639023;1.0;0.23100000000000018;12.0;1.0;1.0;0.23100000000000018;12.0;1.0;1.0;0.23100000000000018;12.0;1.0;Now
18:08:23 02/04/2020;Thursday;0.2301;0.23100000000000018;1.0;0.3911521443121587;0.01617246076639023;1.0;0.23100000000000018;12.0;1.0;1.0;0.23100000000000018;12.0;1.0;1.0;0.23100000000000018;12.0;1.0;Now
22:53:27 02/04/2020;Thursday;0.2308;0.23100000000000018;1.0;0.3911521443121587;0.01617246076639023;0.6172453703703704;0.23100000000000018;7.406944444444444;0.6172453703703704;1.0;0.23150000000000018;12.0;1.0;0.6172453703703704;0.23100000000000018;7.406944444444444;0.6172453703703704;Now
06:17:52 03/04/2020;Friday;0.2318;0.23200000000000018;1.0;0.3898717737923583;0.0;1.0;0.23200000000000018;12.0;1.0;1.0;0.23200000000000018;12.0;1.0;1.0;0.23200000000000018;12.0;1.0;Now
10:54:22 03/04/2020;Friday;0.23;0.23200000000000018;1.0;0.3898717737923583;0.0;1.0;0.23200000000000018;12.0;1.0;1.0;0.23166666666666683;12.0;1.0;1.0;0.23200000000000018;12.0;1.0;Now
16:04:25 03/04/2020;Friday;0.2303;0.23200000000000018;1.0;0.3898717737923583;0.0;1.0;0.23200000000000018;12.0;1.0;1.0;0.2313333333333335;12.0;1.0;1.0;0.23200000000000018;12.0;1.0;Now
21:23:24 03/04/2020;Friday;0.2293;0.23100000000000018;1.0;0.3911521443121587;0.01617246076639023;1.0;0.23100000000000018;12.0;1.0;1.0;0.23100000000000018;12.0;1.0;1.0;0.23100000000000018;12.0;1.0;Now
03:15:23 04/04/2020;Saturday;0.2286;0.23100000000000018;1.0;0.3911521443121587;0.01617246076639023;1.0;0.23100000000000018;12.0;1.0;1.0;0.23000000000000018;12.0;1.0;1.0;0.23100000000000018;12.0;1.0;Now
10:31:22 04/04/2020;Saturday;0.2261;0.22900000000000018;1.0;0.39370039370059035;0.048359599270495164;1.0;0.22900000000000018;12.0;1.0;1.0;0.22766666666666682;12.0;1.0;1.0;0.22900000000000018;12.0;1.0;Now
15:32:54 04/04/2020;Saturday;0.2253;0.22700000000000017;1.0;0.3962322551231788;0.08033974008874176;1.0;0.22700000000000017;12.0;1.0;1.0;0.22666666666666682;12.0;1.0;1.0;0.22700000000000017;12.0;1.0;Now
21:00:23 04/04/2020;Saturday;0.2243;0.22700000000000017;1.0;0.3962322551231788;0.08033974008874176;1.0;0.22700000000000017;12.0;1.0;1.0;0.22600000000000017;12.0;1.0;1.0;0.22700000000000017;12.0;1.0;Now
03:17:22 05/04/2020;Sunday;0.2234;0.22600000000000017;1.0;0.3974921382870356;0.09625342345040382;1.0;0.22600000000000017;12.0;1.0;1.0;0.22500000000000017;12.0;1.0;1.0;0.22600000000000017;12.0;1.0;Now
08:27:52 05/04/2020;Sunday;0.2218;0.22500000000000017;1.0;0.3987480407475375;0.11211682623481509;1.0;0.22500000000000017;12.0;1.0;1.0;0.22366666666666682;12.0;1.0;1.0;0.22500000000000017;12.0;1.0;Now
13:12:53 05/04/2020;Sunday;0.2196;0.22400000000000017;1.0;0.3999999999999998;0.12793042204825364;1.0;0.22400000000000017;12.0;1.0;1.0;0.22200000000000017;12.0;1.0;1.0;0.22300000000000017;12.0;1.0;Now
17:57:55 05/04/2020;Sunday;0.2186;0.22200000000000017;1.0;0.4024922359499619;0.1594100504042962;1.0;0.22200000000000017;12.0;1.0;1.0;0.22100000000000017;12.0;1.0;1.0;0.22100000000000017;12.0;1.0;Now
23:41:27 05/04/2020;Sunday;0.2171;0.22000000000000017;1.0;0.40496913462633155;0.19069595245096035;1.0;0.22000000000000017;12.0;1.0;1.0;0.21866666666666681;12.0;1.0;1.0;0.22000000000000017;12.0;1.0;Now
06:07:23 06/04/2020;Monday;0.2162;0.21800000000000017;1.0;0.40743097574926707;0.22179166135557288;1.0;0.21800000000000017;12.0;1.0;1.0;0.21800000000000017;12.0;1.0;1.0;0.21800000000000017;12.0;1.0;Now
11:26:07 06/04/2020;Monday;0.2148;0.21800000000000017;1.0;0.40743097574926707;0.22179166135557288;1.0;0.21800000000000017;12.0;1.0;1.0;0.21800000000000017;12.0;1.0;1.0;0.21800000000000017;12.0;1.0;Now
00:59:08 07/04/2020;Tuesday;0.2169;0.21700000000000016;1.0;0.4086563348340508;0.2372692683583441;0.5361342592592593;0.21700000000000016;6.433611111111111;0.5361342592592593;1.0;0.21750000000000017;12.0;1.0;0.5361342592592593;0.21700000000000016;6.433611111111111;0.5361342592592593;Now
07:25:09 07/04/2020;Tuesday;0.2177;0.21800000000000017;1.0;0.40743097574926707;0.22179166135557288;1.0;0.21800000000000017;12.0;1.0;1.0;0.21800000000000017;12.0;1.0;1.0;0.21800000000000017;12.0;1.0;Now
20:18:44 07/04/2020;Tuesday;0.219;0.21900000000000017;1.0;0.4062019202317978;0.20626736442074042;0.6172916666666667;0.21900000000000017;7.4075;0.6172916666666667;1.0;0.21950000000000017;12.0;1.0;0.6172916666666667;0.21900000000000017;7.4075;0.6172916666666667;Now
03:43:11 08/04/2020;Wednesday;0.2194;0.22000000000000017;1.0;0.40496913462633155;0.19069595245096035;1.0;0.22000000000000017;12.0;1.0;1.0;0.22000000000000017;12.0;1.0;1.0;0.22000000000000017;12.0;1.0;Now
10:26:12 08/04/2020;Wednesday;0.22;0.22000000000000017;1.0;0.40496913462633155;0.19069595245096035;1.0;0.22000000000000017;12.0;1.0;1.0;0.22000000000000017;12.0;1.0;1.0;0.22000000000000017;12.0;1.0;Now
16:09:38 08/04/2020;Wednesday;0.2194;0.22000000000000017;1.0;0.40496913462633155;0.19069595245096035;1.0;0.22000000000000017;12.0;1.0;1.0;0.22000000000000017;12.0;1.0;1.0;0.22000000000000017;12.0;1.0;Now
22:35:48 08/04/2020;Wednesday;0.2188;0.22000000000000017;1.0;0.40496913462633155;0.19069595245096035;1.0;0.22000000000000017;12.0;1.0;1.0;0.2193333333333335;12.0;1.0;1.0;0.22000000000000017;12.0;1.0;Now
05:18:19 09/04/2020;Thursday;0.2171;0.21900000000000017;1.0;0.4062019202317978;0.20626736442074042;1.0;0.21900000000000017;12.0;1.0;1.0;0.21900000000000017;12.0;1.0;1.0;0.21900000000000017;12.0;1.0;Now
10:11:54 09/04/2020;Thursday;0.2158;0.21900000000000017;1.0;0.4062019202317978;0.20626736442074042;1.0;0.21900000000000017;12.0;1.0;1.0;0.21750000000000017;12.0;1.0;1.0;0.21900000000000017;12.0;1.0;Now
17:19:50 09/04/2020;Thursday;0.2129;0.21600000000000016;1.0;0.40987803063838374;0.2527006041775399;1.0;0.21600000000000016;12.0;1.0;1.0;0.21450000000000016;12.0;1.0;1.0;0.21600000000000016;12.0;1.0;Now
00:35:46 10/04/2020;Friday;0.2093;0.21300000000000016;1.0;0.41352146256270644;0.2987210794539531;1.0;0.21300000000000016;12.0;1.0;1.0;0.21100000000000016;12.0;1.0;1.0;0.21150000000000016;12.0;1.0;Now
05:29:53 10/04/2020;Friday;0.2078;0.21000000000000016;1.0;0.417133072292284;0.34433960608498804;1.0;0.21000000000000016;12.0;1.0;1.0;0.20933333333333348;12.0;1.0;1.0;0.21000000000000016;12.0;1.0;Now
11:05:18 10/04/2020;Friday;0.208;0.21000000000000016;1.0;0.417133072292284;0.34433960608498804;1.0;0.21000000000000016;12.0;1.0;1.0;0.20900000000000016;12.0;1.0;1.0;0.21000000000000016;12.0;1.0;Now
17:22:48 10/04/2020;Friday;0.206;0.20800000000000016;1.0;0.41952353926806046;0.3745337825216048;1.0;0.20800000000000016;12.0;1.0;1.0;0.20700000000000016;12.0;1.0;1.0;0.20800000000000016;12.0;1.0;Now
00:39:18 11/04/2020;Saturday;0.2037;0.20600000000000016;1.0;0.42190046219457955;0.4045568830064988;1.0;0.20600000000000016;12.0;1.0;1.0;0.20550000000000015;12.0;1.0;1.0;0.20600000000000016;12.0;1.0;Now
07:38:17 11/04/2020;Saturday;0.2041;0.20500000000000015;1.0;0.42308391602612344;0.4195051814587792;1.0;0.20500000000000015;12.0;1.0;1.0;0.20500000000000015;12.0;1.0;1.0;0.20500000000000015;12.0;1.0;Now
14:37:54 11/04/2020;Saturday;0.2042;0.20500000000000015;1.0;0.42308391602612344;0.4195051814587792;1.0;0.20500000000000015;12.0;1.0;1.0;0.20500000000000015;12.0;1.0;1.0;0.20500000000000015;12.0;1.0;Now
22:10:52 11/04/2020;Saturday;0.2037;0.20500000000000015;1.0;0.42308391602612344;0.4195051814587792;1.0;0.20500000000000015;12.0;1.0;1.0;0.20450000000000015;12.0;1.0;1.0;0.20500000000000015;12.0;1.0;Now
04:11:50 12/04/2020;Sunday;0.2033;0.20400000000000015;1.0;0.42426406871192834;0.43441178287951887;1.0;0.20400000000000015;12.0;1.0;1.0;0.20400000000000015;12.0;1.0;1.0;0.20400000000000015;12.0;1.0;Now
11:19:32 12/04/2020;Sunday;0.2038;0.20400000000000015;1.0;0.42426406871192834;0.43441178287951887;1.0;0.20400000000000015;12.0;1.0;1.0;0.20400000000000015;12.0;1.0;1.0;0.20400000000000015;12.0;1.0;Now
18:10:50 12/04/2020;Sunday;0.2037;0.20400000000000015;1.0;0.42426406871192834;0.43441178287951887;1.0;0.20400000000000015;12.0;1.0;1.0;0.20400000000000015;12.0;1.0;1.0;0.20400000000000015;12.0;1.0;Now
23:20:50 12/04/2020;Sunday;0.2016;0.20400000000000015;1.0;0.42426406871192834;0.43441178287951887;1.0;0.20400000000000015;12.0;1.0;1.0;0.20400000000000015;12.0;1.0;1.0;0.20400000000000015;12.0;1.0;Now
06:28:54 13/04/2020;Monday;0.2038;0.20400000000000015;1.0;0.42426406871192834;0.43441178287951887;1.0;0.20400000000000015;12.0;1.0;1.0;0.20400000000000015;12.0;1.0;1.0;0.20400000000000015;12.0;1.0;Now
13:11:19 13/04/2020;Monday;0.2027;0.20400000000000015;1.0;0.42426406871192834;0.43441178287951887;1.0;0.20400000000000015;12.0;1.0;1.0;0.2036666666666668;12.0;1.0;1.0;0.20400000000000015;12.0;1.0;Now
17:56:52 13/04/2020;Monday;0.2015;0.20400000000000015;1.0;0.42426406871192834;0.43441178287951887;1.0;0.20400000000000015;12.0;1.0;1.0;0.20300000000000015;12.0;1.0;1.0;0.20350000000000015;12.0;1.0;Now
22:33:51 13/04/2020;Monday;0.2009;0.20300000000000015;1.0;0.42544094772365276;0.44927703426539767;1.0;0.20300000000000015;12.0;1.0;1.0;0.20250000000000015;12.0;1.0;1.0;0.20300000000000015;12.0;1.0;Now
05:49:50 14/04/2020;Tuesday;0.1996;0.20200000000000015;1.0;0.42661458015403064;0.46410127782686955;1.0;0.20200000000000015;12.0;1.0;1.0;0.2006666666666668;12.0;1.0;1.0;0.20200000000000015;12.0;1.0;Now
11:16:51 14/04/2020;Tuesday;0.1995;0.20000000000000015;1.0;0.42895221179054416;0.4936280869365333;0.8506712962962963;0.20000000000000015;10.208055555555555;0.8506712962962963;1.0;0.20033333333333347;12.0;1.0;0.8506712962962963;0.20000000000000015;10.208055555555555;0.8506712962962963;Now
16:02:22 14/04/2020;Tuesday;0.2;0.20000000000000015;1.0;0.42895221179054416;0.4936280869365333;0.4541203703703704;0.20000000000000015;5.4494444444444445;0.4541203703703704;1.0;0.20133333333333348;12.0;1.0;0.4541203703703704;0.20000000000000015;5.4494444444444445;0.4541203703703704;Now
21:29:20 14/04/2020;Tuesday;0.2003;0.20100000000000015;1.0;0.4277849927241486;0.47888485108008183;0.5111111111111111;0.20100000000000015;5.175;0.43125;1.0;0.20233333333333348;12.0;1.0;0.5111111111111111;0.20100000000000015;5.175;0.43125;Now
02:39:50 15/04/2020;Wednesday;0.2021;0.20300000000000015;1.0;0.42544094772365276;0.44927703426539767;1.0;0.20300000000000015;12.0;1.0;1.0;0.20300000000000015;12.0;1.0;1.0;0.20300000000000015;12.0;1.0;Now
08:31:50 15/04/2020;Wednesday;0.2005;0.20300000000000015;1.0;0.42544094772365276;0.44927703426539767;1.0;0.20300000000000015;12.0;1.0;1.0;0.20300000000000015;12.0;1.0;1.0;0.20300000000000015;12.0;1.0;Now
13:33:50 15/04/2020;Wednesday;0.2023;0.20300000000000015;1.0;0.42544094772365276;0.44927703426539767;0.6173842592592592;0.20300000000000015;7.408611111111111;0.6173842592592592;1.0;0.20350000000000015;12.0;1.0;0.6173842592592592;0.20300000000000015;7.408611111111111;0.6173842592592592;Now
20:58:21 15/04/2020;Wednesday;0.2031;0.20400000000000015;1.0;0.42426406871192834;0.43441178287951887;0.5946296296296296;0.20400000000000015;7.135555555555555;0.5946296296296296;1.0;0.20500000000000015;12.0;1.0;0.5946296296296296;0.20400000000000015;7.135555555555555;0.5946296296296296;Now
04:06:29 16/04/2020;Thursday;0.2055;0.20600000000000016;1.0;0.42190046219457955;0.4045568830064988;0.9345601851851851;0.20600000000000016;11.214722222222223;0.9345601851851851;1.0;0.2066666666666668;12.0;1.0;0.9345601851851851;0.20600000000000016;11.214722222222223;0.9345601851851851;Now
09:25:19 16/04/2020;Thursday;0.206;0.20600000000000016;1.0;0.42190046219457955;0.4045568830064988;0.4917361111111111;0.20600000000000016;5.900833333333333;0.4917361111111111;1.0;0.20700000000000016;12.0;1.0;1.0;0.20700000000000016;12.0;1.0;Now
15:19:22 16/04/2020;Thursday;0.2074;0.20800000000000016;1.0;0.41952353926806046;0.3745337825216048;0.5708796296296297;0.20800000000000016;6.850555555555555;0.5708796296296297;1.0;0.20900000000000016;12.0;1.0;0.5708796296296297;0.20800000000000016;6.850555555555555;0.5708796296296297;Now
22:10:24 16/04/2020;Thursday;0.2099;0.21000000000000016;1.0;0.417133072292284;0.34433960608498804;1.0;0.21000000000000016;12.0;1.0;1.0;0.21000000000000016;12.0;1.0;1.0;0.21000000000000016;12.0;1.0;Now
05:28:07 17/04/2020;Friday;0.2094;0.21000000000000016;1.0;0.417133072292284;0.34433960608498804;0.6175231481481481;0.21000000000000016;7.410277777777778;0.6175231481481481;1.0;0.21100000000000016;12.0;1.0;0.6175231481481481;0.21000000000000016;7.410277777777778;0.6175231481481481;Now
12:52:44 17/04/2020;Friday;0.2118;0.21200000000000016;1.0;0.41472882706655423;0.31397139548923203;0.5824768518518518;0.21200000000000016;6.989722222222222;0.5824768518518518;1.0;0.21350000000000016;12.0;1.0;0.5824768518518518;0.21200000000000016;6.989722222222222;0.5824768518518518;Now
19:52:07 17/04/2020;Friday;0.2149;0.21500000000000016;1.0;0.4110960958218891;0.26808608133943007;0.4423611111111111;0.21500000000000016;5.308333333333334;0.4423611111111111;1.0;0.21550000000000016;12.0;1.0;1.0;0.21550000000000016;12.0;1.0;Now
01:10:37 18/04/2020;Saturday;0.2157;0.21600000000000016;1.0;0.40987803063838374;0.2527006041775399;1.0;0.21600000000000016;12.0;1.0;1.0;0.21600000000000016;12.0;1.0;1.0;0.21600000000000016;12.0;1.0;Now
08:10:09 18/04/2020;Saturday;0.2159;0.21600000000000016;1.0;0.40987803063838374;0.2527006041775399;1.0;0.21600000000000016;12.0;1.0;1.0;0.21600000000000016;12.0;1.0;1.0;0.21600000000000016;12.0;1.0;Now
15:43:08 18/04/2020;Saturday;0.2122;0.21600000000000016;1.0;0.40987803063838374;0.2527006041775399;1.0;0.21600000000000016;12.0;1.0;1.0;0.21450000000000016;12.0;1.0;1.0;0.21600000000000016;12.0;1.0;Now
21:44:11 18/04/2020;Saturday;0.2102;0.21300000000000016;1.0;0.41352146256270644;0.2987210794539531;1.0;0.21300000000000016;12.0;1.0;1.0;0.21200000000000016;12.0;1.0;1.0;0.21300000000000016;12.0;1.0;Now
04:43:37 19/04/2020;Sunday;0.2075;0.21100000000000016;1.0;0.41593268686170826;0.3291774432732737;1.0;0.21100000000000016;12.0;1.0;1.0;0.20900000000000016;12.0;1.0;1.0;0.21100000000000016;12.0;1.0;Now
11:17:37 19/04/2020;Sunday;0.2047;0.20800000000000016;1.0;0.41952353926806046;0.3745337825216048;1.0;0.20800000000000016;12.0;1.0;1.0;0.20700000000000016;12.0;1.0;1.0;0.20800000000000016;12.0;1.0;Now
16:03:07 19/04/2020;Sunday;0.2026;0.20800000000000016;1.0;0.41952353926806046;0.3745337825216048;1.0;0.20800000000000016;12.0;1.0;1.0;0.20533333333333348;12.0;1.0;1.0;0.20800000000000016;12.0;1.0;Now
21:22:00 19/04/2020;Sunday;0.2005;0.20500000000000015;1.0;0.42308391602612344;0.4195051814587792;1.0;0.20500000000000015;12.0;1.0;1.0;0.20333333333333348;12.0;1.0;1.0;0.20500000000000015;12.0;1.0;Now
02:40:34 20/04/2020;Monday;0.1991;0.20300000000000015;1.0;0.42544094772365276;0.44927703426539767;1.0;0.20300000000000015;12.0;1.0;1.0;0.20250000000000015;12.0;1.0;1.0;0.20250000000000015;12.0;1.0;Now
07:42:33 20/04/2020;Monday;0.2013;0.20200000000000015;1.0;0.42661458015403064;0.46410127782686955;1.0;0.20200000000000015;12.0;1.0;1.0;0.20200000000000015;12.0;1.0;1.0;0.20200000000000015;12.0;1.0;Now
14:41:37 20/04/2020;Monday;0.1969;0.20200000000000015;1.0;0.42661458015403064;0.46410127782686955;1.0;0.20200000000000015;12.0;1.0;1.0;0.20000000000000015;12.0;1.0;1.0;0.20000000000000015;12.0;1.0;Now
20:00:03 20/04/2020;Monday;0.1973;0.19800000000000015;1.0;0.43127717305695634;0.5229948556046292;0.5694675925925926;0.19800000000000015;6.833611111111111;0.5694675925925926;1.0;0.2016666666666668;12.0;1.0;0.5694675925925926;0.19800000000000015;6.833611111111111;0.5694675925925926;Now
02:50:04 21/04/2020;Tuesday;0.2001;0.20100000000000015;1.0;0.4277849927241486;0.47888485108008183;0.38481481481481483;0.20100000000000015;4.6177777777777775;0.38481481481481483;1.0;0.20433333333333348;12.0;1.0;1.0;0.20350000000000015;12.0;1.0;Now
07:27:08 21/04/2020;Tuesday;0.2058;0.20600000000000016;1.0;0.42190046219457955;0.4045568830064988;1.0;0.20600000000000016;12.0;1.0;1.0;0.20600000000000016;12.0;1.0;1.0;0.20600000000000016;12.0;1.0;Now
13:44:25 21/04/2020;Tuesday;0.2052;0.20600000000000016;1.0;0.42190046219457955;0.4045568830064988;0.5828009259259259;0.20600000000000016;6.993611111111111;0.5828009259259259;1.0;0.20700000000000016;12.0;1.0;0.5828009259259259;0.20600000000000016;6.993611111111111;0.5828009259259259;Now
20:44:02 21/04/2020;Tuesday;0.2075;0.20800000000000016;1.0;0.41952353926806046;0.3745337825216048;0.41930555555555554;0.20800000000000016;5.031666666666666;0.41930555555555554;1.0;0.20900000000000016;12.0;1.0;1.0;0.20900000000000016;12.0;1.0;Now
01:45:56 22/04/2020;Wednesday;0.2095;0.21000000000000016;1.0;0.417133072292284;0.34433960608498804;0.6055555555555555;0.21000000000000016;7.266666666666667;0.6055555555555555;1.0;0.21100000000000016;12.0;1.0;0.6055555555555555;0.21000000000000016;7.266666666666667;0.6055555555555555;Now
09:01:56 22/04/2020;Wednesday;0.2114;0.21200000000000016;1.0;0.41472882706655423;0.31397139548923203;1.0;0.21200000000000016;12.0;1.0;1.0;0.21200000000000016;12.0;1.0;1.0;0.21200000000000016;12.0;1.0;Now
15:44:26 22/04/2020;Wednesday;0.2059;0.21200000000000016;1.0;0.41472882706655423;0.31397139548923203;1.0;0.21200000000000016;12.0;1.0;1.0;0.21150000000000016;12.0;1.0;1.0;0.21200000000000016;12.0;1.0;Now
23:08:54 22/04/2020;Wednesday;0.211;0.21100000000000016;1.0;0.41593268686170826;0.3291774432732737;0.5118055555555555;0.21100000000000016;6.141666666666667;0.5118055555555555;1.0;0.21300000000000016;12.0;1.0;0.5118055555555555;0.21100000000000016;6.141666666666667;0.5118055555555555;Now
05:17:24 23/04/2020;Thursday;0.2143;0.21500000000000016;1.0;0.4110960958218891;0.26808608133943007;0.6172685185185185;0.21500000000000016;7.407222222222222;0.6172685185185185;1.0;0.21550000000000016;12.0;1.0;0.6172685185185185;0.21500000000000016;7.407222222222222;0.6172685185185185;Now
12:41:50 23/04/2020;Thursday;0.2154;0.21600000000000016;1.0;0.40987803063838374;0.2527006041775399;1.0;0.21600000000000016;12.0;1.0;1.0;0.21600000000000016;12.0;1.0;1.0;0.21600000000000016;12.0;1.0;Now
17:52:21 23/04/2020;Thursday;0.2102;0.21600000000000016;1.0;0.40987803063838374;0.2527006041775399;0.616875;0.21600000000000016;7.4025;0.616875;1.0;0.21800000000000017;12.0;1.0;0.616875;0.21600000000000016;7.4025;0.616875;Now
01:16:30 24/04/2020;Friday;0.22;0.22000000000000017;1.0;0.40496913462633155;0.19069595245096035;0.41944444444444445;0.22000000000000017;5.033333333333333;0.41944444444444445;1.0;0.22066666666666682;12.0;1.0;0.41944444444444445;0.22000000000000017;5.033333333333333;0.41944444444444445;Now
06:18:30 24/04/2020;Friday;0.2203;0.22100000000000017;1.0;0.4037325847637268;0.17507699385311795;1.0;0.22100000000000017;12.0;1.0;1.0;0.22100000000000017;12.0;1.0;1.0;0.22100000000000017;12.0;1.0;Now
11:03:30 24/04/2020;Friday;0.2205;0.22100000000000017;1.0;0.4037325847637268;0.17507699385311795;0.6176157407407408;0.22100000000000017;7.411388888888889;0.6176157407407408;1.0;0.22150000000000017;12.0;1.0;0.6176157407407408;0.22100000000000017;7.411388888888889;0.6176157407407408;Now
18:28:11 24/04/2020;Friday;0.2216;0.22200000000000017;1.0;0.4024922359499619;0.1594100504042962;1.0;0.22200000000000017;12.0;1.0;1.0;0.22200000000000017;12.0;1.0;1.0;0.22200000000000017;12.0;1.0;Now
00:03:00 25/04/2020;Saturday;0.2137;0.22200000000000017;1.0;0.4024922359499619;0.1594100504042962;1.0;0.22200000000000017;12.0;1.0;1.0;0.22200000000000017;12.0;1.0;1.0;0.22200000000000017;12.0;1.0;Now
06:03:35 25/04/2020;Saturday;0.2198;0.22200000000000017;1.0;0.4024922359499619;0.1594100504042962;1.0;0.22200000000000017;12.0;1.0;1.0;0.22100000000000017;12.0;1.0;1.0;0.22200000000000017;12.0;1.0;Now
12:29:45 25/04/2020;Saturday;0.2195;0.22000000000000017;1.0;0.40496913462633155;0.19069595245096035;1.0;0.22000000000000017;12.0;1.0;1.0;0.22000000000000017;12.0;1.0;1.0;0.22000000000000017;12.0;1.0;Now
23:15:01 25/04/2020;Saturday;0.2175;0.22000000000000017;1.0;0.40496913462633155;0.19069595245096035;1.0;0.22000000000000017;12.0;1.0;1.0;0.21900000000000017;12.0;1.0;1.0;0.22000000000000017;12.0;1.0;Now
05:32:32 26/04/2020;Sunday;0.2164;0.21800000000000017;1.0;0.40743097574926707;0.22179166135557288;1.0;0.21800000000000017;12.0;1.0;1.0;0.21750000000000017;12.0;1.0;1.0;0.21800000000000017;12.0;1.0;Now
12:48:31 26/04/2020;Sunday;0.2122;0.21700000000000016;1.0;0.4086563348340508;0.2372692683583441;1.0;0.21700000000000016;12.0;1.0;1.0;0.21700000000000016;12.0;1.0;1.0;0.21700000000000016;12.0;1.0;Now
19:47:47 26/04/2020;Sunday;0.2162;0.21700000000000016;1.0;0.4086563348340508;0.2372692683583441;1.0;0.21700000000000016;12.0;1.0;1.0;0.21700000000000016;12.0;1.0;1.0;0.21700000000000016;12.0;1.0;Now
01:06:30 27/04/2020;Monday;0.2149;0.21700000000000016;1.0;0.4086563348340508;0.2372692683583441;1.0;0.21700000000000016;12.0;1.0;1.0;0.21700000000000016;12.0;1.0;1.0;0.21700000000000016;12.0;1.0;Now
08:06:08 27/04/2020;Monday;0.2161;0.21700000000000016;1.0;0.4086563348340508;0.2372692683583441;0.45435185185185184;0.21700000000000016;5.452222222222222;0.45435185185185184;1.0;0.21750000000000017;12.0;1.0;1.0;0.21750000000000017;12.0;1.0;Now
13:33:16 27/04/2020;Monday;0.2173;0.21800000000000017;1.0;0.40743097574926707;0.22179166135557288;1.0;0.21800000000000017;12.0;1.0;1.0;0.21800000000000017;12.0;1.0;1.0;0.21800000000000017;12.0;1.0;Now
20:40:45 27/04/2020;Monday;0.218;0.21800000000000017;1.0;0.40743097574926707;0.22179166135557288;1.0;0.21800000000000017;12.0;1.0;1.0;0.21800000000000017;12.0;1.0;1.0;0.21800000000000017;12.0;1.0;Now
01:34:17 28/04/2020;Tuesday;0.2176;0.21800000000000017;1.0;0.40743097574926707;0.22179166135557288;1.0;0.21800000000000017;12.0;1.0;1.0;0.21800000000000017;12.0;1.0;1.0;0.21800000000000017;12.0;1.0;Now
07:43:16 28/04/2020;Tuesday;0.2163;0.21800000000000017;1.0;0.40743097574926707;0.22179166135557288;1.0;0.21800000000000017;12.0;1.0;1.0;0.21800000000000017;12.0;1.0;1.0;0.21800000000000017;12.0;1.0;Now
12:36:45 28/04/2020;Tuesday;0.2178;0.21800000000000017;1.0;0.40743097574926707;0.22179166135557288;1.0;0.21800000000000017;12.0;1.0;1.0;0.21800000000000017;12.0;1.0;1.0;0.21800000000000017;12.0;1.0;Now
20:01:21 28/04/2020;Tuesday;0.2174;0.21800000000000017;1.0;0.40743097574926707;0.22179166135557288;1.0;0.21800000000000017;12.0;1.0;1.0;0.21800000000000017;12.0;1.0;1.0;0.21800000000000017;12.0;1.0;Now
06:55:52 29/04/2020;Wednesday;0.2162;0.21800000000000017;1.0;0.40743097574926707;0.22179166135557288;1.0;0.21800000000000017;12.0;1.0;1.0;0.21750000000000017;12.0;1.0;1.0;0.21800000000000017;12.0;1.0;Now
14:11:45 29/04/2020;Wednesday;0.2158;0.21700000000000016;1.0;0.4086563348340508;0.2372692683583441;1.0;0.21700000000000016;12.0;1.0;1.0;0.2163333333333335;12.0;1.0;1.0;0.21700000000000016;12.0;1.0;Now
19:05:46 29/04/2020;Wednesday;0.2156;0.21600000000000016;1.0;0.40987803063838374;0.2527006041775399;1.0;0.21600000000000016;12.0;1.0;1.0;0.21600000000000016;12.0;1.0;1.0;0.21600000000000016;12.0;1.0;Now
23:59:18 29/04/2020;Wednesday;0.2149;0.21600000000000016;1.0;0.40987803063838374;0.2527006041775399;1.0;0.21600000000000016;12.0;1.0;1.0;0.21600000000000016;12.0;1.0;1.0;0.21600000000000016;12.0;1.0;Now
06:41:51 30/04/2020;Thursday;0.2138;0.21600000000000016;1.0;0.40987803063838374;0.2527006041775399;1.0;0.21600000000000016;12.0;1.0;1.0;0.2153333333333335;12.0;1.0;1.0;0.21600000000000016;12.0;1.0;Now
12:50:45 30/04/2020;Thursday;0.2143;0.21500000000000016;1.0;0.4110960958218891;0.26808608133943007;1.0;0.21500000000000016;12.0;1.0;1.0;0.21500000000000016;12.0;1.0;1.0;0.21500000000000016;12.0;1.0;Now
18:41:24 30/04/2020;Thursday;0.209;0.21500000000000016;1.0;0.4110960958218891;0.26808608133943007;1.0;0.21500000000000016;12.0;1.0;1.0;0.21260000000000018;12.0;1.0;1.0;0.21200000000000016;12.0;1.0;Now
22:50:38 30/04/2020;Thursday;0.209;0.21500000000000016;1.0;0.4110960958218891;0.26808608133943007;1.0;0.21500000000000016;12.0;1.0;1.0;0.21200000000000016;12.0;1.0;1.0;0.21300000000000016;12.0;1.0;Now
22:50:38 30/04/2020;Thursday;0.209;0.21500000000000016;1.0;0.4110960958218891;0.26808608133943007;1.0;0.21500000000000016;12.0;1.0;1.0;0.21100000000000016;12.0;1.0;1.0;0.21200000000000016;12.0;1.0;Now
00:59:02 01/05/2020;Friday;0.2043;0.20900000000000016;1.0;0.4183300132670376;0.3594582617042263;1.0;0.20900000000000016;12.0;1.0;1.0;0.2076666666666668;12.0;1.0;1.0;0.20900000000000016;12.0;1.0;Now
06:09:05 01/05/2020;Friday;0.2021;0.20900000000000016;1.0;0.4183300132670376;0.3594582617042263;1.0;0.20900000000000016;12.0;1.0;1.0;0.20700000000000016;12.0;1.0;1.0;0.20900000000000016;12.0;1.0;Now
12:43:31 01/05/2020;Friday;0.1972;0.20500000000000015;1.0;0.42308391602612344;0.4195051814587792;1.0;0.20500000000000015;12.0;1.0;1.0;0.20033333333333347;12.0;1.0;1.0;0.20500000000000015;12.0;1.0;Now
19:49:45 01/05/2020;Friday;0.1964;0.19800000000000015;1.0;0.43127717305695634;0.5229948556046292;1.0;0.19800000000000015;12.0;1.0;1.0;0.1976666666666668;12.0;1.0;1.0;0.19800000000000015;12.0;1.0;Now
00:28:58 02/05/2020;Saturday;0.1959;0.19800000000000015;1.0;0.43127717305695634;0.5229948556046292;1.0;0.19800000000000015;12.0;1.0;1.0;0.19750000000000015;12.0;1.0;1.0;0.19750000000000015;12.0;1.0;Now
05:43:28 02/05/2020;Saturday;0.1958;0.19700000000000015;1.0;0.4324349662087929;0.5376190319927197;0.582662037037037;0.19700000000000015;6.991944444444444;0.582662037037037;1.0;0.19750000000000015;12.0;1.0;0.582662037037037;0.19700000000000015;6.991944444444444;0.582662037037037;Now
12:42:59 02/05/2020;Saturday;0.1971;0.19800000000000015;1.0;0.43127717305695634;0.5229948556046292;0.48875;0.19800000000000015;5.865;0.48875;1.0;0.1986666666666668;12.0;1.0;0.48875;0.19800000000000015;5.865;0.48875;Now
18:34:53 02/05/2020;Saturday;0.1986;0.19900000000000015;1.0;0.43011626335213116;0.5083313137905504;1.0;0.19900000000000015;12.0;1.0;1.0;0.19900000000000015;12.0;1.0;1.0;0.19900000000000015;12.0;1.0;Now
00:10:24 03/05/2020;Sunday;0.1983;0.19900000000000015;1.0;0.43011626335213116;0.5083313137905504;1.0;0.19900000000000015;12.0;1.0;1.0;0.19900000000000015;12.0;1.0;1.0;0.19900000000000015;12.0;1.0;Now
09:58:00 03/05/2020;Sunday;0.1985;0.19900000000000015;1.0;0.43011626335213116;0.5083313137905504;0.4312037037037037;0.19900000000000015;5.174444444444444;0.4312037037037037;1.0;0.19950000000000015;12.0;1.0;1.0;0.19950000000000015;12.0;1.0;Now
15:08:28 03/05/2020;Sunday;0.1999;0.20000000000000015;1.0;0.42895221179054416;0.4936280869365333;1.0;0.20000000000000015;12.0;1.0;1.0;0.20000000000000015;12.0;1.0;1.0;0.20000000000000015;12.0;1.0;Now
05:07:20 04/05/2020;Monday;0.1995;0.20000000000000015;1.0;0.42895221179054416;0.4936280869365333;0.5706481481481481;0.20000000000000015;6.847777777777778;0.5706481481481481;1.0;0.20050000000000015;12.0;1.0;0.5706481481481481;0.20000000000000015;6.847777777777778;0.5706481481481481;Now
11:58:12 04/05/2020;Monday;0.2003;0.20100000000000015;1.0;0.4277849927241486;0.47888485108008183;0.4423611111111111;0.20100000000000015;5.308333333333334;0.4423611111111111;1.0;0.20200000000000015;12.0;1.0;0.4423611111111111;0.20100000000000015;5.308333333333334;0.4423611111111111;Now
17:16:42 04/05/2020;Monday;0.2015;0.20200000000000015;1.0;0.42661458015403064;0.46410127782686955;0.4411574074074074;0.20200000000000015;4.918888888888889;0.4099074074074074;1.0;0.2026666666666668;12.0;1.0;1.0;0.20250000000000015;12.0;1.0;Now
22:11:50 04/05/2020;Monday;0.2023;0.20300000000000015;1.0;0.42544094772365276;0.44927703426539767;1.0;0.20300000000000015;12.0;1.0;1.0;0.20300000000000015;12.0;1.0;1.0;0.20300000000000015;12.0;1.0;Now
04:54:12 05/05/2020;Tuesday;0.1977;0.20300000000000015;1.0;0.42544094772365276;0.44927703426539767;1.0;0.20300000000000015;12.0;1.0;1.0;0.20133333333333348;12.0;1.0;1.0;0.20300000000000015;12.0;1.0;Now
09:30:51 05/05/2020;Tuesday;0.1953;0.20300000000000015;1.0;0.42544094772365276;0.44927703426539767;1.0;0.20300000000000015;12.0;1.0;1.0;0.19900000000000015;12.0;1.0;1.0;0.20300000000000015;12.0;1.0;Now
15:14:43 05/05/2020;Tuesday;0.1927;0.19800000000000015;1.0;0.43127717305695634;0.5229948556046292;1.0;0.19800000000000015;12.0;1.0;1.0;0.19700000000000015;12.0;1.0;1.0;0.19700000000000015;12.0;1.0;Now
20:58:13 05/05/2020;Tuesday;0.1894;0.19600000000000015;1.0;0.4335896677735758;0.5522041583015106;1.0;0.19600000000000015;12.0;1.0;1.0;0.19300000000000014;12.0;1.0;1.0;0.19600000000000015;12.0;1.0;Now
03:32:38 06/05/2020;Wednesday;0.1882;0.19000000000000014;1.0;0.44045431091090465;0.6389120058322606;1.0;0.19000000000000014;12.0;1.0;1.0;0.18933333333333346;12.0;1.0;1.0;0.19000000000000014;12.0;1.0;Now
08:59:38 06/05/2020;Wednesday;0.1871;0.18900000000000014;1.0;0.4415880433163922;0.6532322690402815;1.0;0.18900000000000014;12.0;1.0;1.0;0.1886666666666668;12.0;1.0;1.0;0.18900000000000014;12.0;1.0;Now
14:01:09 06/05/2020;Wednesday;0.1865;0.18900000000000014;1.0;0.4415880433163922;0.6532322690402815;1.0;0.18900000000000014;12.0;1.0;1.0;0.18800000000000014;12.0;1.0;1.0;0.18900000000000014;12.0;1.0;Now
19:36:44 06/05/2020;Wednesday;0.1857;0.18800000000000014;1.0;0.44271887242357294;0.667515860458978;1.0;0.18800000000000014;12.0;1.0;1.0;0.18700000000000014;12.0;1.0;1.0;0.18750000000000014;12.0;1.0;Now
00:55:15 07/05/2020;Thursday;0.1846;0.18700000000000014;1.0;0.4438468204234428;0.6817630603845649;1.0;0.18700000000000014;12.0;1.0;1.0;0.18650000000000014;12.0;1.0;1.0;0.18700000000000014;12.0;1.0;Now
07:12:44 07/05/2020;Thursday;0.1856;0.18600000000000014;1.0;0.44497190922573965;0.6959741455606646;1.0;0.18600000000000014;12.0;1.0;1.0;0.18600000000000014;12.0;1.0;1.0;0.18600000000000014;12.0;1.0;Now
13:21:44 07/05/2020;Thursday;0.185;0.18600000000000014;1.0;0.44497190922573965;0.6959741455606646;1.0;0.18600000000000014;12.0;1.0;1.0;0.18566666666666679;12.0;1.0;1.0;0.18600000000000014;12.0;1.0;Now
18:48:44 07/05/2020;Thursday;0.1829;0.18600000000000014;1.0;0.44497190922573965;0.6959741455606646;1.0;0.18600000000000014;12.0;1.0;1.0;0.18533333333333346;12.0;1.0;1.0;0.18600000000000014;12.0;1.0;Now
23:59:13 07/05/2020;Thursday;0.1842;0.18500000000000014;1.0;0.4460941604639091;0.7101493892410312;1.0;0.18500000000000014;12.0;1.0;1.0;0.18500000000000014;12.0;1.0;1.0;0.18500000000000014;12.0;1.0;Now
05:34:36 08/05/2020;Friday;0.1824;0.18500000000000014;1.0;0.4460941604639091;0.7101493892410312;1.0;0.18500000000000014;12.0;1.0;1.0;0.18466666666666678;12.0;1.0;1.0;0.18500000000000014;12.0;1.0;Now
11:26:35 08/05/2020;Friday;0.1837;0.18500000000000014;1.0;0.4460941604639091;0.7101493892410312;1.0;0.18500000000000014;12.0;1.0;1.0;0.18433333333333346;12.0;1.0;1.0;0.18500000000000014;12.0;1.0;Now
16:53:36 08/05/2020;Friday;0.1816;0.18400000000000014;1.0;0.4472135954999578;0.7242890612508514;1.0;0.18400000000000014;12.0;1.0;1.0;0.18400000000000014;12.0;1.0;1.0;0.18400000000000014;12.0;1.0;Now
21:30:41 08/05/2020;Friday;0.1827;0.18400000000000014;1.0;0.4472135954999578;0.7242890612508514;1.0;0.18400000000000014;12.0;1.0;1.0;0.18350000000000014;12.0;1.0;1.0;0.18400000000000014;12.0;1.0;Now
04:55:05 09/05/2020;Saturday;0.1803;0.18300000000000013;1.0;0.44833023542919775;0.7383934280466699;1.0;0.18300000000000013;12.0;1.0;1.0;0.18166666666666678;12.0;1.0;1.0;0.18300000000000013;12.0;1.0;Now
09:56:35 09/05/2020;Saturday;0.1799;0.18100000000000013;1.0;0.45055521304275226;0.7664972953294906;1.0;0.18100000000000013;12.0;1.0;1.0;0.18100000000000013;12.0;1.0;1.0;0.18100000000000013;12.0;1.0;Now
15:23:35 09/05/2020;Saturday;0.1805;0.18100000000000013;1.0;0.45055521304275226;0.7664972953294906;1.0;0.18100000000000013;12.0;1.0;1.0;0.18100000000000013;12.0;1.0;1.0;0.18100000000000013;12.0;1.0;Now
21:57:34 09/05/2020;Saturday;0.1796;0.18100000000000013;1.0;0.45055521304275226;0.7664972953294906;1.0;0.18100000000000013;12.0;1.0;1.0;0.18033333333333346;12.0;1.0;1.0;0.18100000000000013;12.0;1.0;Now
04:31:34 10/05/2020;Sunday;0.1778;0.18000000000000013;1.0;0.45166359162544845;0.7804973124071688;1.0;0.18000000000000013;12.0;1.0;1.0;0.17933333333333346;12.0;1.0;1.0;0.18000000000000013;12.0;1.0;Now
09:17:04 10/05/2020;Sunday;0.1772;0.18000000000000013;1.0;0.45166359162544845;0.7804973124071688;1.0;0.18000000000000013;12.0;1.0;1.0;0.17900000000000013;12.0;1.0;1.0;0.18000000000000013;12.0;1.0;Now
16:24:34 10/05/2020;Sunday;0.1771;0.17800000000000013;1.0;0.45387222871640853;0.8083947812635391;1.0;0.17800000000000013;12.0;1.0;1.0;0.17800000000000013;12.0;1.0;1.0;0.17800000000000013;12.0;1.0;Now
23:23:45 10/05/2020;Sunday;0.1753;0.17800000000000013;1.0;0.45387222871640853;0.8083947812635391;1.0;0.17800000000000013;12.0;1.0;1.0;0.17700000000000013;12.0;1.0;1.0;0.17800000000000013;12.0;1.0;Now
05:57:49 11/05/2020;Monday;0.1751;0.17600000000000013;1.0;0.45607017003965505;0.8361571510364495;1.0;0.17600000000000013;12.0;1.0;1.0;0.17600000000000013;12.0;1.0;1.0;0.17600000000000013;12.0;1.0;Now
12:06:37 11/05/2020;Monday;0.1744;0.17600000000000013;1.0;0.45607017003965505;0.8361571510364495;1.0;0.17600000000000013;12.0;1.0;1.0;0.17566666666666678;12.0;1.0;1.0;0.17600000000000013;12.0;1.0;Now
17:15:27 11/05/2020;Monday;0.1744;0.17600000000000013;1.0;0.45607017003965505;0.8361571510364495;1.0;0.17600000000000013;12.0;1.0;1.0;0.17533333333333345;12.0;1.0;1.0;0.17550000000000013;12.0;1.0;Now
19:39:21 11/05/2020;Monday;0.1736;0.17500000000000013;1.0;0.4571651780264983;0.8499882830660023;1.0;0.17500000000000013;12.0;1.0;1.0;0.17500000000000013;12.0;1.0;1.0;0.17500000000000013;12.0;1.0;Now
01:15:20 12/05/2020;Tuesday;0.173;0.17500000000000013;1.0;0.4571651780264983;0.8499882830660023;1.0;0.17500000000000013;12.0;1.0;1.0;0.17400000000000013;12.0;1.0;1.0;0.17500000000000013;12.0;1.0;Now
08:31:03 12/05/2020;Tuesday;0.1727;0.17300000000000013;1.0;0.4593473631142339;0.8775516345885814;1.0;0.17300000000000013;12.0;1.0;1.0;0.17300000000000013;12.0;1.0;1.0;0.17300000000000013;12.0;1.0;Now
15:30:28 12/05/2020;Tuesday;0.1723;0.17300000000000013;1.0;0.4593473631142339;0.8775516345885814;1.0;0.17300000000000013;12.0;1.0;1.0;0.17300000000000013;12.0;1.0;1.0;0.17300000000000013;12.0;1.0;Now
20:52:01 12/05/2020;Tuesday;0.1719;0.17300000000000013;1.0;0.4593473631142339;0.8775516345885814;1.0;0.17300000000000013;12.0;1.0;1.0;0.17300000000000013;12.0;1.0;1.0;0.17300000000000013;12.0;1.0;Now
03:08:58 13/05/2020;Wednesday;0.1725;0.17300000000000013;1.0;0.4593473631142339;0.8775516345885814;1.0;0.17300000000000013;12.0;1.0;1.0;0.17300000000000013;12.0;1.0;1.0;0.17300000000000013;12.0;1.0;Now
15:10:00 13/05/2020;Wednesday;0.1721;0.17300000000000013;1.0;0.4593473631142339;0.8775516345885814;1.0;0.17300000000000013;12.0;1.0;1.0;0.17300000000000013;12.0;1.0;1.0;0.17300000000000013;12.0;1.0;Now
21:10:30 13/05/2020;Wednesday;0.1717;0.17300000000000013;1.0;0.4593473631142339;0.8775516345885814;1.0;0.17300000000000013;12.0;1.0;1.0;0.17250000000000013;12.0;1.0;1.0;0.17300000000000013;12.0;1.0;Now
04:10:06 14/05/2020;Thursday;0.1715;0.17200000000000013;1.0;0.4604345773288534;0.8912843228680152;1.0;0.17200000000000013;12.0;1.0;1.0;0.17200000000000013;12.0;1.0;1.0;0.17200000000000013;12.0;1.0;Now
09:45:57 14/05/2020;Thursday;0.171;0.17200000000000013;1.0;0.4604345773288534;0.8912843228680152;1.0;0.17200000000000013;12.0;1.0;1.0;0.17150000000000012;12.0;1.0;1.0;0.17200000000000013;12.0;1.0;Now
16:11:47 14/05/2020;Thursday;0.1705;0.17100000000000012;1.0;0.4615192303685729;0.9049846607457914;0.5242129629629629;0.17100000000000012;6.290555555555556;0.5242129629629629;1.0;0.17150000000000012;12.0;1.0;0.5242129629629629;0.17100000000000012;6.290555555555556;0.5242129629629629;Now
22:29:13 14/05/2020;Thursday;0.1715;0.17200000000000013;1.0;0.4604345773288534;0.8912843228680152;0.5011111111111111;0.17200000000000013;6.013333333333334;0.5011111111111111;1.0;0.17300000000000013;12.0;1.0;0.5011111111111111;0.17200000000000013;6.013333333333334;0.5011111111111111;Now
04:30:01 15/05/2020;Friday;0.1725;0.17300000000000013;1.0;0.4593473631142339;0.8775516345885814;0.46564814814814814;0.17300000000000013;5.587777777777778;0.46564814814814814;1.0;0.17350000000000013;12.0;1.0;1.0;0.17350000000000013;12.0;1.0;Now
10:05:17 15/05/2020;Friday;0.1735;0.17400000000000013;1.0;0.4582575694955839;0.8637863656539081;1.0;0.17400000000000013;12.0;1.0;1.0;0.17400000000000013;12.0;1.0;1.0;0.17400000000000013;12.0;1.0;Now
20:26:16 15/05/2020;Friday;0.173;0.17400000000000013;1.0;0.4582575694955839;0.8637863656539081;1.0;0.17400000000000013;12.0;1.0;1.0;0.17350000000000013;12.0;1.0;1.0;0.17400000000000013;12.0;1.0;Now
03:59:22 16/05/2020;Saturday;0.1729;0.17300000000000013;1.0;0.4593473631142339;0.8775516345885814;1.0;0.17300000000000013;12.0;1.0;1.0;0.17300000000000013;12.0;1.0;1.0;0.17300000000000013;12.0;1.0;Now
09:35:16 16/05/2020;Saturday;0.1725;0.17300000000000013;1.0;0.4593473631142339;0.8775516345885814;1.0;0.17300000000000013;12.0;1.0;1.0;0.17300000000000013;12.0;1.0;1.0;0.17300000000000013;12.0;1.0;Now
16:59:46 16/05/2020;Saturday;0.1719;0.17300000000000013;1.0;0.4593473631142339;0.8775516345885814;1.0;0.17300000000000013;12.0;1.0;1.0;0.17250000000000013;12.0;1.0;1.0;0.17250000000000013;12.0;1.0;Now
22:52:18 16/05/2020;Saturday;0.1717;0.17200000000000013;1.0;0.4604345773288534;0.8912843228680152;1.0;0.17200000000000013;12.0;1.0;1.0;0.17200000000000013;12.0;1.0;1.0;0.17200000000000013;12.0;1.0;Now
05:35:06 17/05/2020;Sunday;0.1714;0.17200000000000013;1.0;0.4604345773288534;0.8912843228680152;1.0;0.17200000000000013;12.0;1.0;1.0;0.17200000000000013;12.0;1.0;1.0;0.17200000000000013;12.0;1.0;Now
12:42:45 17/05/2020;Sunday;0.1713;0.17200000000000013;1.0;0.4604345773288534;0.8912843228680152;1.0;0.17200000000000013;12.0;1.0;1.0;0.17200000000000013;12.0;1.0;1.0;0.17200000000000013;12.0;1.0;Now
18:35:16 17/05/2020;Sunday;0.171;0.17200000000000013;1.0;0.4604345773288534;0.8912843228680152;1.0;0.17200000000000013;12.0;1.0;1.0;0.17150000000000012;12.0;1.0;1.0;0.17200000000000013;12.0;1.0;Now
01:34:39 18/05/2020;Monday;0.1706;0.17100000000000012;1.0;0.4615192303685729;0.9049846607457914;1.0;0.17100000000000012;12.0;1.0;1.0;0.17100000000000012;12.0;1.0;1.0;0.17100000000000012;12.0;1.0;Now
14:59:31 18/05/2020;Monday;0.1704;0.17100000000000012;1.0;0.4615192303685729;0.9049846607457914;1.0;0.17100000000000012;12.0;1.0;1.0;0.17100000000000012;12.0;1.0;1.0;0.17100000000000012;12.0;1.0;Now
21:58:32 18/05/2020;Monday;0.1698;0.17100000000000012;1.0;0.4615192303685729;0.9049846607457914;1.0;0.17100000000000012;12.0;1.0;1.0;0.17050000000000012;12.0;1.0;1.0;0.17050000000000012;12.0;1.0;Now
03:50:44 19/05/2020;Tuesday;0.17;0.17000000000000012;1.0;0.462601340248815;0.9186528757761303;1.0;0.17000000000000012;12.0;1.0;1.0;0.17000000000000012;12.0;1.0;1.0;0.17000000000000012;12.0;1.0;Now
11:07:01 19/05/2020;Tuesday;0.1697;0.17000000000000012;1.0;0.462601340248815;0.9186528757761303;1.0;0.17000000000000012;12.0;1.0;1.0;0.17000000000000012;12.0;1.0;1.0;0.17000000000000012;12.0;1.0;Now
18:06:31 19/05/2020;Tuesday;0.1698;0.17000000000000012;1.0;0.462601340248815;0.9186528757761303;1.0;0.17000000000000012;12.0;1.0;1.0;0.17000000000000012;12.0;1.0;1.0;0.17000000000000012;12.0;1.0;Now
23:16:56 19/05/2020;Tuesday;0.1699;0.17000000000000012;1.0;0.462601340248815;0.9186528757761303;0.9200925925925926;0.17000000000000012;11.04111111111111;0.9200925925925926;1.0;0.17033333333333345;12.0;1.0;0.9200925925925926;0.17000000000000012;11.04111111111111;0.9200925925925926;Now
05:17:25 20/05/2020;Wednesday;0.17;0.17000000000000012;1.0;0.462601340248815;0.9186528757761303;0.4194212962962963;0.17000000000000012;5.033055555555555;0.4194212962962963;1.0;0.17066666666666677;12.0;1.0;0.4194212962962963;0.17000000000000012;5.033055555555555;0.4194212962962963;Now
10:19:24 20/05/2020;Wednesday;0.1701;0.17100000000000012;1.0;0.4615192303685729;0.9049846607457914;1.0;0.17100000000000012;12.0;1.0;1.0;0.17100000000000012;12.0;1.0;1.0;0.17100000000000012;12.0;1.0;Now
15:54:56 20/05/2020;Wednesday;0.1703;0.17100000000000012;1.0;0.4615192303685729;0.9049846607457914;1.0;0.17100000000000012;12.0;1.0;1.0;0.17100000000000012;12.0;1.0;1.0;0.17100000000000012;12.0;1.0;Now
23:10:55 20/05/2020;Wednesday;0.1701;0.17100000000000012;1.0;0.4615192303685729;0.9049846607457914;1.0;0.17100000000000012;12.0;1.0;1.0;0.17100000000000012;12.0;1.0;1.0;0.17100000000000012;12.0;1.0;Now
04:29:56 21/05/2020;Thursday;0.1702;0.17100000000000012;1.0;0.4615192303685729;0.9049846607457914;1.0;0.17100000000000012;12.0;1.0;1.0;0.17100000000000012;12.0;1.0;1.0;0.17100000000000012;12.0;1.0;Now
11:45:59 21/05/2020;Thursday;0.1706;0.17100000000000012;1.0;0.4615192303685729;0.9049846607457914;1.0;0.17100000000000012;12.0;1.0;1.0;0.17100000000000012;12.0;1.0;1.0;0.17100000000000012;12.0;1.0;Now
16:22:56 21/05/2020;Thursday;0.1709;0.17100000000000012;1.0;0.4615192303685729;0.9049846607457914;1.0;0.17100000000000012;12.0;1.0;1.0;0.17100000000000012;12.0;1.0;1.0;0.17100000000000012;12.0;1.0;Now
23:13:54 21/05/2020;Thursday;0.1706;0.17100000000000012;1.0;0.4615192303685729;0.9049846607457914;1.0;0.17100000000000012;12.0;1.0;1.0;0.17100000000000012;12.0;1.0;1.0;0.17100000000000012;12.0;1.0;Now
06:04:55 22/05/2020;Friday;0.1704;0.17100000000000012;1.0;0.4615192303685729;0.9049846607457914;1.0;0.17100000000000012;12.0;1.0;1.0;0.17100000000000012;12.0;1.0;1.0;0.17100000000000012;12.0;1.0;Now
12:38:59 22/05/2020;Friday;0.1705;0.17100000000000012;1.0;0.4615192303685729;0.9049846607457914;1.0;0.17100000000000012;12.0;1.0;1.0;0.17100000000000012;12.0;1.0;1.0;0.17100000000000012;12.0;1.0;Now
01:13:25 23/05/2020;Saturday;0.1702;0.17100000000000012;1.0;0.4615192303685729;0.9049846607457914;1.0;0.17100000000000012;12.0;1.0;1.0;0.17100000000000012;12.0;1.0;1.0;0.17100000000000012;12.0;1.0;Now
08:37:55 23/05/2020;Saturday;0.1699;0.17100000000000012;1.0;0.4615192303685729;0.9049846607457914;1.0;0.17100000000000012;12.0;1.0;1.0;0.17050000000000012;12.0;1.0;1.0;0.17050000000000012;12.0;1.0;Now
13:31:27 23/05/2020;Saturday;0.1698;0.17000000000000012;1.0;0.462601340248815;0.9186528757761303;1.0;0.17000000000000012;12.0;1.0;1.0;0.17000000000000012;12.0;1.0;1.0;0.17000000000000012;12.0;1.0;Now
20:39:29 23/05/2020;Saturday;0.1693;0.17000000000000012;1.0;0.462601340248815;0.9186528757761303;1.0;0.17000000000000012;12.0;1.0;1.0;0.17000000000000012;12.0;1.0;1.0;0.17000000000000012;12.0;1.0;Now
02:48:03 24/05/2020;Sunday;0.1689;0.17000000000000012;1.0;0.462601340248815;0.9186528757761303;1.0;0.17000000000000012;12.0;1.0;1.0;0.16950000000000012;12.0;1.0;1.0;0.17000000000000012;12.0;1.0;Now
09:39:03 24/05/2020;Sunday;0.1687;0.16900000000000012;1.0;0.46368092477478506;0.9322891928579815;1.0;0.16900000000000012;12.0;1.0;1.0;0.16900000000000012;12.0;1.0;1.0;0.16900000000000012;12.0;1.0;Now
15:47:58 24/05/2020;Sunday;0.1679;0.16900000000000012;1.0;0.46368092477478506;0.9322891928579815;1.0;0.16900000000000012;12.0;1.0;1.0;0.16866666666666677;12.0;1.0;1.0;0.16900000000000012;12.0;1.0;Now
20:32:57 24/05/2020;Sunday;0.1678;0.16900000000000012;1.0;0.46368092477478506;0.9322891928579815;1.0;0.16900000000000012;12.0;1.0;1.0;0.16833333333333345;12.0;1.0;1.0;0.16850000000000012;12.0;1.0;Now
01:26:29 25/05/2020;Monday;0.1673;0.16800000000000012;1.0;0.4647580015448899;0.9458938342782057;1.0;0.16800000000000012;12.0;1.0;1.0;0.16800000000000012;12.0;1.0;1.0;0.16800000000000012;12.0;1.0;Now
07:10:01 25/05/2020;Monday;0.167;0.16800000000000012;1.0;0.4647580015448899;0.9458938342782057;1.0;0.16800000000000012;12.0;1.0;1.0;0.16766666666666677;12.0;1.0;1.0;0.16800000000000012;12.0;1.0;Now
12:20:28 25/05/2020;Monday;0.1668;0.16800000000000012;1.0;0.4647580015448899;0.9458938342782057;1.0;0.16800000000000012;12.0;1.0;1.0;0.16733333333333344;12.0;1.0;1.0;0.16750000000000012;12.0;1.0;Now
17:30:33 25/05/2020;Monday;0.1661;0.16700000000000012;1.0;0.4658325879540845;0.9594670197538485;1.0;0.16700000000000012;12.0;1.0;1.0;0.16700000000000012;12.0;1.0;1.0;0.16700000000000012;12.0;1.0;Now
00:04:58 26/05/2020;Tuesday;0.1654;0.16700000000000012;1.0;0.4658325879540845;0.9594670197538485;1.0;0.16700000000000012;12.0;1.0;1.0;0.16650000000000012;12.0;1.0;1.0;0.16700000000000012;12.0;1.0;Now
11:49:34 26/05/2020;Tuesday;0.1647;0.16600000000000012;1.0;0.46690470119714994;0.973008966473542;1.0;0.16600000000000012;12.0;1.0;1.0;0.16550000000000012;12.0;1.0;1.0;0.16600000000000012;12.0;1.0;Now
18:57:08 26/05/2020;Tuesday;0.1644;0.16500000000000012;1.0;0.4679743582719035;0.9865198891380533;1.0;0.16500000000000012;12.0;1.0;1.0;0.16500000000000012;12.0;1.0;1.0;0.16500000000000012;12.0;1.0;Now
00:15:26 27/05/2020;Wednesday;0.165;0.16500000000000012;1.0;0.4679743582719035;0.9865198891380533;0.5584490740740741;0.16500000000000012;6.701388888888889;0.5584490740740741;1.0;0.16550000000000012;12.0;1.0;0.5584490740740741;0.16500000000000012;6.701388888888889;0.5584490740740741;Now
06:57:31 27/05/2020;Wednesday;0.1653;0.16600000000000012;1.0;0.46690470119714994;0.973008966473542;1.0;0.16600000000000012;12.0;1.0;1.0;0.16600000000000012;12.0;1.0;1.0;0.16600000000000012;12.0;1.0;Now
13:06:26 27/05/2020;Wednesday;0.1652;0.16600000000000012;1.0;0.46690470119714994;0.973008966473542;1.0;0.16600000000000012;12.0;1.0;1.0;0.16600000000000012;12.0;1.0;1.0;0.16600000000000012;12.0;1.0;Now
00:59:11 28/05/2020;Thursday;0.1657;0.16600000000000012;1.0;0.46690470119714994;0.973008966473542;1.0;0.16600000000000012;12.0;1.0;1.0;0.16600000000000012;12.0;1.0;1.0;0.16600000000000012;12.0;1.0;Now
05:44:14 28/05/2020;Thursday;0.1659;0.16600000000000012;1.0;0.46690470119714994;0.973008966473542;1.0;0.16600000000000012;12.0;1.0;1.0;0.16600000000000012;12.0;1.0;1.0;0.16600000000000012;12.0;1.0;Now
12:35:12 28/05/2020;Thursday;0.1658;0.16600000000000012;1.0;0.46690470119714994;0.973008966473542;1.0;0.16600000000000012;12.0;1.0;1.0;0.16600000000000012;12.0;1.0;1.0;0.16600000000000012;12.0;1.0;Now
18:30:12 28/05/2020;Thursday;0.1653;0.16600000000000012;1.0;0.46690470119714994;0.973008966473542;1.0;0.16600000000000012;12.0;1.0;1.0;0.16600000000000012;12.0;1.0;1.0;0.16600000000000012;12.0;1.0;Now
23:41:49 28/05/2020;Thursday;0.1651;0.16600000000000012;1.0;0.46690470119714994;0.973008966473542;0.9422685185185186;0.16600000000000012;11.307222222222222;0.9422685185185186;1.0;0.16633333333333344;12.0;1.0;0.9422685185185186;0.16600000000000012;11.307222222222222;0.9422685185185186;Now
05:24:49 29/05/2020;Friday;0.1654;0.16600000000000012;1.0;0.46690470119714994;0.973008966473542;0.46587962962962964;0.16600000000000012;5.5905555555555555;0.46587962962962964;1.0;0.16700000000000012;12.0;1.0;0.46587962962962964;0.16600000000000012;5.5905555555555555;0.46587962962962964;Now
11:00:15 29/05/2020;Friday;0.1668;0.16700000000000012;1.0;0.4658325879540845;0.9594670197538485;0.4305555555555556;0.16700000000000012;5.166666666666667;0.4305555555555556;1.0;0.16766666666666677;12.0;1.0;1.0;0.16750000000000012;12.0;1.0;Now
16:10:15 29/05/2020;Friday;0.1675;0.16800000000000012;1.0;0.4647580015448899;0.9458938342782057;1.0;0.16800000000000012;12.0;1.0;1.0;0.16800000000000012;12.0;1.0;1.0;0.16800000000000012;12.0;1.0;Now
22:52:46 29/05/2020;Friday;0.168;0.16800000000000012;1.0;0.4647580015448899;0.9458938342782057;1.0;0.16800000000000012;12.0;1.0;1.0;0.16800000000000012;12.0;1.0;1.0;0.16800000000000012;12.0;1.0;Now
05:27:17 30/05/2020;Saturday;0.1679;0.16800000000000012;1.0;0.4647580015448899;0.9458938342782057;1.0;0.16800000000000012;12.0;1.0;1.0;0.16800000000000012;12.0;1.0;1.0;0.16800000000000012;12.0;1.0;Now
12:09:45 30/05/2020;Saturday;0.1678;0.16800000000000012;1.0;0.4647580015448899;0.9458938342782057;1.0;0.16800000000000012;12.0;1.0;1.0;0.16800000000000012;12.0;1.0;1.0;0.16800000000000012;12.0;1.0;Now
17:20:08 30/05/2020;Saturday;0.167;0.16800000000000012;1.0;0.4647580015448899;0.9458938342782057;1.0;0.16800000000000012;12.0;1.0;1.0;0.16800000000000012;12.0;1.0;1.0;0.16800000000000012;12.0;1.0;Now
23:12:07 30/05/2020;Saturday;0.1665;0.16800000000000012;1.0;0.4647580015448899;0.9458938342782057;1.0;0.16800000000000012;12.0;1.0;1.0;0.16750000000000012;12.0;1.0;1.0;0.16800000000000012;12.0;1.0;Now
06:45:08 31/05/2020;Sunday;0.1658;0.16700000000000012;1.0;0.4658325879540845;0.9594670197538485;1.0;0.16700000000000012;12.0;1.0;1.0;0.16633333333333344;12.0;1.0;1.0;0.16700000000000012;12.0;1.0;Now
13:19:08 31/05/2020;Sunday;0.1648;0.16600000000000012;1.0;0.46690470119714994;0.973008966473542;1.0;0.16600000000000012;12.0;1.0;1.0;0.16550000000000012;12.0;1.0;1.0;0.16600000000000012;12.0;1.0;Now
17:56:12 31/05/2020;Sunday;0.1642;0.16600000000000012;1.0;0.46690470119714994;0.973008966473542;1.0;0.16600000000000012;12.0;1.0;1.0;0.16520000000000012;12.0;1.0;1.0;0.16550000000000012;12.0;1.0;Now
22:49:40 31/05/2020;Sunday;0.1639;0.16500000000000012;1.0;0.4679743582719035;0.9865198891380533;1.0;0.16500000000000012;12.0;1.0;1.0;0.16500000000000012;12.0;1.0;1.0;0.16500000000000012;12.0;1.0;Now
22:49:40 31/05/2020;Sunday;0.1639;0.16500000000000012;1.0;0.4679743582719035;0.9865198891380533;1.0;0.16500000000000012;12.0;1.0;1.0;0.16500000000000012;12.0;1.0;1.0;0.16500000000000012;12.0;1.0;Now
04:59:48 01/06/2020;Monday;0.1639;0.16500000000000012;1.0;0.4679743582719035;0.9865198891380533;1.0;0.16500000000000012;12.0;1.0;1.0;0.16466666666666677;12.0;1.0;1.0;0.16500000000000012;12.0;1.0;Now
05:49:15 01/06/2020;Monday;0.1637;0.16500000000000012;1.0;0.4679743582719035;0.9865198891380533;1.0;0.16500000000000012;12.0;1.0;1.0;0.16450000000000012;12.0;1.0;1.0;0.16500000000000012;12.0;1.0;Now
13:13:45 01/06/2020;Monday;0.1636;0.16400000000000012;1.0;0.46904157598234286;1.0;0.8854398148148148;0.16400000000000012;10.625277777777777;0.8854398148148148;1.0;0.16433333333333344;12.0;1.0;0.8854398148148148;0.16400000000000012;10.625277777777777;0.8854398148148148;Now
18:49:15 01/06/2020;Monday;0.1638;0.16400000000000012;1.0;0.46904157598234286;1.0;0.4194675925925926;0.16400000000000012;5.033611111111111;0.4194675925925926;1.0;0.16466666666666677;12.0;1.0;0.4194675925925926;0.16400000000000012;5.033611111111111;0.4194675925925926;Now
23:51:16 01/06/2020;Monday;0.1641;0.16500000000000012;1.0;0.4679743582719035;0.9865198891380533;1.0;0.16500000000000012;12.0;1.0;1.0;0.16500000000000012;12.0;1.0;1.0;0.16500000000000012;12.0;1.0;Now
04:36:14 02/06/2020;Tuesday;0.1649;0.16500000000000012;1.0;0.4679743582719035;0.9865198891380533;0.617337962962963;0.16500000000000012;7.408055555555555;0.617337962962963;1.0;0.16550000000000012;12.0;1.0;0.617337962962963;0.16500000000000012;7.408055555555555;0.617337962962963;Now
12:00:43 02/06/2020;Tuesday;0.1654;0.16600000000000012;1.0;0.46690470119714994;0.973008966473542;1.0;0.16600000000000012;12.0;1.0;1.0;0.16600000000000012;12.0;1.0;1.0;0.16600000000000012;12.0;1.0;Now
19:18:58 02/06/2020;Tuesday;0.166;0.16600000000000012;1.0;0.46690470119714994;0.973008966473542;0.5216203703703703;0.16600000000000012;6.259444444444444;0.5216203703703703;1.0;0.16750000000000012;12.0;1.0;0.5216203703703703;0.16600000000000012;6.259444444444444;0.5216203703703703;Now
01:34:32 03/06/2020;Wednesday;0.1674;0.16800000000000012;1.0;0.4647580015448899;0.9458938342782057;1.0;0.16800000000000012;12.0;1.0;1.0;0.16800000000000012;12.0;1.0;1.0;0.16800000000000012;12.0;1.0;Now
03:49:11 03/06/2020;Wednesday;0.1674;0.16800000000000012;1.0;0.4647580015448899;0.9458938342782057;1.0;0.16800000000000012;12.0;1.0;1.0;0.16800000000000012;12.0;1.0;1.0;0.16800000000000012;12.0;1.0;Now
06:53:27 03/06/2020;Wednesday;0.1672;0.16800000000000012;1.0;0.4647580015448899;0.9458938342782057;1.0;0.16800000000000012;12.0;1.0;1.0;0.16800000000000012;12.0;1.0;1.0;0.16800000000000012;12.0;1.0;Now
13:02:56 03/06/2020;Wednesday;0.1674;0.16800000000000012;1.0;0.4647580015448899;0.9458938342782057;1.0;0.16800000000000012;12.0;1.0;1.0;0.16800000000000012;12.0;1.0;1.0;0.16800000000000012;12.0;1.0;Now
19:45:26 03/06/2020;Wednesday;0.1678;0.16800000000000012;1.0;0.4647580015448899;0.9458938342782057;0.6291898148148148;0.16800000000000012;7.550277777777778;0.6291898148148148;1.0;0.16850000000000012;12.0;1.0;0.6291898148148148;0.16800000000000012;7.550277777777778;0.6291898148148148;Now
03:18:27 04/06/2020;Thursday;0.1683;0.16900000000000012;1.0;0.46368092477478506;0.9322891928579815;0.6180092592592593;0.16900000000000012;7.416111111111111;0.6180092592592593;1.0;0.16950000000000012;12.0;1.0;0.6180092592592593;0.16900000000000012;7.416111111111111;0.6180092592592593;Now
10:43:25 04/06/2020;Thursday;0.1692;0.17000000000000012;1.0;0.462601340248815;0.9186528757761303;1.0;0.17000000000000012;12.0;1.0;1.0;0.17000000000000012;12.0;1.0;1.0;0.17000000000000012;12.0;1.0;Now
16:52:56 04/06/2020;Thursday;0.1693;0.17000000000000012;1.0;0.462601340248815;0.9186528757761303;1.0;0.17000000000000012;12.0;1.0;1.0;0.17000000000000012;12.0;1.0;1.0;0.17000000000000012;12.0;1.0;Now
21:37:55 04/06/2020;Thursday;0.1695;0.17000000000000012;1.0;0.462601340248815;0.9186528757761303;1.0;0.17000000000000012;12.0;1.0;1.0;0.17000000000000012;12.0;1.0;1.0;0.17000000000000012;12.0;1.0;Now
04:21:01 05/06/2020;Friday;0.1694;0.17000000000000012;1.0;0.462601340248815;0.9186528757761303;1.0;0.17000000000000012;12.0;1.0;1.0;0.17000000000000012;12.0;1.0;1.0;0.17000000000000012;12.0;1.0;Now
10:55:27 05/06/2020;Friday;0.1693;0.17000000000000012;1.0;0.462601340248815;0.9186528757761303;1.0;0.17000000000000012;12.0;1.0;1.0;0.17000000000000012;12.0;1.0;1.0;0.17000000000000012;12.0;1.0;Now
17:13:28 05/06/2020;Friday;0.1692;0.17000000000000012;1.0;0.462601340248815;0.9186528757761303;1.0;0.17000000000000012;12.0;1.0;1.0;0.17000000000000012;12.0;1.0;1.0;0.17000000000000012;12.0;1.0;Now
22:40:57 05/06/2020;Friday;0.1695;0.17000000000000012;1.0;0.462601340248815;0.9186528757761303;1.0;0.17000000000000012;12.0;1.0;1.0;0.17000000000000012;12.0;1.0;1.0;0.17000000000000012;12.0;1.0;Now
04:24:57 06/06/2020;Saturday;0.1698;0.17000000000000012;1.0;0.462601340248815;0.9186528757761303;0.6291898148148148;0.17000000000000012;7.550277777777778;0.6291898148148148;1.0;0.17050000000000012;12.0;1.0;0.6291898148148148;0.17000000000000012;7.550277777777778;0.6291898148148148;Now
11:57:58 06/06/2020;Saturday;0.1707;0.17100000000000012;1.0;0.4615192303685729;0.9049846607457914;0.60625;0.17100000000000012;7.275;0.60625;1.0;0.17150000000000012;12.0;1.0;0.60625;0.17100000000000012;7.275;0.60625;Now
19:14:28 06/06/2020;Saturday;0.1718;0.17200000000000013;1.0;0.4604345773288534;0.8912843228680152;0.6062268518518519;0.17200000000000013;7.2747222222222225;0.6062268518518519;1.0;0.17250000000000013;12.0;1.0;0.6062268518518519;0.17200000000000013;7.2747222222222225;0.6062268518518519;Now
02:30:57 07/06/2020;Sunday;0.1722;0.17300000000000013;1.0;0.4593473631142339;0.8775516345885814;1.0;0.17300000000000013;12.0;1.0;1.0;0.17300000000000013;12.0;1.0;1.0;0.17300000000000013;12.0;1.0;Now
08:23:58 07/06/2020;Sunday;0.1728;0.17300000000000013;1.0;0.4593473631142339;0.8775516345885814;0.5479166666666667;0.17300000000000013;6.575;0.5479166666666667;1.0;0.17350000000000013;12.0;1.0;0.5479166666666667;0.17300000000000013;6.575;0.5479166666666667;Now
14:58:28 07/06/2020;Sunday;0.1736;0.17400000000000013;1.0;0.4582575694955839;0.8637863656539081;0.4777777777777778;0.17400000000000013;5.733333333333333;0.4777777777777778;1.0;0.17450000000000013;12.0;1.0;1.0;0.17450000000000013;12.0;1.0;Now
20:42:28 07/06/2020;Sunday;0.1743;0.17500000000000013;1.0;0.4571651780264983;0.8499882830660023;1.0;0.17500000000000013;12.0;1.0;1.0;0.17500000000000013;12.0;1.0;1.0;0.17500000000000013;12.0;1.0;Now
03:33:58 08/06/2020;Monday;0.175;0.17500000000000013;1.0;0.4571651780264983;0.8499882830660023;0.5125;0.17500000000000013;6.15;0.5125;1.0;0.17550000000000013;12.0;1.0;0.5125;0.17500000000000013;6.15;0.5125;Now
09:42:58 08/06/2020;Monday;0.1754;0.17600000000000013;1.0;0.45607017003965505;0.8361571510364495;0.5013657407407407;0.17600000000000013;6.016388888888889;0.5013657407407407;1.0;0.17666666666666678;12.0;1.0;0.5013657407407407;0.17600000000000013;6.016388888888889;0.5013657407407407;Now
15:43:57 08/06/2020;Monday;0.1763;0.17700000000000013;1.0;0.4549725266430929;0.8222927309394013;1.0;0.17700000000000013;12.0;1.0;1.0;0.17700000000000013;12.0;1.0;1.0;0.17700000000000013;12.0;1.0;Now
20:29:29 08/06/2020;Monday;0.1768;0.17700000000000013;1.0;0.4549725266430929;0.8222927309394013;0.6062268518518519;0.17700000000000013;7.2747222222222225;0.6062268518518519;1.0;0.17750000000000013;12.0;1.0;0.6062268518518519;0.17700000000000013;7.2747222222222225;0.6062268518518519;Now
03:45:58 09/06/2020;Tuesday;0.1774;0.17800000000000013;1.0;0.45387222871640853;0.8083947812635391;0.8631944444444445;0.17800000000000013;10.358333333333333;0.8631944444444445;1.0;0.17833333333333345;12.0;1.0;0.8631944444444445;0.17800000000000013;10.358333333333333;0.8631944444444445;Now
08:31:30 09/06/2020;Tuesday;0.178;0.17800000000000013;1.0;0.45387222871640853;0.8083947812635391;0.46662037037037035;0.17800000000000013;5.599444444444444;0.46662037037037035;1.0;0.17866666666666678;12.0;1.0;0.46662037037037035;0.17800000000000013;5.599444444444444;0.46662037037037035;Now
14:07:28 09/06/2020;Tuesday;0.1783;0.17900000000000013;1.0;0.4527692569068707;0.794463057562992;1.0;0.17900000000000013;12.0;1.0;1.0;0.17900000000000013;12.0;1.0;1.0;0.17900000000000013;12.0;1.0;Now
19:17:57 09/06/2020;Tuesday;0.1784;0.17900000000000013;1.0;0.4527692569068707;0.794463057562992;1.0;0.17900000000000013;12.0;1.0;1.0;0.17900000000000013;12.0;1.0;1.0;0.17900000000000013;12.0;1.0;Now
01:52:30 10/06/2020;Wednesday;0.1782;0.17900000000000013;1.0;0.4527692569068707;0.794463057562992;1.0;0.17900000000000013;12.0;1.0;1.0;0.17900000000000013;12.0;1.0;1.0;0.17900000000000013;12.0;1.0;Now
09:08:58 10/06/2020;Wednesday;0.1785;0.17900000000000013;1.0;0.4527692569068707;0.794463057562992;0.4783101851851852;0.17900000000000013;5.739722222222222;0.4783101851851852;1.0;0.17950000000000013;12.0;1.0;1.0;0.17933333333333346;12.0;1.0;Now
10:16:38 10/06/2020;Wednesday;0.1785;0.17900000000000013;1.0;0.4527692569068707;0.794463057562992;0.3843287037037037;0.17900000000000013;4.611944444444444;0.3843287037037037;1.0;0.17966666666666678;12.0;1.0;1.0;0.17950000000000013;12.0;1.0;Now
14:53:21 10/06/2020;Wednesday;0.1793;0.18000000000000013;1.0;0.45166359162544845;0.7804973124071688;1.0;0.18000000000000013;12.0;1.0;1.0;0.18000000000000013;12.0;1.0;1.0;0.18000000000000013;12.0;1.0;Now
20:04:21 10/06/2020;Wednesday;0.1797;0.18000000000000013;1.0;0.45166359162544845;0.7804973124071688;1.0;0.18000000000000013;12.0;1.0;1.0;0.18000000000000013;12.0;1.0;1.0;0.18000000000000013;12.0;1.0;Now
01:26:56 11/06/2020;Thursday;0.1794;0.18000000000000013;1.0;0.45166359162544845;0.7804973124071688;1.0;0.18000000000000013;12.0;1.0;1.0;0.18000000000000013;12.0;1.0;1.0;0.18000000000000013;12.0;1.0;Now
06:20:50 11/06/2020;Thursday;0.1791;0.18000000000000013;1.0;0.45166359162544845;0.7804973124071688;1.0;0.18000000000000013;12.0;1.0;1.0;0.18000000000000013;12.0;1.0;1.0;0.18000000000000013;12.0;1.0;Now
13:37:22 11/06/2020;Thursday;0.1792;0.18000000000000013;1.0;0.45166359162544845;0.7804973124071688;1.0;0.18000000000000013;12.0;1.0;1.0;0.18000000000000013;12.0;1.0;1.0;0.18000000000000013;12.0;1.0;Now
17:41:29 11/06/2020;Thursday;0.1792;0.18000000000000013;1.0;0.45166359162544845;0.7804973124071688;1.0;0.18000000000000013;12.0;1.0;1.0;0.18000000000000013;12.0;1.0;1.0;0.18000000000000013;12.0;1.0;Now
18:31:11 11/06/2020;Thursday;0.1796;0.18000000000000013;1.0;0.45166359162544845;0.7804973124071688;1.0;0.18000000000000013;12.0;1.0;1.0;0.18000000000000013;12.0;1.0;1.0;0.18000000000000013;12.0;1.0;Now
01:56:24 12/06/2020;Friday;0.18;0.18000000000000013;1.0;0.45166359162544845;0.7804973124071688;1.0;0.18000000000000013;12.0;1.0;1.0;0.18000000000000013;12.0;1.0;1.0;0.18000000000000013;12.0;1.0;Now
07:32:14 12/06/2020;Friday;0.1796;0.18000000000000013;1.0;0.45166359162544845;0.7804973124071688;1.0;0.18000000000000013;12.0;1.0;1.0;0.18000000000000013;12.0;1.0;1.0;0.18000000000000013;12.0;1.0;Now
13:07:57 12/06/2020;Friday;0.1798;0.18000000000000013;1.0;0.45166359162544845;0.7804973124071688;1.0;0.18000000000000013;12.0;1.0;1.0;0.18000000000000013;12.0;1.0;1.0;0.18000000000000013;12.0;1.0;Now
17:45:28 12/06/2020;Friday;0.18;0.18000000000000013;1.0;0.45166359162544845;0.7804973124071688;1.0;0.18000000000000013;12.0;1.0;1.0;0.18000000000000013;12.0;1.0;1.0;0.18000000000000013;12.0;1.0;Now
00:11:28 13/06/2020;Saturday;0.1798;0.18000000000000013;1.0;0.45166359162544845;0.7804973124071688;1.0;0.18000000000000013;12.0;1.0;1.0;0.18000000000000013;12.0;1.0;1.0;0.18000000000000013;12.0;1.0;Now
05:05:27 13/06/2020;Saturday;0.1797;0.18000000000000013;1.0;0.45166359162544845;0.7804973124071688;1.0;0.18000000000000013;12.0;1.0;1.0;0.18000000000000013;12.0;1.0;1.0;0.18000000000000013;12.0;1.0;Now
10:49:57 13/06/2020;Saturday;0.1794;0.18000000000000013;1.0;0.45166359162544845;0.7804973124071688;1.0;0.18000000000000013;12.0;1.0;1.0;0.18000000000000013;12.0;1.0;1.0;0.18000000000000013;12.0;1.0;Now
15:26:58 13/06/2020;Saturday;0.1792;0.18000000000000013;1.0;0.45166359162544845;0.7804973124071688;1.0;0.18000000000000013;12.0;1.0;1.0;0.18000000000000013;12.0;1.0;1.0;0.18000000000000013;12.0;1.0;Now
21:19:30 13/06/2020;Saturday;0.1789;0.18000000000000013;1.0;0.45166359162544845;0.7804973124071688;1.0;0.18000000000000013;12.0;1.0;1.0;0.18000000000000013;12.0;1.0;1.0;0.18000000000000013;12.0;1.0;Now
09:55:29 14/06/2020;Sunday;0.1788;0.17900000000000013;1.0;0.4527692569068707;0.794463057562992;1.0;0.17900000000000013;12.0;1.0;1.0;0.17900000000000013;12.0;1.0;1.0;0.17900000000000013;12.0;1.0;Now
15:05:59 14/06/2020;Sunday;0.1787;0.17900000000000013;1.0;0.4527692569068707;0.794463057562992;1.0;0.17900000000000013;12.0;1.0;1.0;0.17900000000000013;12.0;1.0;1.0;0.17900000000000013;12.0;1.0;Now
21:23:58 14/06/2020;Sunday;0.1785;0.17900000000000013;1.0;0.4527692569068707;0.794463057562992;1.0;0.17900000000000013;12.0;1.0;1.0;0.17900000000000013;12.0;1.0;1.0;0.17900000000000013;12.0;1.0;Now
04:40:28 15/06/2020;Monday;0.1781;0.17900000000000013;1.0;0.4527692569068707;0.794463057562992;1.0;0.17900000000000013;12.0;1.0;1.0;0.17900000000000013;12.0;1.0;1.0;0.17900000000000013;12.0;1.0;Now
11:40:29 15/06/2020;Monday;0.1783;0.17900000000000013;1.0;0.4527692569068707;0.794463057562992;1.0;0.17900000000000013;12.0;1.0;1.0;0.17900000000000013;12.0;1.0;1.0;0.17900000000000013;12.0;1.0;Now
16:51:00 15/06/2020;Monday;0.1784;0.17900000000000013;1.0;0.4527692569068707;0.794463057562992;1.0;0.17900000000000013;12.0;1.0;1.0;0.17900000000000013;12.0;1.0;1.0;0.17900000000000013;12.0;1.0;Now
03:45:06 16/06/2020;Tuesday;0.1782;0.17900000000000013;1.0;0.4527692569068707;0.794463057562992;1.0;0.17900000000000013;12.0;1.0;1.0;0.17900000000000013;12.0;1.0;1.0;0.17900000000000013;12.0;1.0;Now
09:29:33 16/06/2020;Tuesday;0.178;0.17900000000000013;1.0;0.4527692569068707;0.794463057562992;1.0;0.17900000000000013;12.0;1.0;1.0;0.17900000000000013;12.0;1.0;1.0;0.17900000000000013;12.0;1.0;Now
16:40:36 16/06/2020;Tuesday;0.1785;0.17900000000000013;1.0;0.4527692569068707;0.794463057562992;1.0;0.17900000000000013;12.0;1.0;1.0;0.17900000000000013;12.0;1.0;1.0;0.17900000000000013;12.0;1.0;Now
22:44:05 16/06/2020;Tuesday;0.1784;0.17900000000000013;1.0;0.4527692569068707;0.794463057562992;1.0;0.17900000000000013;12.0;1.0;1.0;0.17900000000000013;12.0;1.0;1.0;0.17900000000000013;12.0;1.0;Now
10:12:34 17/06/2020;Wednesday;0.1788;0.17900000000000013;1.0;0.4527692569068707;0.794463057562992;0.5599305555555556;0.17900000000000013;6.719166666666666;0.5599305555555556;1.0;0.17950000000000013;12.0;1.0;0.5599305555555556;0.17900000000000013;6.719166666666666;0.5599305555555556;Now
15:02:48 17/06/2020;Wednesday;0.1788;0.17900000000000013;1.0;0.4527692569068707;0.794463057562992;0.1568287037037037;0.17900000000000013;1.8819444444444444;0.1568287037037037;1.0;0.17980000000000013;12.0;1.0;1.0;0.17950000000000013;12.0;1.0;Now
16:55:43 17/06/2020;Wednesday;0.1793;0.18000000000000013;1.0;0.45166359162544845;0.7804973124071688;1.0;0.18000000000000013;12.0;1.0;1.0;0.18000000000000013;12.0;1.0;1.0;0.18000000000000013;12.0;1.0;Now
21:33:14 17/06/2020;Wednesday;0.1795;0.18000000000000013;1.0;0.45166359162544845;0.7804973124071688;0.9319212962962963;0.18000000000000013;11.183055555555555;0.9319212962962963;1.0;0.18020000000000014;12.0;1.0;0.9319212962962963;0.18000000000000013;11.183055555555555;0.9319212962962963;Now
22:25:42 17/06/2020;Wednesday;0.1795;0.18000000000000013;1.0;0.45166359162544845;0.7804973124071688;0.8590509259259259;0.18000000000000013;10.30861111111111;0.8590509259259259;1.0;0.18025000000000013;12.0;1.0;0.8590509259259259;0.18000000000000013;10.30861111111111;0.8590509259259259;Now
22:55:13 17/06/2020;Wednesday;0.1795;0.18000000000000013;1.0;0.45166359162544845;0.7804973124071688;0.8180555555555555;0.18000000000000013;9.816666666666666;0.8180555555555555;1.0;0.18033333333333346;12.0;1.0;0.8180555555555555;0.18000000000000013;9.816666666666666;0.8180555555555555;Now
04:07:14 18/06/2020;Thursday;0.1797;0.18000000000000013;1.0;0.45166359162544845;0.7804973124071688;0.38469907407407405;0.18000000000000013;4.616388888888889;0.38469907407407405;1.0;0.18066666666666678;12.0;1.0;1.0;0.18050000000000013;12.0;1.0;Now
08:44:13 18/06/2020;Thursday;0.1801;0.18100000000000013;1.0;0.45055521304275226;0.7664972953294906;1.0;0.18100000000000013;12.0;1.0;1.0;0.18100000000000013;12.0;1.0;1.0;0.18100000000000013;12.0;1.0;Now
15:27:14 18/06/2020;Thursday;0.1803;0.18100000000000013;1.0;0.45055521304275226;0.7664972953294906;1.0;0.18100000000000013;12.0;1.0;1.0;0.18100000000000013;12.0;1.0;1.0;0.18100000000000013;12.0;1.0;Now
22:01:45 18/06/2020;Thursday;0.1807;0.18100000000000013;1.0;0.45055521304275226;0.7664972953294906;0.9916203703703703;0.18100000000000013;11.899444444444445;0.9916203703703703;1.0;0.18150000000000013;12.0;1.0;0.9916203703703703;0.18100000000000013;11.899444444444445;0.9916203703703703;Now
09:55:43 19/06/2020;Friday;0.1811;0.18200000000000013;1.0;0.4494441010848845;0.7524627527749768;1.0;0.18200000000000013;12.0;1.0;1.0;0.18200000000000013;12.0;1.0;1.0;0.18200000000000013;12.0;1.0;Now
15:14:14 19/06/2020;Friday;0.1814;0.18200000000000013;1.0;0.4494441010848845;0.7524627527749768;1.0;0.18200000000000013;12.0;1.0;1.0;0.18200000000000013;12.0;1.0;1.0;0.18200000000000013;12.0;1.0;Now
21:57:17 19/06/2020;Friday;0.1815;0.18200000000000013;1.0;0.4494441010848845;0.7524627527749768;1.0;0.18200000000000013;12.0;1.0;1.0;0.18200000000000013;12.0;1.0;1.0;0.18200000000000013;12.0;1.0;Now
09:09:14 20/06/2020;Saturday;0.1817;0.18200000000000013;1.0;0.4494441010848845;0.7524627527749768;1.0;0.18200000000000013;12.0;1.0;1.0;0.18200000000000013;12.0;1.0;1.0;0.18200000000000013;12.0;1.0;Now
14:03:15 20/06/2020;Saturday;0.1815;0.18200000000000013;1.0;0.4494441010848845;0.7524627527749768;1.0;0.18200000000000013;12.0;1.0;1.0;0.18200000000000013;12.0;1.0;1.0;0.18200000000000013;12.0;1.0;Now
21:27:43 20/06/2020;Saturday;0.181;0.18200000000000013;1.0;0.4494441010848845;0.7524627527749768;1.0;0.18200000000000013;12.0;1.0;1.0;0.18133333333333346;12.0;1.0;1.0;0.18150000000000013;12.0;1.0;Now
02:05:14 21/06/2020;Sunday;0.1808;0.18100000000000013;1.0;0.45055521304275226;0.7664972953294906;1.0;0.18100000000000013;12.0;1.0;1.0;0.18100000000000013;12.0;1.0;1.0;0.18100000000000013;12.0;1.0;Now
09:21:53 21/06/2020;Sunday;0.1806;0.18100000000000013;1.0;0.45055521304275226;0.7664972953294906;1.0;0.18100000000000013;12.0;1.0;1.0;0.18100000000000013;12.0;1.0;1.0;0.18100000000000013;12.0;1.0;Now
19:26:07 21/06/2020;Sunday;0.1804;0.18100000000000013;1.0;0.45055521304275226;0.7664972953294906;1.0;0.18100000000000013;12.0;1.0;1.0;0.18100000000000013;12.0;1.0;1.0;0.18100000000000013;12.0;1.0;Now
00:53:37 22/06/2020;Monday;0.1802;0.18100000000000013;1.0;0.45055521304275226;0.7664972953294906;1.0;0.18100000000000013;12.0;1.0;1.0;0.18100000000000013;12.0;1.0;1.0;0.18100000000000013;12.0;1.0;Now
07:36:37 22/06/2020;Monday;0.1806;0.18100000000000013;1.0;0.45055521304275226;0.7664972953294906;0.5014351851851852;0.18100000000000013;6.017222222222222;0.5014351851851852;1.0;0.18166666666666678;12.0;1.0;0.5014351851851852;0.18100000000000013;6.017222222222222;0.5014351851851852;Now
13:37:39 22/06/2020;Monday;0.1811;0.18200000000000013;1.0;0.4494441010848845;0.7524627527749768;0.8158101851851852;0.18200000000000013;9.789722222222222;0.8158101851851852;1.0;0.18233333333333346;12.0;1.0;0.8158101851851852;0.18200000000000013;9.789722222222222;0.8158101851851852;Now
18:23:07 22/06/2020;Monday;0.1814;0.18200000000000013;1.0;0.4494441010848845;0.7524627527749768;0.41932870370370373;0.18200000000000013;5.031944444444444;0.41932870370370373;1.0;0.18266666666666678;12.0;1.0;0.41932870370370373;0.18200000000000013;5.031944444444444;0.41932870370370373;Now
23:25:02 22/06/2020;Monday;0.1822;0.18300000000000013;1.0;0.44833023542919775;0.7383934280466699;1.0;0.18300000000000013;12.0;1.0;1.0;0.18300000000000013;12.0;1.0;1.0;0.18300000000000013;12.0;1.0;Now
05:01:03 23/06/2020;Tuesday;0.1823;0.18300000000000013;1.0;0.44833023542919775;0.7383934280466699;0.9687037037037037;0.18300000000000013;11.624444444444444;0.9687037037037037;1.0;0.18333333333333346;12.0;1.0;0.9687037037037037;0.18300000000000013;11.624444444444444;0.9687037037037037;Now
09:47:03 23/06/2020;Tuesday;0.183;0.18300000000000013;1.0;0.44833023542919775;0.7383934280466699;0.5714814814814815;0.18300000000000013;6.857777777777778;0.5714814814814815;1.0;0.18400000000000014;12.0;1.0;0.5714814814814815;0.18300000000000013;6.857777777777778;0.5714814814814815;Now
16:38:31 23/06/2020;Tuesday;0.1837;0.18400000000000014;1.0;0.4472135954999578;0.7242890612508514;0.38472222222222224;0.18400000000000014;4.616666666666666;0.38472222222222224;1.0;0.18500000000000014;12.0;1.0;0.9188425925925926;0.18450000000000014;11.026111111111112;0.9188425925925926;Now
21:15:31 23/06/2020;Tuesday;0.1844;0.18500000000000014;1.0;0.4460941604639091;0.7101493892410312;0.5341203703703704;0.18500000000000014;6.4094444444444445;0.5341203703703704;1.0;0.18550000000000014;12.0;1.0;0.5341203703703704;0.18500000000000014;6.4094444444444445;0.5341203703703704;Now
03:40:05 24/06/2020;Wednesday;0.1852;0.18600000000000014;1.0;0.44497190922573965;0.6959741455606646;1.0;0.18600000000000014;12.0;1.0;1.0;0.18600000000000014;12.0;1.0;1.0;0.18600000000000014;12.0;1.0;Now
10:31:33 24/06/2020;Wednesday;0.1849;0.18600000000000014;1.0;0.44497190922573965;0.6959741455606646;1.0;0.18600000000000014;12.0;1.0;1.0;0.18550000000000014;12.0;1.0;1.0;0.18600000000000014;12.0;1.0;Now
17:22:57 24/06/2020;Wednesday;0.1844;0.18500000000000014;1.0;0.4460941604639091;0.7101493892410312;1.0;0.18500000000000014;12.0;1.0;1.0;0.18500000000000014;12.0;1.0;1.0;0.18500000000000014;12.0;1.0;Now
23:15:57 24/06/2020;Wednesday;0.1842;0.18500000000000014;1.0;0.4460941604639091;0.7101493892410312;1.0;0.18500000000000014;12.0;1.0;1.0;0.18500000000000014;12.0;1.0;1.0;0.18500000000000014;12.0;1.0;Now
06:23:57 25/06/2020;Thursday;0.1839;0.18500000000000014;1.0;0.4460941604639091;0.7101493892410312;1.0;0.18500000000000014;12.0;1.0;1.0;0.18500000000000014;12.0;1.0;1.0;0.18500000000000014;12.0;1.0;Now
11:09:29 25/06/2020;Thursday;0.1841;0.18500000000000014;1.0;0.4460941604639091;0.7101493892410312;1.0;0.18500000000000014;12.0;1.0;1.0;0.18500000000000014;12.0;1.0;1.0;0.18500000000000014;12.0;1.0;Now
17:18:56 25/06/2020;Thursday;0.1844;0.18500000000000014;1.0;0.4460941604639091;0.7101493892410312;1.0;0.18500000000000014;12.0;1.0;1.0;0.18500000000000014;12.0;1.0;1.0;0.18500000000000014;12.0;1.0;Now
22:04:57 25/06/2020;Thursday;0.1843;0.18500000000000014;1.0;0.4460941604639091;0.7101493892410312;1.0;0.18500000000000014;12.0;1.0;1.0;0.18500000000000014;12.0;1.0;1.0;0.18500000000000014;12.0;1.0;Now
11:05:57 26/06/2020;Friday;0.184;0.18400000000000014;1.0;0.4472135954999578;0.7242890612508514;0.4548611111111111;0.18400000000000014;5.458333333333333;0.4548611111111111;1.0;0.18466666666666678;12.0;1.0;0.4548611111111111;0.18400000000000014;5.458333333333333;0.4548611111111111;Now
16:33:27 26/06/2020;Friday;0.1842;0.18500000000000014;1.0;0.4460941604639091;0.7101493892410312;1.0;0.18500000000000014;12.0;1.0;1.0;0.18500000000000014;12.0;1.0;1.0;0.18500000000000014;12.0;1.0;Now
21:10:26 26/06/2020;Friday;0.1844;0.18500000000000014;1.0;0.4460941604639091;0.7101493892410312;1.0;0.18500000000000014;12.0;1.0;1.0;0.18500000000000014;12.0;1.0;1.0;0.18500000000000014;12.0;1.0;Now
02:54:57 27/06/2020;Saturday;0.1845;0.18500000000000014;1.0;0.4460941604639091;0.7101493892410312;1.0;0.18500000000000014;12.0;1.0;1.0;0.18500000000000014;12.0;1.0;1.0;0.18500000000000014;12.0;1.0;Now
09:12:28 27/06/2020;Saturday;0.184;0.18500000000000014;1.0;0.4460941604639091;0.7101493892410312;1.0;0.18500000000000014;12.0;1.0;1.0;0.18500000000000014;12.0;1.0;1.0;0.18500000000000014;12.0;1.0;Now
15:30:27 27/06/2020;Saturday;0.1842;0.18500000000000014;1.0;0.4460941604639091;0.7101493892410312;1.0;0.18500000000000014;12.0;1.0;1.0;0.18500000000000014;12.0;1.0;1.0;0.18500000000000014;12.0;1.0;Now
22:55:57 27/06/2020;Saturday;0.1843;0.18500000000000014;1.0;0.4460941604639091;0.7101493892410312;1.0;0.18500000000000014;12.0;1.0;1.0;0.18500000000000014;12.0;1.0;1.0;0.18500000000000014;12.0;1.0;Now
12:05:19 28/06/2020;Sunday;0.1842;0.18500000000000014;1.0;0.4460941604639091;0.7101493892410312;1.0;0.18500000000000014;12.0;1.0;1.0;0.18500000000000014;12.0;1.0;1.0;0.18500000000000014;12.0;1.0;Now
16:50:57 28/06/2020;Sunday;0.1841;0.18500000000000014;1.0;0.4460941604639091;0.7101493892410312;1.0;0.18500000000000014;12.0;1.0;1.0;0.18500000000000014;12.0;1.0;1.0;0.18500000000000014;12.0;1.0;Now
23:16:51 28/06/2020;Sunday;0.184;0.18500000000000014;1.0;0.4460941604639091;0.7101493892410312;1.0;0.18500000000000014;12.0;1.0;1.0;0.18450000000000014;12.0;1.0;1.0;0.18500000000000014;12.0;1.0;Now
06:00:20 29/06/2020;Monday;0.1833;0.18400000000000014;1.0;0.4472135954999578;0.7242890612508514;1.0;0.18400000000000014;12.0;1.0;1.0;0.18400000000000014;12.0;1.0;1.0;0.18400000000000014;12.0;1.0;Now
12:26:18 29/06/2020;Monday;0.182;0.18400000000000014;1.0;0.4472135954999578;0.7242890612508514;1.0;0.18400000000000014;12.0;1.0;1.0;0.18350000000000014;12.0;1.0;1.0;0.18400000000000014;12.0;1.0;Now
00:08:16 30/06/2020;Tuesday;0.1821;0.18300000000000013;1.0;0.44833023542919775;0.7383934280466699;1.0;0.18300000000000013;12.0;1.0;1.0;0.18300000000000013;12.0;1.0;1.0;0.18300000000000013;12.0;1.0;Now
06:26:46 30/06/2020;Tuesday;0.182;0.18300000000000013;1.0;0.44833023542919775;0.7383934280466699;1.0;0.18300000000000013;12.0;1.0;1.0;0.18250000000000013;12.0;1.0;1.0;0.18300000000000013;12.0;1.0;Now
13:18:16 30/06/2020;Tuesday;0.1819;0.18200000000000013;1.0;0.4494441010848845;0.7524627527749768;;;;;;;;;;;;;Now
20:23:47 30/06/2020;Tuesday;0.182;0.18200000000000013;1.0;0.4494441010848845;0.7524627527749768;;;;;;;;;;;;;Now
20:44:51 30/06/2020;Tuesday;0.182;0.18200000000000013;1.0;0.4494441010848845;0.7524627527749768;;;;;;;;;;;;;Now
