19:10:57 01/07/2020;Wednesday;0.6528;0.6530000000000005;1.0;1.2340988615179902;1.0;1.0;0.6530000000000005;12.0;1.0;1.0;0.6530000000000005;12.0;1.0;1.0;0.6530000000000005;12.0;1.0;Now
19:11:31 02/07/2020;Thursday;0.6528;0.6530000000000005;1.0;1.2340988615179902;1.0;1.0;0.6530000000000005;12.0;1.0;1.0;0.6530000000000005;12.0;1.0;1.0;0.6530000000000005;12.0;1.0;Now
21:23:49 02/07/2020;Thursday;0.6528;0.6530000000000005;1.0;1.2340988615179902;1.0;1.0;0.6530000000000005;12.0;1.0;1.0;0.6530000000000005;12.0;1.0;1.0;0.6530000000000005;12.0;1.0;Now
21:23:55 03/07/2020;Friday;0.6528;0.6530000000000005;1.0;1.2340988615179902;1.0;1.0;0.6530000000000005;12.0;1.0;1.0;0.6530000000000005;12.0;1.0;1.0;0.6530000000000005;12.0;1.0;Now
21:24:16 04/07/2020;Saturday;0.6528;0.6530000000000005;1.0;1.2340988615179902;1.0;1.0;0.6530000000000005;12.0;1.0;1.0;0.6530000000000005;12.0;1.0;1.0;0.6530000000000005;12.0;1.0;Now
21:24:49 05/07/2020;Sunday;0.6528;0.6530000000000005;1.0;1.2340988615179902;1.0;1.0;0.6530000000000005;12.0;1.0;1.0;0.6530000000000005;12.0;1.0;1.0;0.6530000000000005;12.0;1.0;Now
21:25:08 06/07/2020;Monday;0.6528;0.6530000000000005;1.0;1.2340988615179902;1.0;1.0;0.6530000000000005;12.0;1.0;1.0;0.6530000000000005;12.0;1.0;1.0;0.6530000000000005;12.0;1.0;Now
21:25:15 07/07/2020;Tuesday;0.6528;0.6530000000000005;1.0;1.2340988615179902;1.0;1.0;0.6530000000000005;12.0;1.0;1.0;0.6530000000000005;12.0;1.0;1.0;0.6530000000000005;12.0;1.0;Now
21:25:48 08/07/2020;Wednesday;0.6528;0.6530000000000005;1.0;1.2340988615179902;1.0;1.0;0.6530000000000005;12.0;1.0;1.0;0.6530000000000005;12.0;1.0;1.0;0.6530000000000005;12.0;1.0;Now
21:26:03 09/07/2020;Thursday;0.6528;0.6530000000000005;1.0;1.2340988615179902;1.0;1.0;0.6530000000000005;12.0;1.0;1.0;0.6530000000000005;12.0;1.0;1.0;0.6530000000000005;12.0;1.0;Now
21:27:02 10/07/2020;Friday;0.6528;0.6530000000000005;1.0;1.2340988615179902;1.0;1.0;0.6530000000000005;12.0;1.0;1.0;0.6530000000000005;12.0;1.0;1.0;0.6530000000000005;12.0;1.0;Now
21:27:31 11/07/2020;Saturday;0.6528;0.6530000000000005;1.0;1.2340988615179902;1.0;1.0;0.6530000000000005;12.0;1.0;1.0;0.6530000000000005;12.0;1.0;1.0;0.6530000000000005;12.0;1.0;Now
21:28:02 12/07/2020;Sunday;0.6528;0.6530000000000005;1.0;1.2340988615179902;1.0;1.0;0.6530000000000005;12.0;1.0;1.0;0.6530000000000005;12.0;1.0;1.0;0.6530000000000005;12.0;1.0;Now
21:28:31 13/07/2020;Monday;0.6528;0.6530000000000005;1.0;1.2340988615179902;1.0;1.0;0.6530000000000005;12.0;1.0;1.0;0.6530000000000005;12.0;1.0;1.0;0.6530000000000005;12.0;1.0;Now
21:28:51 14/07/2020;Tuesday;0.6528;0.6530000000000005;1.0;1.2340988615179902;1.0;1.0;0.6530000000000005;12.0;1.0;1.0;0.6530000000000005;12.0;1.0;1.0;0.6530000000000005;12.0;1.0;Now
21:29:25 15/07/2020;Wednesday;0.6528;0.6530000000000005;1.0;1.2340988615179902;1.0;1.0;0.6530000000000005;12.0;1.0;1.0;0.6530000000000005;12.0;1.0;1.0;0.6530000000000005;12.0;1.0;Now
21:29:39 16/07/2020;Thursday;0.6528;0.6530000000000005;1.0;1.2340988615179902;1.0;1.0;0.6530000000000005;12.0;1.0;1.0;0.6530000000000005;12.0;1.0;1.0;0.6530000000000005;12.0;1.0;Now
21:29:53 17/07/2020;Friday;0.6528;0.6530000000000005;1.0;1.2340988615179902;1.0;1.0;0.6530000000000005;12.0;1.0;1.0;0.6530000000000005;12.0;1.0;1.0;0.6530000000000005;12.0;1.0;Now
21:30:10 18/07/2020;Saturday;0.6528;0.6530000000000005;1.0;1.2340988615179902;1.0;1.0;0.6530000000000005;12.0;1.0;1.0;0.6530000000000005;12.0;1.0;1.0;0.6530000000000005;12.0;1.0;Now
21:30:48 19/07/2020;Sunday;0.6528;0.6530000000000005;1.0;1.2340988615179902;1.0;1.0;0.6530000000000005;12.0;1.0;1.0;0.6530000000000005;12.0;1.0;1.0;0.6530000000000005;12.0;1.0;Now
21:31:02 20/07/2020;Monday;0.6528;0.6530000000000005;1.0;1.2340988615179902;1.0;1.0;0.6530000000000005;12.0;1.0;1.0;0.6530000000000005;12.0;1.0;1.0;0.6530000000000005;12.0;1.0;Now
21:45:34 20/07/2020;Monday;0.6528;0.6530000000000005;1.0;1.2340988615179902;1.0;1.0;0.6530000000000005;12.0;1.0;1.0;0.6530000000000005;12.0;1.0;1.0;0.6530000000000005;12.0;1.0;Now
21:45:56 21/07/2020;Tuesday;0.6528;0.6530000000000005;1.0;1.2340988615179902;1.0;1.0;0.6530000000000005;12.0;1.0;1.0;0.6530000000000005;12.0;1.0;1.0;0.6530000000000005;12.0;1.0;Now
21:46:42 22/07/2020;Wednesday;0.6528;0.6530000000000005;1.0;1.2340988615179902;1.0;1.0;0.6530000000000005;12.0;1.0;1.0;0.6530000000000005;12.0;1.0;1.0;0.6530000000000005;12.0;1.0;Now
21:47:04 23/07/2020;Thursday;0.6528;0.6530000000000005;1.0;1.2340988615179902;1.0;0.18087962962962964;0.6530000000000005;2.1705555555555556;0.18087962962962964;1.0;0.6556666666666672;12.0;1.0;0.729212962962963;0.6540000000000005;8.750555555555556;0.729212962962963;Now
23:57:18 23/07/2020;Thursday;0.655;0.6550000000000005;1.0;1.2332882874656679;0.98775470893843;0.5483333333333333;0.6550000000000005;6.58;0.5483333333333333;1.0;0.6570000000000005;12.0;1.0;0.5483333333333333;0.6550000000000005;6.58;0.5483333333333333;Now
06:32:06 24/07/2020;Friday;0.6589;0.6590000000000005;1.0;1.2316655390161728;0.9632399505066157;0.9813657407407408;0.6590000000000005;11.776388888888889;0.9813657407407408;1.0;0.6616666666666672;12.0;1.0;0.9813657407407408;0.6590000000000005;11.776388888888889;0.9813657407407408;Now
12:16:14 24/07/2020;Friday;0.658;0.6590000000000005;1.0;1.2316655390161728;0.9632399505066157;0.5034027777777778;0.6590000000000005;6.0408333333333335;0.5034027777777778;1.0;0.6656666666666672;12.0;1.0;0.5034027777777778;0.6590000000000005;6.0408333333333335;0.5034027777777778;Now
18:18:41 24/07/2020;Friday;0.6662;0.6670000000000005;1.0;1.2284136111261548;0.914113281067321;0.47759259259259257;0.6670000000000005;5.731111111111111;0.47759259259259257;1.0;0.6730000000000005;12.0;1.0;0.47759259259259257;0.6670000000000005;5.731111111111111;0.47759259259259257;Now
00:02:33 25/07/2020;Saturday;0.6705;0.6710000000000005;1.0;1.2267844146385296;0.8895011125303437;0.46835648148148146;0.6710000000000005;5.620277777777778;0.46835648148148146;1.0;0.6813333333333338;12.0;1.0;0.46835648148148146;0.6710000000000005;5.620277777777778;0.46835648148148146;Now
05:39:46 25/07/2020;Saturday;0.6803;0.6810000000000005;1.0;1.2227019260637482;0.8278272152343393;0.4902546296296296;0.6810000000000005;5.883055555555556;0.4902546296296296;1.0;0.6916666666666672;12.0;1.0;0.4902546296296296;0.6810000000000005;5.883055555555556;0.4902546296296296;Now
11:32:45 25/07/2020;Saturday;0.6913;0.6920000000000005;1.0;1.2181953866272845;0.7597472083283237;0.4545138888888889;0.6920000000000005;5.454166666666667;0.4545138888888889;1.0;0.7000000000000005;12.0;1.0;0.4545138888888889;0.6920000000000005;5.454166666666667;0.4545138888888889;Now
17:00:00 25/07/2020;Saturday;0.7011;0.7020000000000005;1.0;1.214084016862095;0.6976370047112141;0.44425925925925924;0.7020000000000005;5.331111111111111;0.44425925925925924;1.0;0.7046666666666672;12.0;1.0;0.44425925925925924;0.7020000000000005;5.331111111111111;0.44425925925925924;Now
22:19:52 25/07/2020;Saturday;0.7056;0.7060000000000005;1.0;1.212435565298214;0.6727339509522259;1.0;0.7060000000000005;12.0;1.0;1.0;0.7060000000000005;12.0;1.0;1.0;0.7060000000000005;12.0;1.0;Now
04:13:35 26/07/2020;Sunday;0.7053;0.7060000000000005;1.0;1.212435565298214;0.6727339509522259;1.0;0.7060000000000005;12.0;1.0;1.0;0.7060000000000005;12.0;1.0;1.0;0.7060000000000005;12.0;1.0;Now
10:57:04 26/07/2020;Sunday;0.7041;0.7060000000000005;1.0;1.212435565298214;0.6727339509522259;1.0;0.7060000000000005;12.0;1.0;1.0;0.7053333333333338;12.0;1.0;1.0;0.7060000000000005;12.0;1.0;Now
17:07:04 26/07/2020;Sunday;0.7045;0.7050000000000005;1.0;1.212847888236608;0.6789628875651511;1.0;0.7050000000000005;12.0;1.0;1.0;0.7050000000000005;12.0;1.0;1.0;0.7050000000000005;12.0;1.0;Now
21:53:18 26/07/2020;Sunday;0.7044;0.7050000000000005;1.0;1.212847888236608;0.6789628875651511;0.9699305555555555;0.7050000000000005;11.639166666666666;0.9699305555555555;1.0;0.7063333333333338;12.0;1.0;0.9699305555555555;0.7050000000000005;11.639166666666666;0.9699305555555555;Now
04:19:42 27/07/2020;Monday;0.7043;0.7050000000000005;1.0;1.212847888236608;0.6789628875651511;0.4332638888888889;0.7050000000000005;5.199166666666667;0.4332638888888889;1.0;0.7070000000000005;12.0;1.0;1.0;0.7070000000000005;12.0;1.0;Now
09:31:39 27/07/2020;Monday;0.7083;0.7090000000000005;1.0;1.211197754291181;0.6540344181743037;0.5836574074074075;0.7090000000000005;7.003888888888889;0.5836574074074075;1.0;0.7103333333333338;12.0;1.0;0.5836574074074075;0.7090000000000005;7.003888888888889;0.5836574074074075;Now
16:31:53 27/07/2020;Monday;0.7108;0.7110000000000005;1.0;1.2103718436910202;0.641557438852269;0.819375;0.7110000000000005;9.8325;0.819375;1.0;0.7115000000000006;12.0;1.0;0.819375;0.7110000000000005;9.8325;0.819375;Now
21:08:28 27/07/2020;Monday;0.7108;0.7110000000000005;1.0;1.2103718436910202;0.641557438852269;0.4352314814814815;0.7110000000000005;5.222777777777778;0.4352314814814815;1.0;0.7122500000000005;12.0;1.0;0.4352314814814815;0.7110000000000005;5.222777777777778;0.4352314814814815;Now
21:43:28 27/07/2020;Monday;0.7109;0.7110000000000005;1.0;1.2103718436910202;0.641557438852269;0.3866203703703704;0.7110000000000005;4.639444444444444;0.3866203703703704;1.0;0.7126666666666672;12.0;1.0;0.3866203703703704;0.7110000000000005;4.639444444444444;0.3866203703703704;Now
02:21:50 28/07/2020;Tuesday;0.7129;0.7130000000000005;1.0;1.209545369136685;0.6290719399101057;0.4626388888888889;0.7130000000000005;4.753611111111111;0.39613425925925927;1.0;0.7136666666666671;12.0;1.0;1.0;0.7135000000000005;12.0;1.0;Now
07:07:03 28/07/2020;Tuesday;0.7135;0.7140000000000005;1.0;1.2091319200153472;0.6228259901225104;1.0;0.7140000000000005;12.0;1.0;1.0;0.7140000000000005;12.0;1.0;1.0;0.7140000000000005;12.0;1.0;Now
13:33:57 28/07/2020;Tuesday;0.7112;0.7140000000000005;1.0;1.2091319200153472;0.6228259901225104;1.0;0.7140000000000005;12.0;1.0;1.0;0.7133333333333338;12.0;1.0;1.0;0.7140000000000005;12.0;1.0;Now
19:06:05 28/07/2020;Tuesday;0.7064;0.7140000000000005;1.0;1.2091319200153472;0.6228259901225104;1.0;0.7140000000000005;12.0;1.0;1.0;0.7130000000000005;12.0;1.0;1.0;0.7130000000000005;12.0;1.0;Now
00:50:37 29/07/2020;Wednesday;0.6984;0.7120000000000005;1.0;1.2099586769803337;0.635315755424563;1.0;0.7120000000000005;12.0;1.0;1.0;0.7055000000000005;12.0;1.0;1.0;0.7120000000000005;12.0;1.0;Now
07:51:00 29/07/2020;Wednesday;0.6955;0.6990000000000005;1.0;1.2153188881935473;0.7162921279956304;1.0;0.6990000000000005;12.0;1.0;1.0;0.6975000000000005;12.0;1.0;1.0;0.6975000000000005;12.0;1.0;Now
13:10:32 29/07/2020;Wednesday;0.6941;0.6960000000000005;1.0;1.2165525060596438;0.7349283152580105;1.0;0.6960000000000005;12.0;1.0;1.0;0.6955000000000005;12.0;1.0;1.0;0.6960000000000005;12.0;1.0;Now
20:36:51 29/07/2020;Wednesday;0.6943;0.6950000000000005;1.0;1.2169634341261037;0.7411361796286419;1.0;0.6950000000000005;12.0;1.0;1.0;0.6950000000000005;12.0;1.0;1.0;0.6950000000000005;12.0;1.0;Now
03:28:59 30/07/2020;Thursday;0.6871;0.6950000000000005;1.0;1.2169634341261037;0.7411361796286419;1.0;0.6950000000000005;12.0;1.0;1.0;0.6915000000000004;12.0;1.0;1.0;0.6950000000000005;12.0;1.0;Now
10:55:20 30/07/2020;Thursday;0.6812;0.6880000000000005;1.0;1.2198360545581524;0.7845326752345246;1.0;0.6880000000000005;12.0;1.0;1.0;0.6840000000000005;12.0;1.0;1.0;0.6880000000000005;12.0;1.0;Now
16:06:38 30/07/2020;Thursday;0.6789;0.6820000000000005;1.0;1.2222929272478016;0.8216484959294782;1.0;0.6820000000000005;12.0;1.0;1.0;0.6810000000000005;12.0;1.0;1.0;0.6820000000000005;12.0;1.0;Now
20:54:19 30/07/2020;Thursday;0.6779;0.6820000000000005;1.0;1.2222929272478016;0.8216484959294782;1.0;0.6820000000000005;12.0;1.0;1.0;0.6805000000000005;12.0;1.0;1.0;0.6820000000000005;12.0;1.0;Now
03:53:29 31/07/2020;Friday;0.6752;0.6790000000000005;1.0;1.2235195135346226;0.8401784575674329;1.0;0.6790000000000005;12.0;1.0;1.0;0.6780000000000005;12.0;1.0;1.0;0.6790000000000005;12.0;1.0;Now
10:37:21 31/07/2020;Friday;0.6768;0.6770000000000005;1.0;1.2243365550370533;0.8525214519896965;0.5490972222222222;0.6770000000000005;6.589166666666666;0.5490972222222222;1.0;0.6787500000000005;12.0;1.0;0.5490972222222222;0.6770000000000005;6.589166666666666;0.5490972222222222;Now
17:12:42 31/07/2020;Friday;0.6776;0.6780000000000005;1.0;1.2239281024635393;0.8463509847347973;0.4207175925925926;0.6780000000000005;5.048611111111111;0.4207175925925926;1.0;0.6800000000000005;12.0;1.0;0.4207175925925926;0.6780000000000005;5.048611111111111;0.4207175925925926;Now
22:15:37 31/07/2020;Friday;0.6792;0.6800000000000005;1.0;1.2231107881136523;0.8340038684232264;0.38569444444444445;0.6800000000000005;4.628333333333333;0.38569444444444445;1.0;0.6806666666666672;12.0;1.0;1.0;0.6806666666666672;12.0;1.0;Now
22:15:37 31/07/2020;Friday;0.6792;0.6800000000000005;1.0;1.2231107881136523;0.8340038684232264;0.38569444444444445;0.6800000000000005;4.628333333333333;0.38569444444444445;1.0;0.6810000000000005;12.0;1.0;1.0;0.6810000000000005;12.0;1.0;Now
02:53:19 01/08/2020;Saturday;0.6813;0.6820000000000005;1.0;1.2222929272478016;0.8216484959294782;1.0;0.6820000000000005;12.0;1.0;1.0;0.6820000000000005;12.0;1.0;1.0;0.6820000000000005;12.0;1.0;Now
10:18:51 01/08/2020;Saturday;0.6801;0.6820000000000005;1.0;1.2222929272478016;0.8216484959294782;0.6184722222222222;0.6820000000000005;7.421666666666667;0.6184722222222222;1.0;0.6835000000000004;12.0;1.0;0.6184722222222222;0.6820000000000005;7.421666666666667;0.6184722222222222;Now
17:44:09 01/08/2020;Saturday;0.685;0.6850000000000005;1.0;1.2210651088291729;0.8030999205540518;0.5137731481481481;0.6850000000000005;6.165277777777778;0.5137731481481481;1.0;0.6885000000000006;12.0;1.0;0.5137731481481481;0.6850000000000005;6.165277777777778;0.5137731481481481;Now
23:54:04 01/08/2020;Saturday;0.6915;0.6920000000000005;1.0;1.2181953866272845;0.7597472083283237;0.5621759259259259;0.6920000000000005;6.746111111111111;0.5621759259259259;1.0;0.6965000000000006;12.0;1.0;0.5621759259259259;0.6920000000000005;6.746111111111111;0.5621759259259259;Now
06:38:50 02/08/2020;Sunday;0.7006;0.7010000000000005;1.0;1.2144957801491119;0.7038574867060972;0.4544675925925926;0.7010000000000005;5.453611111111111;0.4544675925925926;1.0;0.7026666666666671;12.0;1.0;0.4544675925925926;0.7010000000000005;5.453611111111111;0.4544675925925926;Now
12:06:03 02/08/2020;Sunday;0.703;0.7030000000000005;1.0;1.2136721138759017;0.6914144122896876;0.39738425925925924;0.7030000000000005;4.768611111111111;0.39738425925925924;1.0;0.7040000000000005;12.0;1.0;0.9698842592592593;0.7035000000000005;11.63861111111111;0.9698842592592593;Now
16:52:10 02/08/2020;Sunday;0.7036;0.7040000000000005;1.0;1.213260071048248;0.6851897072920424;0.5725;0.7040000000000005;6.87;0.5725;1.0;0.7045000000000006;12.0;1.0;0.5725;0.7040000000000005;6.87;0.5725;Now
23:44:22 02/08/2020;Sunday;0.7042;0.7050000000000005;1.0;1.212847888236608;0.6789628875651511;0.5953935185185185;0.7050000000000005;7.144722222222223;0.5953935185185185;1.0;0.7055000000000005;12.0;1.0;0.5953935185185185;0.7050000000000005;7.144722222222223;0.5953935185185185;Now
06:53:03 03/08/2020;Monday;0.7059;0.7060000000000005;1.0;1.212435565298214;0.6727339509522259;1.0;0.7060000000000005;12.0;1.0;1.0;0.7060000000000005;12.0;1.0;1.0;0.7060000000000005;12.0;1.0;Now
12:46:40 03/08/2020;Monday;0.705;0.7060000000000005;1.0;1.212435565298214;0.6727339509522259;1.0;0.7060000000000005;12.0;1.0;1.0;0.7056666666666672;12.0;1.0;1.0;0.7060000000000005;12.0;1.0;Now
17:58:07 03/08/2020;Monday;0.7031;0.7060000000000005;1.0;1.212435565298214;0.6727339509522259;1.0;0.7060000000000005;12.0;1.0;1.0;0.7050000000000005;12.0;1.0;1.0;0.7055000000000005;12.0;1.0;Now
23:09:43 03/08/2020;Monday;0.6994;0.7050000000000005;1.0;1.212847888236608;0.6789628875651511;1.0;0.7050000000000005;12.0;1.0;1.0;0.7045000000000006;12.0;1.0;1.0;0.7050000000000005;12.0;1.0;Now
05:28:15 04/08/2020;Tuesday;0.7016;0.7040000000000005;1.0;1.213260071048248;0.6851897072920424;1.0;0.7040000000000005;12.0;1.0;1.0;0.7030000000000005;12.0;1.0;1.0;0.7040000000000005;12.0;1.0;Now
11:47:03 04/08/2020;Tuesday;0.7007;0.7020000000000005;1.0;1.214084016862095;0.6976370047112141;1.0;0.7020000000000005;12.0;1.0;1.0;0.7015000000000005;12.0;1.0;1.0;0.7020000000000005;12.0;1.0;Now
18:22:46 04/08/2020;Tuesday;0.7;0.7010000000000005;1.0;1.2144957801491119;0.7038574867060972;0.5955324074074074;0.7010000000000005;7.146388888888889;0.5955324074074074;1.0;0.7025000000000006;12.0;1.0;0.5955324074074074;0.7010000000000005;7.146388888888889;0.5955324074074074;Now
01:31:33 05/08/2020;Wednesday;0.7037;0.7040000000000005;1.0;1.213260071048248;0.6851897072920424;0.5135648148148149;0.7040000000000005;6.1627777777777775;0.5135648148148149;1.0;0.7050000000000005;12.0;1.0;0.5135648148148149;0.7040000000000005;6.1627777777777775;0.5135648148148149;Now
07:41:19 05/08/2020;Wednesday;0.7053;0.7060000000000005;1.0;1.212435565298214;0.6727339509522259;0.5611805555555556;0.7060000000000005;6.734166666666667;0.5611805555555556;1.0;0.7085000000000006;12.0;1.0;0.5611805555555556;0.7060000000000005;6.734166666666667;0.5611805555555556;Now
14:25:22 05/08/2020;Wednesday;0.7103;0.7110000000000005;1.0;1.2103718436910202;0.641557438852269;0.8875;0.7110000000000005;10.65;0.8875;1.0;0.7133333333333338;12.0;1.0;0.8875;0.7110000000000005;10.65;0.8875;Now
20:18:07 05/08/2020;Wednesday;0.7106;0.7110000000000005;1.0;1.2103718436910202;0.641557438852269;0.3975694444444444;0.7110000000000005;4.770833333333333;0.3975694444444444;1.0;0.7176666666666672;12.0;1.0;0.9929398148148149;0.7145000000000006;11.915277777777778;0.9929398148148149;Now
01:04:22 06/08/2020;Thursday;0.7175;0.7180000000000005;1.0;1.2074767078498863;0.5978208043820457;0.5953703703703703;0.7180000000000005;7.144444444444445;0.5953703703703703;1.0;0.7220000000000005;12.0;1.0;0.5953703703703703;0.7180000000000005;7.144444444444445;0.5953703703703703;Now
08:13:02 06/08/2020;Thursday;0.7236;0.7240000000000005;1.0;1.2049896265113653;0.5602486235347396;0.9346296296296296;0.7240000000000005;11.215555555555556;0.9346296296296296;1.0;0.7260000000000005;12.0;1.0;0.9346296296296296;0.7240000000000005;11.215555555555556;0.9346296296296296;Now
12:50:34 06/08/2020;Thursday;0.7234;0.7240000000000005;1.0;1.2049896265113653;0.5602486235347396;0.5491666666666667;0.7240000000000005;6.59;0.5491666666666667;1.0;0.7270000000000005;12.0;1.0;0.5491666666666667;0.7240000000000005;6.59;0.5491666666666667;Now
19:25:58 06/08/2020;Thursday;0.73;0.7300000000000005;1.0;1.202497401244593;0.5225987336879199;0.49125;0.7300000000000005;5.895;0.49125;1.0;0.7356666666666672;12.0;1.0;0.49125;0.7300000000000005;5.895;0.49125;Now
01:19:40 07/08/2020;Friday;0.737;0.7370000000000005;1.0;1.199583260970242;0.4785750004442569;0.4976851851851852;0.7370000000000005;4.762777777777778;0.39689814814814817;1.0;0.7390000000000007;12.0;1.0;1.0;0.7385000000000006;12.0;1.0;Now
06:05:26 07/08/2020;Friday;0.7392;0.7400000000000005;1.0;1.1983321743156192;0.4596749132958849;1.0;0.7400000000000005;12.0;1.0;1.0;0.7400000000000005;12.0;1.0;1.0;0.7400000000000005;12.0;1.0;Now
12:07:06 07/08/2020;Friday;0.7355;0.7400000000000005;1.0;1.1983321743156192;0.4596749132958849;1.0;0.7400000000000005;12.0;1.0;1.0;0.7380000000000005;12.0;1.0;1.0;0.7400000000000005;12.0;1.0;Now
18:25:17 07/08/2020;Friday;0.7361;0.7370000000000005;1.0;1.199583260970242;0.4785750004442569;0.7950925925925926;0.7370000000000005;9.54111111111111;0.7950925925925926;1.0;0.7376666666666672;12.0;1.0;0.7950925925925926;0.7370000000000005;9.54111111111111;0.7950925925925926;Now
23:02:35 07/08/2020;Friday;0.7337;0.7370000000000005;1.0;1.199583260970242;0.4785750004442569;0.4099537037037037;0.7370000000000005;4.919444444444444;0.4099537037037037;1.0;0.740333333333334;12.0;1.0;0.8452083333333333;0.7380000000000005;10.1425;0.8452083333333333;Now
03:57:45 08/08/2020;Saturday;0.7384;0.7390000000000005;1.0;1.1987493482792804;0.46597713404142166;0.4784027777777778;0.7390000000000005;5.223055555555556;0.43525462962962963;1.0;0.7430000000000007;12.0;1.0;1.0;0.7420000000000005;12.0;1.0;Now
09:11:08 08/08/2020;Saturday;0.7445;0.7450000000000006;1.0;1.196244122242613;0.42813084238413984;1.0;0.7450000000000006;12.0;1.0;1.0;0.7450000000000006;12.0;1.0;1.0;0.7450000000000006;12.0;1.0;Now
15:26:41 08/08/2020;Saturday;0.733;0.7450000000000006;1.0;1.196244122242613;0.42813084238413984;1.0;0.7450000000000006;12.0;1.0;1.0;0.7390000000000005;12.0;1.0;1.0;0.7390000000000005;12.0;1.0;Now
21:11:38 08/08/2020;Saturday;0.723;0.7330000000000005;1.0;1.2012493496356198;0.5037444967826644;1.0;0.7330000000000005;12.0;1.0;1.0;0.7263333333333338;12.0;1.0;1.0;0.7330000000000005;12.0;1.0;Now
04:03:31 09/08/2020;Sunday;0.7148;0.7230000000000005;1.0;1.205404496424333;0.5665160371318332;1.0;0.7230000000000005;12.0;1.0;1.0;0.7230000000000005;12.0;1.0;1.0;0.7230000000000005;12.0;1.0;Now
09:07:02 09/08/2020;Sunday;0.7136;0.7230000000000005;1.0;1.205404496424333;0.5665160371318332;1.0;0.7230000000000005;12.0;1.0;1.0;0.7210000000000005;12.0;1.0;1.0;0.7230000000000005;12.0;1.0;Now
16:07:26 09/08/2020;Sunday;0.7187;0.7190000000000005;1.0;1.2070625501605123;0.5915641503018404;0.4782175925925926;0.7190000000000005;5.738611111111111;0.4782175925925926;1.0;0.7210000000000005;12.0;1.0;0.991574074074074;0.7200000000000005;11.898888888888889;0.991574074074074;Now
21:51:45 09/08/2020;Sunday;0.7201;0.7210000000000005;1.0;1.2062338081814816;0.5790443975178748;0.5133564814814815;0.7210000000000005;6.160277777777778;0.5133564814814815;1.0;0.7220000000000005;12.0;1.0;0.5133564814814815;0.7210000000000005;6.160277777777778;0.5133564814814815;Now
04:01:22 10/08/2020;Monday;0.7226;0.7230000000000005;1.0;1.205404496424333;0.5665160371318332;0.537962962962963;0.7230000000000005;6.455555555555556;0.537962962962963;1.0;0.7236666666666672;12.0;1.0;0.537962962962963;0.7230000000000005;6.455555555555556;0.537962962962963;Now
10:28:42 10/08/2020;Monday;0.724;0.7240000000000005;1.0;1.2049896265113653;0.5602486235347396;0.5602314814814815;0.7240000000000005;6.722777777777778;0.5602314814814815;1.0;0.7265000000000005;12.0;1.0;0.9607407407407408;0.7253333333333338;11.528888888888888;0.9607407407407408;Now
13:15:30 10/08/2020;Monday;0.724;0.7240000000000005;1.0;1.2049896265113653;0.5602486235347396;0.3285648148148148;0.7240000000000005;3.9427777777777777;0.3285648148148148;1.0;0.7273333333333339;12.0;1.0;0.7290740740740741;0.7260000000000005;8.748888888888889;0.7290740740740741;Now
17:12:04 10/08/2020;Monday;0.7274;0.7280000000000005;1.0;1.2033287165193056;0.5351573610873777;0.40050925925925923;0.7280000000000005;4.806111111111111;0.40050925925925923;1.0;0.7296666666666672;12.0;1.0;0.9013888888888889;0.7290000000000005;10.816666666666666;0.9013888888888889;Now
22:00:26 10/08/2020;Monday;0.7297;0.7300000000000005;1.0;1.202497401244593;0.5225987336879199;0.5008796296296296;0.7300000000000005;6.010555555555555;0.5008796296296296;1.0;0.7305000000000006;12.0;1.0;0.5008796296296296;0.7300000000000005;6.010555555555555;0.5008796296296296;Now
04:01:04 11/08/2020;Tuesday;0.7304;0.7310000000000005;1.0;1.2020815280171306;0.5163161630820617;0.5722222222222222;0.7310000000000005;6.866666666666666;0.5722222222222222;1.0;0.7330000000000005;12.0;1.0;0.5722222222222222;0.7310000000000005;6.866666666666666;0.5722222222222222;Now
10:53:04 11/08/2020;Tuesday;0.7345;0.7350000000000005;1.0;1.20041659435381;0.4911641152868542;0.5533101851851852;0.7350000000000005;6.639722222222222;0.5533101851851852;1.0;0.7363333333333338;12.0;1.0;0.5533101851851852;0.7350000000000005;6.639722222222222;0.5533101851851852;Now
16:49:48 11/08/2020;Tuesday;0.7345;0.7350000000000005;1.0;1.20041659435381;0.4911641152868542;0.057847222222222223;0.7350000000000005;0.6941666666666667;0.057847222222222223;1.0;0.7376666666666672;12.0;1.0;1.0;0.7370000000000005;12.0;1.0;Now
17:31:27 11/08/2020;Tuesday;0.7383;0.7390000000000005;1.0;1.1987493482792804;0.46597713404142166;1.0;0.7390000000000005;12.0;1.0;1.0;0.7390000000000005;12.0;1.0;1.0;0.7390000000000005;12.0;1.0;Now
01:03:47 12/08/2020;Wednesday;0.7352;0.7390000000000005;1.0;1.1987493482792804;0.46597713404142166;1.0;0.7390000000000005;12.0;1.0;1.0;0.7376666666666672;12.0;1.0;1.0;0.7380000000000005;12.0;1.0;Now
06:15:29 12/08/2020;Wednesday;0.7366;0.7370000000000005;1.0;1.199583260970242;0.4785750004442569;0.9900925925925926;0.7370000000000005;11.88111111111111;0.9900925925925926;1.0;0.7376666666666672;12.0;1.0;0.9900925925925926;0.7370000000000005;11.88111111111111;0.9900925925925926;Now
12:59:23 12/08/2020;Wednesday;0.7354;0.7370000000000005;1.0;1.199583260970242;0.4785750004442569;0.4291203703703704;0.7370000000000005;5.149444444444445;0.4291203703703704;1.0;0.7380000000000005;12.0;1.0;1.0;0.7380000000000005;12.0;1.0;Now
18:08:21 12/08/2020;Wednesday;0.7382;0.7390000000000005;1.0;1.1987493482792804;0.46597713404142166;1.0;0.7390000000000005;12.0;1.0;1.0;0.7390000000000005;12.0;1.0;1.0;0.7390000000000005;12.0;1.0;Now
01:10:46 13/08/2020;Thursday;0.7314;0.7390000000000005;1.0;1.1987493482792804;0.46597713404142166;1.0;0.7390000000000005;12.0;1.0;1.0;0.7355000000000005;12.0;1.0;1.0;0.7390000000000005;12.0;1.0;Now
08:10:54 13/08/2020;Thursday;0.7279;0.7320000000000005;1.0;1.201665510863984;0.5100314181999732;0.5714351851851852;0.7320000000000005;6.857222222222222;0.5714351851851852;1.0;0.7370000000000005;12.0;1.0;0.5714351851851852;0.7320000000000005;6.857222222222222;0.5714351851851852;Now
15:02:20 13/08/2020;Thursday;0.7415;0.7420000000000005;1.0;1.1974973903938162;0.44706388526370183;0.46761574074074075;0.7420000000000005;5.6113888888888885;0.46761574074074075;1.0;0.7430000000000005;12.0;1.0;1.0;0.7430000000000005;12.0;1.0;Now
20:39:01 13/08/2020;Thursday;0.7436;0.7440000000000005;1.0;1.196662024132127;0.43444405985960505;1.0;0.7440000000000005;12.0;1.0;1.0;0.7440000000000005;12.0;1.0;1.0;0.7440000000000005;12.0;1.0;Now
04:05:34 14/08/2020;Friday;0.7418;0.7440000000000005;1.0;1.196662024132127;0.43444405985960505;0.5487962962962963;0.7440000000000005;6.585555555555556;0.5487962962962963;1.0;0.7453333333333338;12.0;1.0;0.5487962962962963;0.7440000000000005;6.585555555555556;0.5487962962962963;Now
10:40:42 14/08/2020;Friday;0.745;0.7450000000000006;1.0;1.196244122242613;0.42813084238413984;0.43150462962962965;0.7450000000000006;5.178055555555556;0.43150462962962965;1.0;0.7463333333333338;12.0;1.0;0.43150462962962965;0.7450000000000006;5.178055555555556;0.43150462962962965;Now
15:51:23 14/08/2020;Friday;0.7468;0.7470000000000006;1.0;1.1954078801814882;0.4154977863332314;1.0;0.7470000000000006;12.0;1.0;1.0;0.7470000000000006;12.0;1.0;1.0;0.7470000000000006;12.0;1.0;Now
20:46:40 14/08/2020;Friday;0.7458;0.7470000000000006;1.0;1.1954078801814882;0.4154977863332314;1.0;0.7470000000000006;12.0;1.0;1.0;0.7465000000000006;12.0;1.0;1.0;0.7470000000000006;12.0;1.0;Now
03:55:09 15/08/2020;Saturday;0.7398;0.7460000000000006;1.0;1.1958260743101397;0.4218154186469041;1.0;0.7460000000000006;12.0;1.0;1.0;0.7420000000000005;12.0;1.0;1.0;0.7460000000000006;12.0;1.0;Now
09:57:05 15/08/2020;Saturday;0.7266;0.7400000000000005;1.0;1.1983321743156192;0.4596749132958849;1.0;0.7400000000000005;12.0;1.0;1.0;0.7400000000000005;12.0;1.0;1.0;0.7400000000000005;12.0;1.0;Now
15:33:42 15/08/2020;Saturday;0.7239;0.7400000000000005;1.0;1.1983321743156192;0.4596749132958849;1.0;0.7400000000000005;12.0;1.0;1.0;0.7320000000000005;12.0;1.0;1.0;0.7400000000000005;12.0;1.0;Now
22:59:29 15/08/2020;Saturday;0.7204;0.7240000000000005;1.0;1.2049896265113653;0.5602486235347396;0.4790509259259259;0.7240000000000005;5.748611111111111;0.4790509259259259;1.0;0.7306666666666671;12.0;1.0;0.4790509259259259;0.7240000000000005;5.748611111111111;0.4790509259259259;Now
04:44:24 16/08/2020;Sunday;0.7335;0.7340000000000005;1.0;1.200833044182246;0.4974553965672344;1.0;0.7340000000000005;12.0;1.0;1.0;0.7340000000000005;12.0;1.0;1.0;0.7340000000000005;12.0;1.0;Now
09:21:59 16/08/2020;Sunday;0.7305;0.7340000000000005;1.0;1.200833044182246;0.4974553965672344;1.0;0.7340000000000005;12.0;1.0;1.0;0.7330000000000005;12.0;1.0;1.0;0.7340000000000005;12.0;1.0;Now
15:32:05 16/08/2020;Sunday;0.7231;0.7340000000000005;1.0;1.200833044182246;0.4974553965672344;1.0;0.7340000000000005;12.0;1.0;1.0;0.7296666666666672;12.0;1.0;1.0;0.7325000000000006;12.0;1.0;Now
20:43:41 16/08/2020;Sunday;0.7216;0.7310000000000005;1.0;1.2020815280171306;0.5163161630820617;1.0;0.7310000000000005;12.0;1.0;1.0;0.7275000000000005;12.0;1.0;1.0;0.7310000000000005;12.0;1.0;Now
03:10:05 17/08/2020;Monday;0.7176;0.7240000000000005;1.0;1.2049896265113653;0.5602486235347396;1.0;0.7240000000000005;12.0;1.0;1.0;0.7200000000000005;12.0;1.0;1.0;0.7210000000000005;12.0;1.0;Now
08:54:48 17/08/2020;Monday;0.7153;0.7180000000000005;1.0;1.2074767078498863;0.5978208043820457;1.0;0.7180000000000005;12.0;1.0;1.0;0.7180000000000005;12.0;1.0;1.0;0.7180000000000005;12.0;1.0;Now
14:57:39 17/08/2020;Monday;0.7148;0.7180000000000005;1.0;1.2074767078498863;0.5978208043820457;0.5715740740740741;0.7180000000000005;6.858888888888889;0.5715740740740741;1.0;0.7185000000000006;12.0;1.0;0.5715740740740741;0.7180000000000005;6.858888888888889;0.5715740740740741;Now
21:49:11 17/08/2020;Monday;0.7187;0.7190000000000005;1.0;1.2070625501605123;0.5915641503018404;0.5730787037037037;0.7190000000000005;6.876944444444445;0.5730787037037037;1.0;0.7205000000000006;12.0;1.0;0.5730787037037037;0.7190000000000005;6.876944444444445;0.5730787037037037;Now
04:41:48 18/08/2020;Tuesday;0.7218;0.7220000000000005;1.0;1.2058192235986287;0.5727812943848191;0.5617824074074074;0.7220000000000005;6.741388888888889;0.5617824074074074;1.0;0.7235000000000005;12.0;1.0;0.5617824074074074;0.7220000000000005;6.741388888888889;0.5617824074074074;Now
11:26:17 18/08/2020;Tuesday;0.7245;0.7250000000000005;1.0;1.204574613712243;0.5539790513655232;0.5208333333333334;0.7250000000000005;6.25;0.5208333333333334;1.0;0.7296666666666672;12.0;1.0;0.5208333333333334;0.7250000000000005;6.25;0.5208333333333334;Now
17:41:17 18/08/2020;Tuesday;0.7314;0.7320000000000005;1.0;1.201665510863984;0.5100314181999732;1.0;0.7320000000000005;12.0;1.0;1.0;0.7320000000000005;12.0;1.0;1.0;0.7320000000000005;12.0;1.0;Now
22:55:05 18/08/2020;Tuesday;0.7292;0.7320000000000005;1.0;1.201665510863984;0.5100314181999732;1.0;0.7320000000000005;12.0;1.0;1.0;0.7320000000000005;12.0;1.0;1.0;0.7320000000000005;12.0;1.0;Now
04:49:27 19/08/2020;Wednesday;0.7249;0.7320000000000005;1.0;1.201665510863984;0.5100314181999732;1.0;0.7320000000000005;12.0;1.0;1.0;0.7285000000000006;12.0;1.0;1.0;0.7320000000000005;12.0;1.0;Now
11:49:20 19/08/2020;Wednesday;0.7182;0.7250000000000005;1.0;1.204574613712243;0.5539790513655232;1.0;0.7250000000000005;12.0;1.0;1.0;0.7220000000000005;12.0;1.0;1.0;0.7250000000000005;12.0;1.0;Now
19:15:54 19/08/2020;Wednesday;0.7143;0.7190000000000005;1.0;1.2070625501605123;0.5915641503018404;1.0;0.7190000000000005;12.0;1.0;1.0;0.7163333333333339;12.0;1.0;1.0;0.7190000000000005;12.0;1.0;Now
00:43:58 20/08/2020;Thursday;0.7079;0.7150000000000005;1.0;1.2087183294713453;0.6165779038716533;1.0;0.7150000000000005;12.0;1.0;1.0;0.7150000000000005;12.0;1.0;1.0;0.7150000000000005;12.0;1.0;Now
05:46:50 20/08/2020;Thursday;0.7026;0.7150000000000005;1.0;1.2087183294713453;0.6165779038716533;1.0;0.7150000000000005;12.0;1.0;1.0;0.7090000000000005;12.0;1.0;1.0;0.7150000000000005;12.0;1.0;Now
13:12:55 20/08/2020;Thursday;0.6985;0.7030000000000005;1.0;1.2136721138759017;0.6914144122896876;1.0;0.7030000000000005;12.0;1.0;1.0;0.7003333333333339;12.0;1.0;1.0;0.7010000000000005;12.0;1.0;Now
17:58:56 20/08/2020;Thursday;0.6946;0.6990000000000005;1.0;1.2153188881935473;0.7162921279956304;1.0;0.6990000000000005;12.0;1.0;1.0;0.6990000000000005;12.0;1.0;1.0;0.6990000000000005;12.0;1.0;Now
23:26:37 20/08/2020;Thursday;0.6953;0.6990000000000005;1.0;1.2153188881935473;0.7162921279956304;0.608287037037037;0.6990000000000005;7.299444444444444;0.608287037037037;1.0;0.7016666666666671;12.0;1.0;0.608287037037037;0.6990000000000005;7.299444444444444;0.608287037037037;Now
06:44:35 21/08/2020;Friday;0.7022;0.7030000000000005;1.0;1.2136721138759017;0.6914144122896876;0.43256944444444445;0.7030000000000005;5.190833333333333;0.43256944444444445;1.0;0.7062500000000005;12.0;1.0;0.9473611111111111;0.7060000000000005;11.368333333333334;0.9473611111111111;Now
10:58:11 21/08/2020;Friday;0.7022;0.7030000000000005;1.0;1.2136721138759017;0.6914144122896876;0.08034722222222222;0.7030000000000005;0.9641666666666666;0.08034722222222222;1.0;0.7080000000000005;12.0;1.0;0.6141435185185186;0.7060000000000005;7.141666666666667;0.5951388888888889;Now
11:56:02 21/08/2020;Friday;0.7084;0.7090000000000005;1.0;1.211197754291181;0.6540344181743037;0.6141435185185186;0.7090000000000005;6.1775;0.5147916666666666;1.0;0.7096666666666671;12.0;1.0;0.6141435185185186;0.7090000000000005;6.1775;0.5147916666666666;Now
18:06:41 21/08/2020;Friday;0.7094;0.7100000000000005;1.0;1.2107848694132248;0.6477969923758737;1.0;0.7100000000000005;12.0;1.0;1.0;0.7100000000000005;12.0;1.0;1.0;0.7100000000000005;12.0;1.0;Now
22:44:30 21/08/2020;Friday;0.7066;0.7100000000000005;1.0;1.2107848694132248;0.6477969923758737;1.0;0.7100000000000005;12.0;1.0;1.0;0.7100000000000005;12.0;1.0;1.0;0.7100000000000005;12.0;1.0;Now
05:53:05 22/08/2020;Saturday;0.7001;0.7100000000000005;1.0;1.2107848694132248;0.6477969923758737;1.0;0.7100000000000005;12.0;1.0;1.0;0.7060000000000004;12.0;1.0;0.9817824074074074;0.7055000000000005;11.78138888888889;0.9817824074074074;Now
11:03:50 22/08/2020;Saturday;0.696;0.7010000000000005;1.0;1.2144957801491119;0.7038574867060972;0.5501851851851852;0.7010000000000005;6.602222222222222;0.5501851851851852;1.0;0.7040000000000005;12.0;1.0;0.5501851851851852;0.7010000000000005;6.602222222222222;0.5501851851851852;Now
17:39:58 22/08/2020;Saturday;0.7068;0.7070000000000005;1.0;1.212023102090055;0.6665028952928131;0.6195138888888889;0.7070000000000005;7.434166666666667;0.6195138888888889;1.0;0.7145000000000006;12.0;1.0;0.6195138888888889;0.7070000000000005;7.434166666666667;0.6195138888888889;Now
01:06:01 23/08/2020;Sunday;0.7213;0.7220000000000005;1.0;1.2058192235986287;0.5727812943848191;0.5961574074074074;0.7220000000000005;7.153888888888889;0.5961574074074074;1.0;0.7376666666666672;12.0;1.0;0.5961574074074074;0.7220000000000005;7.153888888888889;0.5961574074074074;Now
08:15:15 23/08/2020;Sunday;0.7389;0.7390000000000005;1.0;1.1987493482792804;0.46597713404142166;0.39694444444444443;0.7390000000000005;4.763333333333334;0.39694444444444443;1.0;0.7513333333333337;12.0;1.0;0.39694444444444443;0.7390000000000005;4.763333333333334;0.39694444444444443;Now
13:01:03 23/08/2020;Sunday;0.7511;0.7520000000000006;1.0;1.1933147112141036;0.38387641482098517;0.38608796296296294;0.7520000000000006;4.633055555555556;0.38608796296296294;1.0;0.7640000000000006;12.0;1.0;0.9001157407407407;0.7575000000000005;10.801388888888889;0.9001157407407407;Now
17:39:02 23/08/2020;Sunday;0.7623;0.7630000000000006;1.0;1.1886967653695368;0.3141133983374503;0.5140277777777778;0.7630000000000006;6.168333333333333;0.5140277777777778;1.0;0.7700000000000006;12.0;1.0;0.5140277777777778;0.7630000000000006;6.168333333333333;0.5140277777777778;Now
23:49:08 23/08/2020;Sunday;0.7765;0.7770000000000006;1.0;1.1827933040053953;0.2249301800151583;1.0;0.7770000000000006;12.0;1.0;1.0;0.7770000000000006;12.0;1.0;1.0;0.7770000000000006;12.0;1.0;Now
05:41:54 24/08/2020;Monday;0.7751;0.7770000000000006;1.0;1.1827933040053953;0.2249301800151583;1.0;0.7770000000000006;12.0;1.0;1.0;0.7770000000000006;12.0;1.0;1.0;0.7770000000000006;12.0;1.0;Now
10:54:11 24/08/2020;Monday;0.7728;0.7770000000000006;1.0;1.1827933040053953;0.2249301800151583;1.0;0.7770000000000006;12.0;1.0;1.0;0.7770000000000006;12.0;1.0;1.0;0.7770000000000006;12.0;1.0;Now
17:04:18 24/08/2020;Monday;0.7767;0.7770000000000006;1.0;1.1827933040053953;0.2249301800151583;0.560625;0.7770000000000006;6.7275;0.560625;1.0;0.7790000000000006;12.0;1.0;0.560625;0.7770000000000006;6.7275;0.560625;Now
23:47:57 24/08/2020;Monday;0.781;0.7810000000000006;1.0;1.1811011811017715;0.19936738608231924;0.620162037037037;0.7810000000000006;7.441944444444444;0.620162037037037;1.0;0.7850000000000006;12.0;1.0;0.620162037037037;0.7810000000000006;7.441944444444444;0.620162037037037;Now
07:14:28 25/08/2020;Tuesday;0.7882;0.7890000000000006;1.0;1.1777096416349828;0.1481316133621786;0.5722916666666666;0.7890000000000006;6.8675;0.5722916666666666;1.0;0.7900000000000006;12.0;1.0;0.5722916666666666;0.7890000000000006;6.8675;0.5722916666666666;Now
14:06:31 25/08/2020;Tuesday;0.7904;0.7910000000000006;1.0;1.1768602295939818;0.1352995992563;0.5752314814814815;0.7910000000000006;6.902777777777778;0.5752314814814815;1.0;0.7930000000000006;12.0;1.0;0.5752314814814815;0.7910000000000006;6.902777777777778;0.5752314814814815;Now
21:00:41 25/08/2020;Tuesday;0.7923;0.7930000000000006;1.0;1.1760102040373628;0.12245831680869158;0.5559490740740741;0.7930000000000006;4.628333333333333;0.38569444444444445;1.0;0.7943333333333339;12.0;1.0;1.0;0.7940000000000006;12.0;1.0;Now
01:38:23 26/08/2020;Wednesday;0.7949;0.7950000000000006;1.0;1.175159563633807;0.10960774590720702;1.0;0.7950000000000006;12.0;1.0;1.0;0.7950000000000005;12.0;1.0;1.0;0.7950000000000006;12.0;1.0;Now
06:58:06 26/08/2020;Wednesday;0.792;0.7950000000000006;1.0;1.175159563633807;0.10960774590720702;1.0;0.7950000000000006;12.0;1.0;1.0;0.7950000000000006;12.0;1.0;1.0;0.7950000000000006;12.0;1.0;Now
12:18:36 26/08/2020;Wednesday;0.7917;0.7950000000000006;1.0;1.175159563633807;0.10960774590720702;0.5602314814814815;0.7950000000000006;6.722777777777778;0.5602314814814815;1.0;0.7955000000000005;12.0;1.0;0.5602314814814815;0.7950000000000006;6.722777777777778;0.5602314814814815;Now
19:01:58 26/08/2020;Wednesday;0.7957;0.7960000000000006;1.0;1.1747340124470729;0.10317897098130538;0.46784722222222225;0.7960000000000006;5.614166666666667;0.46784722222222225;1.0;0.8023333333333339;12.0;1.0;0.46784722222222225;0.7960000000000006;5.614166666666667;0.46784722222222225;Now
00:38:49 27/08/2020;Thursday;0.7999;0.8000000000000006;1.0;1.1730302638892143;0.07744054902351409;0.48986111111111114;0.8000000000000006;5.878333333333333;0.48986111111111114;1.0;0.8073333333333338;12.0;1.0;0.48986111111111114;0.8000000000000006;5.878333333333333;0.48986111111111114;Now
06:31:31 27/08/2020;Thursday;0.8106;0.8110000000000006;1.0;1.168332144554792;0.006466356687644526;0.8421296296296297;0.8110000000000006;10.105555555555556;0.8421296296296297;1.0;0.811333333333334;12.0;1.0;0.8421296296296297;0.8110000000000006;10.105555555555556;0.8421296296296297;Now
11:26:11 27/08/2020;Thursday;0.8081;0.8110000000000006;1.0;1.168332144554792;0.006466356687644526;0.4409490740740741;0.8110000000000006;5.194444444444445;0.43287037037037035;1.0;0.8116666666666673;12.0;1.0;1.0;0.8115000000000006;12.0;1.0;Now
16:37:51 27/08/2020;Thursday;0.8113;0.8120000000000006;1.0;1.1679041056525143;0.0;1.0;0.8120000000000006;12.0;1.0;1.0;0.8120000000000006;12.0;1.0;1.0;0.8120000000000006;12.0;1.0;Now
23:20:22 27/08/2020;Thursday;0.8074;0.8120000000000006;1.0;1.1679041056525143;0.0;1.0;0.8120000000000006;12.0;1.0;1.0;0.8105000000000007;12.0;1.0;1.0;0.8120000000000006;12.0;1.0;Now
10:25:47 28/08/2020;Friday;0.8089;0.8090000000000006;1.0;1.1691877522451215;0.01939196807698551;0.5315046296296296;0.8090000000000006;5.479722222222223;0.45664351851851853;1.0;0.8096666666666672;12.0;1.0;0.5315046296296296;0.8090000000000006;5.479722222222223;0.45664351851851853;Now
15:54:34 28/08/2020;Friday;0.8095;0.8100000000000006;1.0;1.1687600266949583;0.012930345179962029;1.0;0.8100000000000006;12.0;1.0;1.0;0.8100000000000006;12.0;1.0;1.0;0.8100000000000006;12.0;1.0;Now
21:31:53 28/08/2020;Friday;0.8063;0.8100000000000006;1.0;1.1687600266949583;0.012930345179962029;1.0;0.8100000000000006;12.0;1.0;1.0;0.8090000000000006;12.0;1.0;1.0;0.8100000000000006;12.0;1.0;Now
03:18:20 29/08/2020;Saturday;0.7974;0.8100000000000006;1.0;1.1687600266949583;0.012930345179962029;1.0;0.8100000000000006;12.0;1.0;1.0;0.8050000000000006;12.0;1.0;1.0;0.8100000000000006;12.0;1.0;Now
08:55:04 29/08/2020;Saturday;0.7976;0.8070000000000006;1.0;1.1700427342623;0.03230812746151639;1.0;0.8070000000000006;12.0;1.0;1.0;0.8025000000000007;12.0;1.0;1.0;0.8025000000000007;12.0;1.0;Now
14:24:57 29/08/2020;Saturday;0.7915;0.7980000000000006;1.0;1.173882447266335;0.09031442952928288;1.0;0.7980000000000006;12.0;1.0;1.0;0.7950000000000006;12.0;1.0;1.0;0.7980000000000006;12.0;1.0;Now
21:25:07 29/08/2020;Saturday;0.7797;0.7920000000000006;1.0;1.1764352935882192;0.12888011783051712;1.0;0.7920000000000006;12.0;1.0;1.0;0.7860000000000006;12.0;1.0;1.0;0.7920000000000006;12.0;1.0;Now
03:53:05 30/08/2020;Sunday;0.7667;0.7800000000000006;1.0;1.1815244390193542;0.20576151673585397;1.0;0.7800000000000006;12.0;1.0;1.0;0.7735000000000005;12.0;1.0;1.0;0.7800000000000006;12.0;1.0;Now
10:20:55 30/08/2020;Sunday;0.756;0.7670000000000006;1.0;1.1870130580579135;0.28867773822194076;1.0;0.7670000000000006;12.0;1.0;1.0;0.7615000000000005;12.0;1.0;1.0;0.7670000000000006;12.0;1.0;Now
16:48:20 30/08/2020;Sunday;0.753;0.7560000000000006;1.0;1.1916375287812984;0.35853932563806434;1.0;0.7560000000000006;12.0;1.0;1.0;0.7545000000000006;12.0;1.0;1.0;0.7560000000000006;12.0;1.0;Now
00:15:00 31/08/2020;Monday;0.7461;0.7530000000000006;1.0;1.1928956366757317;0.37754548221321893;1.0;0.7530000000000006;12.0;1.0;1.0;0.752333333333334;12.0;1.0;1.0;0.7530000000000006;12.0;1.0;Now
06:43:26 31/08/2020;Monday;0.7514;0.7520000000000006;1.0;1.1933147112141036;0.38387641482098517;1.0;0.7520000000000006;12.0;1.0;1.0;0.7520000000000006;12.0;1.0;1.0;0.7520000000000006;12.0;1.0;Now
11:46:34 31/08/2020;Monday;0.7502;0.7520000000000006;1.0;1.1933147112141036;0.38387641482098517;1.0;0.7520000000000006;12.0;1.0;1.0;0.7516000000000005;12.0;1.0;1.0;0.7520000000000006;12.0;1.0;Now
12:47:50 31/08/2020;Monday;0.7502;0.7520000000000006;1.0;1.1933147112141036;0.38387641482098517;1.0;0.7520000000000006;12.0;1.0;1.0;0.7515000000000005;12.0;1.0;1.0;0.7520000000000006;12.0;1.0;Now
16:49:30 31/08/2020;Monday;0.7487;0.7520000000000006;1.0;1.1933147112141036;0.38387641482098517;1.0;0.7520000000000006;12.0;1.0;1.0;0.7513333333333337;12.0;1.0;1.0;0.7520000000000006;12.0;1.0;Now
23:26:22 31/08/2020;Monday;0.7449;0.7510000000000006;1.0;1.193733638631332;0.39020512487892;1.0;0.7510000000000006;12.0;1.0;1.0;0.7490000000000006;12.0;1.0;1.0;0.7510000000000006;12.0;1.0;Now
23:26:22 31/08/2020;Monday;0.7449;0.7510000000000006;1.0;1.193733638631332;0.39020512487892;1.0;0.7510000000000006;12.0;1.0;1.0;0.7480000000000006;12.0;1.0;1.0;0.7510000000000006;12.0;1.0;Now
05:28:49 01/09/2020;Tuesday;0.7412;0.7450000000000006;1.0;1.196244122242613;0.42813084238413984;1.0;0.7450000000000006;12.0;1.0;1.0;0.7435000000000005;12.0;1.0;1.0;0.7450000000000006;12.0;1.0;Now
12:47:57 01/09/2020;Tuesday;0.7392;0.7420000000000005;1.0;1.1974973903938162;0.44706388526370183;1.0;0.7420000000000005;12.0;1.0;1.0;0.7410000000000005;12.0;1.0;1.0;0.7420000000000005;12.0;1.0;Now
19:16:08 01/09/2020;Tuesday;0.7396;0.7400000000000005;1.0;1.1983321743156192;0.4596749132958849;1.0;0.7400000000000005;12.0;1.0;1.0;0.7400000000000005;12.0;1.0;1.0;0.7400000000000005;12.0;1.0;Now
02:34:16 02/09/2020;Wednesday;0.7316;0.7400000000000005;1.0;1.1983321743156192;0.4596749132958849;1.0;0.7400000000000005;12.0;1.0;1.0;0.7390000000000005;12.0;1.0;1.0;0.7400000000000005;12.0;1.0;Now
09:18:49 02/09/2020;Wednesday;0.7378;0.7380000000000005;1.0;1.1991663771137013;0.4722771623286846;0.6209722222222223;0.7380000000000005;7.451666666666667;0.6209722222222223;1.0;0.7425000000000006;12.0;1.0;0.6209722222222223;0.7380000000000005;7.451666666666667;0.6209722222222223;Now
16:45:55 02/09/2020;Wednesday;0.7466;0.7470000000000006;1.0;1.1954078801814882;0.4154977863332314;0.6318518518518519;0.7470000000000006;7.582222222222223;0.6318518518518519;1.0;0.7480000000000006;12.0;1.0;0.6318518518518519;0.7470000000000006;7.582222222222223;0.6318518518518519;Now
00:20:51 03/09/2020;Thursday;0.749;0.7490000000000006;1.0;1.194571052721436;0.40285588669766276;1.0;0.7490000000000006;12.0;1.0;1.0;0.7490000000000006;12.0;1.0;1.0;0.7490000000000006;12.0;1.0;Now
05:15:47 03/09/2020;Thursday;0.7438;0.7490000000000006;1.0;1.194571052721436;0.40285588669766276;1.0;0.7490000000000006;12.0;1.0;1.0;0.7490000000000006;12.0;1.0;1.0;0.7490000000000006;12.0;1.0;Now
10:37:00 03/09/2020;Thursday;0.7443;0.7490000000000006;1.0;1.194571052721436;0.40285588669766276;1.0;0.7490000000000006;12.0;1.0;1.0;0.7470000000000006;12.0;1.0;1.0;0.7490000000000006;12.0;1.0;Now
18:03:33 03/09/2020;Thursday;0.7444;0.7450000000000006;1.0;1.196244122242613;0.42813084238413984;1.0;0.7450000000000006;12.0;1.0;1.0;0.7450000000000006;12.0;1.0;1.0;0.7450000000000006;12.0;1.0;Now
01:13:16 04/09/2020;Friday;0.7413;0.7450000000000006;1.0;1.196244122242613;0.42813084238413984;1.0;0.7450000000000006;12.0;1.0;1.0;0.7430000000000004;12.0;1.0;1.0;0.7435000000000005;12.0;1.0;Now
06:08:09 04/09/2020;Friday;0.7339;0.7420000000000005;1.0;1.1974973903938162;0.44706388526370183;1.0;0.7420000000000005;12.0;1.0;1.0;0.7420000000000005;12.0;1.0;1.0;0.7420000000000005;12.0;1.0;Now
12:52:19 04/09/2020;Friday;0.7274;0.7420000000000005;1.0;1.1974973903938162;0.44706388526370183;1.0;0.7420000000000005;12.0;1.0;1.0;0.7326666666666672;12.0;1.0;1.0;0.7420000000000005;12.0;1.0;Now
18:56:01 04/09/2020;Friday;0.7189;0.7280000000000005;1.0;1.2033287165193056;0.5351573610873777;1.0;0.7280000000000005;12.0;1.0;1.0;0.7280000000000005;12.0;1.0;1.0;0.7280000000000005;12.0;1.0;Now
00:41:05 05/09/2020;Saturday;0.7184;0.7280000000000005;1.0;1.2033287165193056;0.5351573610873777;1.0;0.7280000000000005;12.0;1.0;1.0;0.7235000000000005;12.0;1.0;1.0;0.7280000000000005;12.0;1.0;Now
07:33:52 05/09/2020;Saturday;0.7189;0.7190000000000005;1.0;1.2070625501605123;0.5915641503018404;1.0;0.7190000000000005;12.0;1.0;1.0;0.7190000000000005;12.0;1.0;1.0;0.7190000000000005;12.0;1.0;Now
13:36:42 05/09/2020;Saturday;0.7122;0.7190000000000005;1.0;1.2070625501605123;0.5915641503018404;1.0;0.7190000000000005;12.0;1.0;1.0;0.7190000000000006;12.0;1.0;1.0;0.7190000000000005;12.0;1.0;Now
17:53:06 05/09/2020;Saturday;0.7122;0.7190000000000005;1.0;1.2070625501605123;0.5915641503018404;1.0;0.7190000000000005;12.0;1.0;1.0;0.7170000000000005;12.0;1.0;1.0;0.7190000000000005;12.0;1.0;Now
19:14:02 05/09/2020;Saturday;0.7099;0.7190000000000005;1.0;1.2070625501605123;0.5915641503018404;1.0;0.7190000000000005;12.0;1.0;1.0;0.7160000000000005;12.0;1.0;1.0;0.7190000000000005;12.0;1.0;Now
02:07:13 06/09/2020;Sunday;0.7074;0.7130000000000005;1.0;1.209545369136685;0.6290719399101057;1.0;0.7130000000000005;12.0;1.0;1.0;0.7110000000000004;12.0;1.0;1.0;0.7130000000000005;12.0;1.0;Now
07:44:44 06/09/2020;Sunday;0.7094;0.7100000000000005;1.0;1.2107848694132248;0.6477969923758737;1.0;0.7100000000000005;12.0;1.0;1.0;0.7100000000000005;12.0;1.0;1.0;0.7100000000000005;12.0;1.0;Now
13:04:19 06/09/2020;Sunday;0.7083;0.7100000000000005;1.0;1.2107848694132248;0.6477969923758737;1.0;0.7100000000000005;12.0;1.0;1.0;0.7095000000000005;12.0;1.0;1.0;0.7100000000000005;12.0;1.0;Now
19:49:06 06/09/2020;Sunday;0.7067;0.7090000000000005;1.0;1.211197754291181;0.6540344181743037;1.0;0.7090000000000005;12.0;1.0;1.0;0.7080000000000005;12.0;1.0;1.0;0.7090000000000005;12.0;1.0;Now
02:00:45 07/09/2020;Monday;0.7051;0.7070000000000005;1.0;1.212023102090055;0.6665028952928131;0.433587962962963;0.7070000000000005;5.203055555555555;0.433587962962963;1.0;0.7075000000000005;12.0;1.0;1.0;0.7075000000000005;12.0;1.0;Now
07:12:56 07/09/2020;Monday;0.7075;0.7080000000000005;1.0;1.2116104984688765;0.6602697184227758;0.6190509259259259;0.7080000000000005;7.4286111111111115;0.6190509259259259;1.0;0.7085000000000006;12.0;1.0;0.6190509259259259;0.7080000000000005;7.4286111111111115;0.6190509259259259;Now
14:38:39 07/09/2020;Monday;0.7081;0.7090000000000005;1.0;1.211197754291181;0.6540344181743037;0.5320138888888889;0.7090000000000005;6.3375;0.528125;1.0;0.7110000000000006;12.0;1.0;0.5320138888888889;0.7090000000000005;6.3375;0.528125;Now
20:58:54 07/09/2020;Monday;0.7119;0.7120000000000005;1.0;1.2099586769803337;0.635315755424563;1.0;0.7120000000000005;12.0;1.0;1.0;0.7120000000000005;12.0;1.0;1.0;0.7120000000000005;12.0;1.0;Now
02:35:51 08/09/2020;Tuesday;0.7074;0.7120000000000005;1.0;1.2099586769803337;0.635315755424563;1.0;0.7120000000000005;12.0;1.0;1.0;0.7110000000000006;12.0;1.0;1.0;0.7120000000000005;12.0;1.0;Now
07:47:23 08/09/2020;Tuesday;0.7086;0.7120000000000005;1.0;1.2099586769803337;0.635315755424563;1.0;0.7120000000000005;12.0;1.0;1.0;0.7105000000000006;12.0;1.0;1.0;0.7120000000000005;12.0;1.0;Now
13:49:41 08/09/2020;Tuesday;0.7057;0.7090000000000005;1.0;1.211197754291181;0.6540344181743037;1.0;0.7090000000000005;12.0;1.0;1.0;0.7090000000000005;12.0;1.0;1.0;0.7090000000000005;12.0;1.0;Now
19:57:11 08/09/2020;Tuesday;0.7088;0.7090000000000005;1.0;1.211197754291181;0.6540344181743037;1.0;0.7090000000000005;12.0;1.0;1.0;0.7090000000000005;12.0;1.0;1.0;0.7090000000000005;12.0;1.0;Now
03:24:05 09/09/2020;Wednesday;0.7078;0.7090000000000005;1.0;1.211197754291181;0.6540344181743037;1.0;0.7090000000000005;12.0;1.0;1.0;0.7090000000000005;12.0;1.0;1.0;0.7090000000000005;12.0;1.0;Now
09:18:25 09/09/2020;Wednesday;0.7081;0.7090000000000005;1.0;1.211197754291181;0.6540344181743037;1.0;0.7090000000000005;12.0;1.0;1.0;0.7090000000000005;12.0;1.0;1.0;0.7090000000000005;12.0;1.0;Now
15:55:03 09/09/2020;Wednesday;0.7049;0.7090000000000005;1.0;1.211197754291181;0.6540344181743037;1.0;0.7090000000000005;12.0;1.0;1.0;0.7076666666666672;12.0;1.0;1.0;0.7090000000000005;12.0;1.0;Now
20:58:02 09/09/2020;Wednesday;0.7046;0.7090000000000005;1.0;1.211197754291181;0.6540344181743037;1.0;0.7090000000000005;12.0;1.0;1.0;0.7070000000000005;12.0;1.0;1.0;0.7070000000000005;12.0;1.0;Now
02:44:22 10/09/2020;Thursday;0.7027;0.7050000000000005;1.0;1.212847888236608;0.6789628875651511;1.0;0.7050000000000005;12.0;1.0;1.0;0.7036666666666672;12.0;1.0;1.0;0.7050000000000005;12.0;1.0;Now
09:03:06 10/09/2020;Thursday;0.6972;0.7030000000000005;1.0;1.2136721138759017;0.6914144122896876;1.0;0.7030000000000005;12.0;1.0;1.0;0.7013333333333338;12.0;1.0;1.0;0.7030000000000005;12.0;1.0;Now
13:58:44 10/09/2020;Thursday;0.6954;0.7030000000000005;1.0;1.2136721138759017;0.6914144122896876;1.0;0.7030000000000005;12.0;1.0;1.0;0.6990000000000006;12.0;1.0;1.0;0.7005000000000006;12.0;1.0;Now
19:09:38 10/09/2020;Thursday;0.6933;0.6980000000000005;1.0;1.2157302332343305;0.7225062915710527;1.0;0.6980000000000005;12.0;1.0;1.0;0.6960000000000005;12.0;1.0;1.0;0.6980000000000005;12.0;1.0;Now
01:19:42 11/09/2020;Friday;0.6931;0.6960000000000005;1.0;1.2165525060596438;0.7349283152580105;1.0;0.6960000000000005;12.0;1.0;1.0;0.6946666666666671;12.0;1.0;1.0;0.6960000000000005;12.0;1.0;Now
06:48:20 11/09/2020;Friday;0.6899;0.6940000000000005;1.0;1.2173742234826561;0.7473419485174522;1.0;0.6940000000000005;12.0;1.0;1.0;0.6936666666666671;12.0;1.0;1.0;0.6940000000000005;12.0;1.0;Now
11:51:23 11/09/2020;Friday;0.6924;0.6940000000000005;1.0;1.2173742234826561;0.7473419485174522;1.0;0.6940000000000005;12.0;1.0;1.0;0.6933333333333338;12.0;1.0;1.0;0.6940000000000005;12.0;1.0;Now
17:20:17 11/09/2020;Friday;0.6879;0.6930000000000005;1.0;1.2177848742696715;0.7535456240450114;1.0;0.6930000000000005;12.0;1.0;1.0;0.6913333333333339;12.0;1.0;1.0;0.6930000000000005;12.0;1.0;Now
22:40:13 11/09/2020;Friday;0.6858;0.6930000000000005;1.0;1.2177848742696715;0.7535456240450114;1.0;0.6930000000000005;12.0;1.0;1.0;0.6896666666666672;12.0;1.0;1.0;0.6905000000000006;12.0;1.0;Now
04:00:13 12/09/2020;Saturday;0.6877;0.6880000000000005;1.0;1.2198360545581524;0.7845326752345246;1.0;0.6880000000000005;12.0;1.0;1.0;0.6880000000000005;12.0;1.0;1.0;0.6880000000000005;12.0;1.0;Now
10:28:16 12/09/2020;Saturday;0.6819;0.6880000000000005;1.0;1.2198360545581524;0.7845326752345246;1.0;0.6880000000000005;12.0;1.0;1.0;0.6880000000000005;12.0;1.0;1.0;0.6880000000000005;12.0;1.0;Now
00:10:09 13/09/2020;Sunday;0.6826;0.6830000000000005;1.0;1.2218837915284742;0.8154677084338812;0.9487731481481482;0.6830000000000005;11.385277777777778;0.9487731481481482;1.0;0.6840000000000005;12.0;1.0;0.9487731481481482;0.6830000000000005;11.385277777777778;0.9487731481481482;Now
04:49:06 13/09/2020;Sunday;0.6825;0.6830000000000005;1.0;1.2218837915284742;0.8154677084338812;0.5613425925925926;0.6830000000000005;6.736111111111111;0.5613425925925926;1.0;0.6845000000000006;12.0;1.0;0.5613425925925926;0.6830000000000005;6.736111111111111;0.5613425925925926;Now
11:33:16 13/09/2020;Sunday;0.686;0.6860000000000005;1.0;1.2206555615733703;0.7969129160028927;1.0;0.6860000000000005;12.0;1.0;1.0;0.6860000000000005;12.0;1.0;1.0;0.6860000000000005;12.0;1.0;Now
17:27:29 13/09/2020;Sunday;0.6859;0.6860000000000005;1.0;1.2206555615733703;0.7969129160028927;0.6323148148148148;0.6860000000000005;7.587777777777778;0.6323148148148148;1.0;0.6880000000000005;12.0;1.0;0.6323148148148148;0.6860000000000005;7.587777777777778;0.6323148148148148;Now
20:03:58 13/09/2020;Sunday;0.6859;0.6860000000000005;1.0;1.2206555615733703;0.7969129160028927;0.41497685185185185;0.6860000000000005;4.979722222222223;0.41497685185185185;1.0;0.6910000000000004;12.0;1.0;0.41497685185185185;0.6860000000000005;4.979722222222223;0.41497685185185185;Now
01:02:45 14/09/2020;Monday;0.6913;0.6920000000000005;1.0;1.2181953866272845;0.7597472083283237;0.3865972222222222;0.6920000000000005;4.639166666666667;0.3865972222222222;1.0;0.6940000000000005;12.0;1.0;1.0;0.6935000000000004;12.0;1.0;Now
05:41:06 14/09/2020;Monday;0.6942;0.6950000000000005;1.0;1.2169634341261037;0.7411361796286419;0.8306944444444444;0.6950000000000005;9.968333333333334;0.8306944444444444;1.0;0.6956666666666672;12.0;1.0;0.8306944444444444;0.6950000000000005;9.968333333333334;0.8306944444444444;Now
10:44:23 14/09/2020;Monday;0.6935;0.6950000000000005;1.0;1.2169634341261037;0.7411361796286419;0.4094675925925926;0.6950000000000005;4.913611111111111;0.4094675925925926;1.0;0.6966666666666672;12.0;1.0;0.9014351851851852;0.6960000000000005;10.817222222222222;0.9014351851851852;Now
15:39:12 14/09/2020;Monday;0.6969;0.6970000000000005;1.0;1.216141439142668;0.7287183532813958;0.5438425925925926;0.6970000000000005;5.903611111111111;0.4919675925925926;1.0;0.6976666666666671;12.0;1.0;0.5438425925925926;0.6970000000000005;5.903611111111111;0.4919675925925926;Now
21:33:25 14/09/2020;Monday;0.6973;0.6980000000000005;1.0;1.2157302332343305;0.7225062915710527;1.0;0.6980000000000005;12.0;1.0;1.0;0.6980000000000005;12.0;1.0;1.0;0.6980000000000005;12.0;1.0;Now
03:01:51 15/09/2020;Tuesday;0.6969;0.6980000000000005;1.0;1.2157302332343305;0.7225062915710527;1.0;0.6980000000000005;12.0;1.0;1.0;0.6980000000000005;12.0;1.0;1.0;0.6980000000000005;12.0;1.0;Now
09:03:57 15/09/2020;Tuesday;0.6934;0.6980000000000005;1.0;1.2157302332343305;0.7225062915710527;1.0;0.6980000000000005;12.0;1.0;1.0;0.6960000000000005;12.0;1.0;1.0;0.6980000000000005;12.0;1.0;Now
15:57:54 15/09/2020;Tuesday;0.689;0.6940000000000005;1.0;1.2173742234826561;0.7473419485174522;1.0;0.6940000000000005;12.0;1.0;1.0;0.6906666666666671;12.0;1.0;1.0;0.6940000000000005;12.0;1.0;Now
21:05:43 15/09/2020;Tuesday;0.688;0.6890000000000005;1.0;1.219426094521517;0.7783394348293702;1.0;0.6890000000000005;12.0;1.0;1.0;0.6886666666666672;12.0;1.0;1.0;0.6890000000000005;12.0;1.0;Now
01:47:34 16/09/2020;Wednesday;0.6868;0.6890000000000005;1.0;1.219426094521517;0.7783394348293702;1.0;0.6890000000000005;12.0;1.0;1.0;0.6883333333333339;12.0;1.0;1.0;0.6890000000000005;12.0;1.0;Now
08:07:02 16/09/2020;Wednesday;0.6875;0.6880000000000005;1.0;1.2198360545581524;0.7845326752345246;1.0;0.6880000000000005;12.0;1.0;1.0;0.6880000000000005;12.0;1.0;1.0;0.6880000000000005;12.0;1.0;Now
12:46:06 16/09/2020;Wednesday;0.6851;0.6880000000000005;1.0;1.2198360545581524;0.7845326752345246;1.0;0.6880000000000005;12.0;1.0;1.0;0.6876666666666672;12.0;1.0;1.0;0.6880000000000005;12.0;1.0;Now
20:04:39 16/09/2020;Wednesday;0.6869;0.6880000000000005;1.0;1.2198360545581524;0.7845326752345246;0.6224074074074074;0.6880000000000005;7.4688888888888885;0.6224074074074074;1.0;0.6880000000000005;12.0;1.0;0.6224074074074074;0.6880000000000005;7.4688888888888885;0.6224074074074074;Now
00:45:04 17/09/2020;Thursday;0.6869;0.6870000000000005;1.0;1.220245876862528;0.790723834927121;0.23293981481481482;0.6870000000000005;2.7952777777777778;0.23293981481481482;1.0;0.6906666666666671;12.0;1.0;0.8416203703703704;0.6880000000000005;10.099444444444444;0.8416203703703704;Now
03:32:47 17/09/2020;Thursday;0.6889;0.6890000000000005;1.0;1.219426094521517;0.7783394348293702;0.6086805555555556;0.6890000000000005;7.304166666666666;0.6086805555555556;1.0;0.6925000000000006;12.0;1.0;0.6086805555555556;0.6890000000000005;7.304166666666666;0.6086805555555556;Now
10:51:02 17/09/2020;Thursday;0.6954;0.6960000000000005;1.0;1.2165525060596438;0.7349283152580105;1.0;0.6960000000000005;12.0;1.0;1.0;0.6960000000000005;12.0;1.0;1.0;0.6960000000000005;12.0;1.0;Now
15:54:26 17/09/2020;Thursday;0.6946;0.6960000000000005;1.0;1.2165525060596438;0.7349283152580105;1.0;0.6960000000000005;12.0;1.0;1.0;0.6955000000000005;12.0;1.0;1.0;0.6960000000000005;12.0;1.0;Now
01:20:17 18/09/2020;Friday;0.694;0.6950000000000005;1.0;1.2169634341261037;0.7411361796286419;1.0;0.6950000000000005;12.0;1.0;1.0;0.6943333333333338;12.0;1.0;1.0;0.6950000000000005;12.0;1.0;Now
06:32:05 18/09/2020;Friday;0.6924;0.6940000000000005;1.0;1.2173742234826561;0.7473419485174522;1.0;0.6940000000000005;12.0;1.0;1.0;0.6936666666666671;12.0;1.0;1.0;0.6940000000000005;12.0;1.0;Now
11:27:52 18/09/2020;Friday;0.6908;0.6940000000000005;1.0;1.2173742234826561;0.7473419485174522;1.0;0.6940000000000005;12.0;1.0;1.0;0.6935000000000004;12.0;1.0;1.0;0.6940000000000005;12.0;1.0;Now
18:22:07 18/09/2020;Friday;0.6891;0.6930000000000005;1.0;1.2177848742696715;0.7535456240450114;1.0;0.6930000000000005;12.0;1.0;1.0;0.6910000000000004;12.0;1.0;1.0;0.6930000000000005;12.0;1.0;Now
00:32:58 19/09/2020;Saturday;0.689;0.6900000000000005;1.0;1.219015996613662;0.7721441116124015;1.0;0.6900000000000005;12.0;1.0;1.0;0.6896666666666672;12.0;1.0;1.0;0.6900000000000005;12.0;1.0;Now
00:47:20 19/09/2020;Saturday;0.689;0.6900000000000005;1.0;1.219015996613662;0.7721441116124015;1.0;0.6900000000000005;12.0;1.0;1.0;0.6895000000000004;12.0;1.0;1.0;0.6895000000000004;12.0;1.0;Now
06:35:22 19/09/2020;Saturday;0.6848;0.6890000000000005;1.0;1.219426094521517;0.7783394348293702;1.0;0.6890000000000005;12.0;1.0;1.0;0.6870000000000005;12.0;1.0;1.0;0.6890000000000005;12.0;1.0;Now
12:47:35 19/09/2020;Saturday;0.6828;0.6850000000000005;1.0;1.2210651088291729;0.8030999205540518;1.0;0.6850000000000005;12.0;1.0;1.0;0.6840000000000005;12.0;1.0;1.0;0.6850000000000005;12.0;1.0;Now
19:32:03 19/09/2020;Saturday;0.6797;0.6830000000000005;1.0;1.2218837915284742;0.8154677084338812;1.0;0.6830000000000005;12.0;1.0;1.0;0.6820000000000005;12.0;1.0;1.0;0.6830000000000005;12.0;1.0;Now
02:17:35 20/09/2020;Sunday;0.6801;0.6810000000000005;1.0;1.2227019260637482;0.8278272152343393;0.5671990740740741;0.6810000000000005;6.806388888888889;0.5671990740740741;1.0;0.6820000000000005;12.0;1.0;0.5671990740740741;0.6810000000000005;6.806388888888889;0.5671990740740741;Now
09:05:58 20/09/2020;Sunday;0.683;0.6830000000000005;1.0;1.2218837915284742;0.8154677084338812;0.5608564814814815;0.6830000000000005;6.730277777777777;0.5608564814814815;1.0;0.6835000000000004;12.0;1.0;0.5608564814814815;0.6830000000000005;6.730277777777777;0.5608564814814815;Now
15:49:47 20/09/2020;Sunday;0.6833;0.6840000000000005;1.0;1.2214745187681975;0.8092848506693109;1.0;0.6840000000000005;12.0;1.0;1.0;0.6840000000000005;12.0;1.0;1.0;0.6840000000000005;12.0;1.0;Now
22:44:30 20/09/2020;Sunday;0.6815;0.6840000000000005;1.0;1.2214745187681975;0.8092848506693109;0.9838194444444445;0.6840000000000005;11.805833333333334;0.9838194444444445;1.0;0.6840000000000005;12.0;1.0;0.9838194444444445;0.6840000000000005;11.805833333333334;0.9838194444444445;Now
05:45:43 21/09/2020;Monday;0.6822;0.6830000000000005;1.0;1.2218837915284742;0.8154677084338812;0.44886574074074076;0.6830000000000005;4.785555555555556;0.3987962962962963;1.0;0.6843333333333339;12.0;1.0;1.0;0.6840000000000005;12.0;1.0;Now
10:32:51 21/09/2020;Monday;0.6845;0.6850000000000005;1.0;1.2210651088291729;0.8030999205540518;1.0;0.6850000000000005;12.0;1.0;1.0;0.6850000000000005;12.0;1.0;1.0;0.6850000000000005;12.0;1.0;Now
17:09:40 21/09/2020;Monday;0.6827;0.6850000000000005;1.0;1.2210651088291729;0.8030999205540518;1.0;0.6850000000000005;12.0;1.0;1.0;0.6850000000000005;12.0;1.0;1.0;0.6850000000000005;12.0;1.0;Now
22:56:09 21/09/2020;Monday;0.6842;0.6850000000000005;1.0;1.2210651088291729;0.8030999205540518;0.6332407407407408;0.6850000000000005;7.598888888888889;0.6332407407407408;1.0;0.6855000000000004;12.0;1.0;0.6332407407407408;0.6850000000000005;7.598888888888889;0.6332407407407408;Now
06:32:05 22/09/2020;Tuesday;0.6856;0.6860000000000005;1.0;1.2206555615733703;0.7969129160028927;0.3984259259259259;0.6860000000000005;4.7811111111111115;0.3984259259259259;1.0;0.6866666666666671;12.0;1.0;1.0;0.6865000000000006;12.0;1.0;Now
11:18:57 22/09/2020;Tuesday;0.6864;0.6870000000000005;1.0;1.220245876862528;0.790723834927121;1.0;0.6870000000000005;12.0;1.0;1.0;0.6870000000000006;12.0;1.0;1.0;0.6870000000000005;12.0;1.0;Now
18:20:17 22/09/2020;Tuesday;0.6863;0.6870000000000005;1.0;1.220245876862528;0.790723834927121;1.0;0.6870000000000005;12.0;1.0;1.0;0.6870000000000005;12.0;1.0;1.0;0.6870000000000005;12.0;1.0;Now
23:16:21 22/09/2020;Tuesday;0.6858;0.6870000000000005;1.0;1.220245876862528;0.790723834927121;0.9962037037037037;0.6870000000000005;11.954444444444444;0.9962037037037037;1.0;0.6875000000000006;12.0;1.0;0.9962037037037037;0.6870000000000006;11.954444444444444;0.9962037037037037;Now
01:47:07 23/09/2020;Wednesday;0.6858;0.6870000000000005;1.0;1.220245876862528;0.790723834927121;0.7868055555555555;0.6870000000000005;9.441666666666666;0.7868055555555555;1.0;0.6876666666666672;12.0;1.0;0.7868055555555555;0.6870000000000005;9.441666666666666;0.7868055555555555;Now
05:27:40 23/09/2020;Wednesday;0.687;0.6870000000000005;1.0;1.220245876862528;0.790723834927121;0.4804861111111111;0.6870000000000005;5.765833333333333;0.4804861111111111;1.0;0.6890000000000005;12.0;1.0;0.4804861111111111;0.6870000000000005;5.765833333333333;0.4804861111111111;Now
11:13:37 23/09/2020;Wednesday;0.689;0.6890000000000005;1.0;1.219426094521517;0.7783394348293702;0.4457638888888889;0.6890000000000005;5.349166666666667;0.4457638888888889;1.0;0.6903333333333338;12.0;1.0;0.4457638888888889;0.6890000000000005;5.349166666666667;0.4457638888888889;Now
16:34:34 23/09/2020;Wednesday;0.6901;0.6910000000000005;1.0;1.218605760695394;0.7659467034808306;1.0;0.6910000000000005;12.0;1.0;1.0;0.6910000000000005;12.0;1.0;1.0;0.6910000000000005;12.0;1.0;Now
22:12:02 23/09/2020;Wednesday;0.6894;0.6910000000000005;1.0;1.218605760695394;0.7659467034808306;0.5743981481481482;0.6910000000000005;6.892777777777778;0.5743981481481482;1.0;0.6926666666666672;12.0;1.0;0.5743981481481482;0.6910000000000005;6.892777777777778;0.5743981481481482;Now
05:05:36 24/09/2020;Thursday;0.6927;0.6930000000000005;1.0;1.2177848742696715;0.7535456240450114;0.3983101851851852;0.6930000000000005;4.779722222222222;0.3983101851851852;1.0;0.6943333333333338;12.0;1.0;0.3983101851851852;0.6930000000000005;4.779722222222222;0.3983101851851852;Now
09:52:23 24/09/2020;Thursday;0.6931;0.6940000000000005;1.0;1.2173742234826561;0.7473419485174522;0.39946759259259257;0.6940000000000005;4.793611111111111;0.39946759259259257;1.0;0.6950000000000005;12.0;1.0;1.0;0.6950000000000005;12.0;1.0;Now
14:40:00 24/09/2020;Thursday;0.6956;0.6960000000000005;1.0;1.2165525060596438;0.7349283152580105;1.0;0.6960000000000005;12.0;1.0;1.0;0.6960000000000005;12.0;1.0;1.0;0.6960000000000005;12.0;1.0;Now
21:59:05 24/09/2020;Thursday;0.6947;0.6960000000000005;1.0;1.2165525060596438;0.7349283152580105;0.8545138888888889;0.6960000000000005;10.254166666666666;0.8545138888888889;1.0;0.6966666666666672;12.0;1.0;0.8545138888888889;0.6960000000000005;10.254166666666666;0.8545138888888889;Now
03:19:01 25/09/2020;Friday;0.6958;0.6960000000000005;1.0;1.2165525060596438;0.7349283152580105;0.410162037037037;0.6960000000000005;4.921944444444445;0.410162037037037;1.0;0.6973333333333338;12.0;1.0;0.410162037037037;0.6960000000000005;4.921944444444445;0.410162037037037;Now
08:14:20 25/09/2020;Friday;0.6972;0.6980000000000005;1.0;1.2157302332343305;0.7225062915710527;1.0;0.6980000000000005;12.0;1.0;1.0;0.6980000000000005;12.0;1.0;1.0;0.6980000000000005;12.0;1.0;Now
13:09:53 25/09/2020;Friday;0.6973;0.6980000000000005;1.0;1.2157302332343305;0.7225062915710527;1.0;0.6980000000000005;12.0;1.0;1.0;0.6980000000000005;12.0;1.0;1.0;0.6980000000000005;12.0;1.0;Now
19:55:03 25/09/2020;Friday;0.6958;0.6980000000000005;1.0;1.2157302332343305;0.7225062915710527;1.0;0.6980000000000005;12.0;1.0;1.0;0.6980000000000005;12.0;1.0;1.0;0.6980000000000005;12.0;1.0;Now
03:06:03 26/09/2020;Saturday;0.6974;0.6980000000000005;1.0;1.2157302332343305;0.7225062915710527;0.6206018518518519;0.6980000000000005;7.447222222222222;0.6206018518518519;1.0;0.7015000000000005;12.0;1.0;0.6206018518518519;0.6980000000000005;7.447222222222222;0.6206018518518519;Now
10:32:53 26/09/2020;Saturday;0.7042;0.7050000000000005;1.0;1.212847888236608;0.6789628875651511;0.5975;0.7050000000000005;7.17;0.5975;1.0;0.7056666666666671;12.0;1.0;0.5975;0.7050000000000005;7.17;0.5975;Now
17:43:05 26/09/2020;Saturday;0.7058;0.7060000000000005;1.0;1.212435565298214;0.6727339509522259;0.5871064814814815;0.7060000000000005;7.045277777777778;0.5871064814814815;1.0;0.7063333333333338;12.0;1.0;0.5871064814814815;0.7060000000000005;7.045277777777778;0.5871064814814815;Now
18:46:41 26/09/2020;Saturday;0.7058;0.7060000000000005;1.0;1.212435565298214;0.6727339509522259;0.49877314814814816;0.7060000000000005;5.985277777777778;0.49877314814814816;1.0;0.7065000000000006;12.0;1.0;1.0;0.7065000000000006;12.0;1.0;Now
00:45:48 27/09/2020;Sunday;0.7061;0.7070000000000005;1.0;1.212023102090055;0.6665028952928131;0.6083101851851852;0.7070000000000005;7.299722222222222;0.6083101851851852;1.0;0.7080000000000005;12.0;1.0;0.6083101851851852;0.7070000000000005;7.299722222222222;0.6083101851851852;Now
08:03:47 27/09/2020;Sunday;0.7081;0.7090000000000005;1.0;1.211197754291181;0.6540344181743037;1.0;0.7090000000000005;12.0;1.0;1.0;0.7090000000000005;12.0;1.0;1.0;0.7090000000000005;12.0;1.0;Now
13:49:43 27/09/2020;Sunday;0.7003;0.7090000000000005;1.0;1.211197754291181;0.6540344181743037;0.9031712962962963;0.7090000000000005;10.838055555555556;0.9031712962962963;1.0;0.7110000000000006;12.0;1.0;0.9031712962962963;0.7090000000000005;10.838055555555556;0.9031712962962963;Now
18:37:07 27/09/2020;Sunday;0.7036;0.7090000000000005;1.0;1.211197754291181;0.6540344181743037;0.5040046296296297;0.7090000000000005;6.048055555555556;0.5040046296296297;1.0;0.7130000000000005;12.0;1.0;0.5040046296296297;0.7090000000000005;6.048055555555556;0.5040046296296297;Now
00:40:00 28/09/2020;Monday;0.7143;0.7150000000000005;1.0;1.2087183294713453;0.6165779038716533;1.0;0.7150000000000005;12.0;1.0;1.0;0.7150000000000004;12.0;1.0;1.0;0.7150000000000005;12.0;1.0;Now
05:26:27 28/09/2020;Monday;0.7132;0.7150000000000005;1.0;1.2087183294713453;0.6165779038716533;1.0;0.7150000000000005;12.0;1.0;1.0;0.7146666666666671;12.0;1.0;1.0;0.7150000000000005;12.0;1.0;Now
10:39:24 28/09/2020;Monday;0.7121;0.7150000000000005;1.0;1.2087183294713453;0.6165779038716533;1.0;0.7150000000000005;12.0;1.0;1.0;0.7140000000000005;12.0;1.0;1.0;0.7150000000000005;12.0;1.0;Now
16:07:47 28/09/2020;Monday;0.7117;0.7140000000000005;1.0;1.2091319200153472;0.6228259901225104;1.0;0.7140000000000005;12.0;1.0;1.0;0.7130000000000005;12.0;1.0;1.0;0.7140000000000005;12.0;1.0;Now
22:03:03 28/09/2020;Monday;0.7084;0.7130000000000005;1.0;1.209545369136685;0.6290719399101057;1.0;0.7130000000000005;12.0;1.0;1.0;0.7125000000000006;12.0;1.0;1.0;0.7125000000000006;12.0;1.0;Now
03:48:11 29/09/2020;Tuesday;0.7099;0.7120000000000005;1.0;1.2099586769803337;0.635315755424563;1.0;0.7120000000000005;12.0;1.0;1.0;0.7110000000000005;12.0;1.0;1.0;0.7120000000000005;12.0;1.0;Now
10:42:09 29/09/2020;Tuesday;0.7058;0.7100000000000005;1.0;1.2107848694132248;0.6477969923758737;1.0;0.7100000000000005;12.0;1.0;1.0;0.7080000000000005;12.0;1.0;1.0;0.7100000000000005;12.0;1.0;Now
17:53:00 29/09/2020;Tuesday;0.7032;0.7060000000000005;1.0;1.212435565298214;0.6727339509522259;1.0;0.7060000000000005;12.0;1.0;1.0;0.7050000000000005;12.0;1.0;1.0;0.7060000000000005;12.0;1.0;Now
00:54:38 30/09/2020;Wednesday;0.7034;0.7040000000000005;1.0;1.213260071048248;0.6851897072920424;0.6213194444444444;0.7040000000000005;7.4558333333333335;0.6213194444444444;1.0;0.7050000000000005;12.0;1.0;0.6213194444444444;0.7040000000000005;7.4558333333333335;0.6213194444444444;Now
08:21:59 30/09/2020;Wednesday;0.7051;0.7060000000000005;1.0;1.212435565298214;0.6727339509522259;;;;;;;;;;;;;Now
14:50:19 30/09/2020;Wednesday;0.7105;0.7110000000000005;1.0;1.2103718436910202;0.641557438852269;;;;;;;;;;;;;Now
19:37:15 30/09/2020;Wednesday;0.7101;0.7110000000000005;1.0;1.2103718436910202;0.641557438852269;;;;;;;;;;;;;Now
