12:01:27 01/07/2020;Wednesday;0.8971;0.8980000000000007;1.0;1.0227414140436475;0.9172408817869611;0.5229861111111112;0.8980000000000007;4.756944444444445;0.39641203703703703;1.0;0.8993333333333341;12.0;1.0;1.0;0.8990000000000007;12.0;1.0;Now
16:46:52 01/07/2020;Wednesday;0.8991;0.9000000000000007;1.0;1.0217631819555837;0.9138898164150622;1.0;0.9000000000000007;12.0;1.0;1.0;0.9000000000000007;12.0;1.0;1.0;0.9000000000000007;12.0;1.0;Now
22:30:19 01/07/2020;Wednesday;0.894;0.9000000000000007;1.0;1.0217631819555837;0.9138898164150622;1.0;0.9000000000000007;12.0;1.0;1.0;0.8970000000000007;12.0;1.0;1.0;0.9000000000000007;12.0;1.0;Now
05:47:28 02/07/2020;Thursday;0.8733;0.8940000000000007;1.0;1.0246950765959595;0.9239334151921845;1.0;0.8940000000000007;12.0;1.0;1.0;0.8840000000000007;12.0;1.0;1.0;0.8940000000000007;12.0;1.0;Now
12:29:27 02/07/2020;Thursday;0.8693;0.8740000000000007;1.0;1.0344080432788598;0.9572064867941384;1.0;0.8740000000000007;12.0;1.0;1.0;0.8713333333333341;12.0;1.0;1.0;0.8740000000000007;12.0;1.0;Now
18:39:27 02/07/2020;Thursday;0.8494;0.8700000000000007;1.0;1.0363397126425289;0.9638236795784824;1.0;0.8700000000000007;12.0;1.0;1.0;0.8633333333333341;12.0;1.0;1.0;0.8700000000000007;12.0;1.0;Now
00:14:40 03/07/2020;Friday;0.8453;0.8700000000000007;1.0;1.0363397126425289;0.9638236795784824;1.0;0.8700000000000007;12.0;1.0;1.0;0.8560000000000006;12.0;1.0;1.0;0.8600000000000007;12.0;1.0;Now
04:51:37 03/07/2020;Friday;0.8426;0.8500000000000006;1.0;1.0459445491994304;0.9967263369144198;1.0;0.8500000000000006;12.0;1.0;1.0;0.8490000000000006;12.0;1.0;1.0;0.8500000000000006;12.0;1.0;Now
11:09:10 03/07/2020;Friday;0.8476;0.8480000000000006;1.0;1.0469001862641916;1.0;1.0;0.8480000000000006;12.0;1.0;1.0;0.8480000000000006;12.0;1.0;1.0;0.8480000000000006;12.0;1.0;Now
00:18:23 04/07/2020;Saturday;0.8569;0.8570000000000007;1.0;1.042592921518269;0.9852448862455215;0.4184953703703704;0.8570000000000007;5.021944444444444;0.4184953703703704;1.0;0.8640000000000007;12.0;1.0;0.4184953703703704;0.8570000000000007;5.021944444444444;0.4184953703703704;Now
05:19:42 04/07/2020;Saturday;0.8622;0.8630000000000007;1.0;1.0397114984456022;0.9753741846007655;0.39743055555555556;0.8630000000000007;4.769166666666667;0.39743055555555556;1.0;0.873333333333334;12.0;1.0;0.9332870370370371;0.8675000000000006;11.199444444444444;0.9332870370370371;Now
10:05:51 04/07/2020;Saturday;0.8719;0.8720000000000007;1.0;1.0353743284435823;0.9605166263759328;0.5358564814814815;0.8720000000000007;6.4302777777777775;0.5358564814814815;1.0;0.8846666666666674;12.0;1.0;0.5358564814814815;0.8720000000000007;6.4302777777777775;0.5358564814814815;Now
16:31:40 04/07/2020;Saturday;0.8845;0.8850000000000007;1.0;1.0290772565750343;0.9389451611372317;0.41909722222222223;0.8850000000000007;5.029166666666667;0.41909722222222223;1.0;0.8930000000000007;12.0;1.0;0.41909722222222223;0.8850000000000007;5.029166666666667;0.41909722222222223;Now
21:33:25 04/07/2020;Saturday;0.8966;0.8970000000000007;1.0;1.0232301793829184;0.9189152130866601;1.0;0.8970000000000007;12.0;1.0;1.0;0.8970000000000007;12.0;1.0;1.0;0.8970000000000007;12.0;1.0;Now
03:00:52 05/07/2020;Sunday;0.8955;0.8970000000000007;1.0;1.0232301793829184;0.9189152130866601;1.0;0.8970000000000007;12.0;1.0;1.0;0.8965000000000007;12.0;1.0;1.0;0.8970000000000007;12.0;1.0;Now
09:52:42 05/07/2020;Sunday;0.8956;0.8960000000000007;1.0;1.0237187113655777;0.9205887449919516;1.0;0.8960000000000007;12.0;1.0;1.0;0.8960000000000007;12.0;1.0;1.0;0.8960000000000007;12.0;1.0;Now
16:43:52 05/07/2020;Sunday;0.8947;0.8960000000000007;1.0;1.0237187113655777;0.9205887449919516;1.0;0.8960000000000007;12.0;1.0;1.0;0.8955000000000006;12.0;1.0;1.0;0.8960000000000007;12.0;1.0;Now
23:43:21 05/07/2020;Sunday;0.8912;0.8950000000000007;1.0;1.024207010325549;0.9222614786467357;0.8743055555555556;0.8950000000000007;10.491666666666667;0.8743055555555556;1.0;0.8953333333333339;12.0;1.0;0.8743055555555556;0.8950000000000007;10.491666666666667;0.8743055555555556;Now
05:10:10 06/07/2020;Monday;0.89;0.8920000000000007;1.0;1.0256705123966463;0.9272749015061961;0.4203935185185185;0.8920000000000007;5.044722222222222;0.4203935185185185;1.0;0.8955000000000006;12.0;1.0;1.0;0.8955000000000006;12.0;1.0;Now
10:12:51 06/07/2020;Monday;0.8986;0.8990000000000007;1.0;1.0222524150130432;0.9155657499462201;0.5818981481481481;0.8990000000000007;6.982777777777778;0.5818981481481481;1.0;0.8995000000000006;12.0;1.0;0.5818981481481481;0.8990000000000007;6.982777777777778;0.5818981481481481;Now
17:11:49 06/07/2020;Monday;0.8998;0.9000000000000007;1.0;1.0217631819555837;0.9138898164150622;0.5706018518518519;0.9000000000000007;6.847222222222222;0.5706018518518519;1.0;0.9060000000000007;12.0;1.0;0.5706018518518519;0.9000000000000007;6.847222222222222;0.5706018518518519;Now
00:02:39 07/07/2020;Tuesday;0.9112;0.9120000000000007;1.0;1.0158740079360231;0.8937156600294363;0.9570138888888889;0.9120000000000007;11.484166666666667;0.9570138888888889;1.0;0.9156666666666674;12.0;1.0;0.9570138888888889;0.9120000000000007;11.484166666666667;0.9570138888888889;Now
05:47:20 07/07/2020;Tuesday;0.904;0.9120000000000007;1.0;1.0158740079360231;0.8937156600294363;0.478287037037037;0.9120000000000007;5.739444444444445;0.478287037037037;1.0;0.9220000000000006;12.0;1.0;0.478287037037037;0.9120000000000007;5.739444444444445;0.478287037037037;Now
11:31:42 07/07/2020;Tuesday;0.923;0.9230000000000007;1.0;1.01044544632553;0.8751193933008014;0.47756944444444444;0.9230000000000007;5.730833333333333;0.47756944444444444;1.0;0.930333333333334;12.0;1.0;0.9838657407407407;0.9270000000000007;11.80638888888889;0.9838657407407407;Now
17:15:33 07/07/2020;Tuesday;0.931;0.9310000000000007;1.0;1.0064790112068902;0.8615318372002182;0.616550925925926;0.9310000000000007;6.075555555555556;0.5062962962962962;1.0;0.9350000000000008;12.0;1.0;0.616550925925926;0.9310000000000007;6.075555555555556;0.5062962962962962;Now
23:20:05 07/07/2020;Tuesday;0.9361;0.9370000000000007;1.0;1.0034938963441677;0.8513059254051865;1.0;0.9370000000000007;12.0;1.0;1.0;0.9370000000000007;12.0;1.0;1.0;0.9370000000000007;12.0;1.0;Now
03:56:10 08/07/2020;Wednesday;0.9303;0.9370000000000007;1.0;1.0034938963441677;0.8513059254051865;1.0;0.9370000000000007;12.0;1.0;1.0;0.9370000000000007;12.0;1.0;1.0;0.9370000000000007;12.0;1.0;Now
09:32:30 08/07/2020;Wednesday;0.9321;0.9370000000000007;1.0;1.0034938963441677;0.8513059254051865;1.0;0.9370000000000007;12.0;1.0;1.0;0.9365000000000008;12.0;1.0;1.0;0.9370000000000007;12.0;1.0;Now
16:29:06 08/07/2020;Wednesday;0.9353;0.9360000000000007;1.0;1.0039920318408901;0.8530123554374338;0.5630555555555555;0.9360000000000007;6.756666666666667;0.5630555555555555;1.0;0.9405000000000008;12.0;1.0;0.5630555555555555;0.9360000000000007;6.756666666666667;0.5630555555555555;Now
23:14:30 08/07/2020;Wednesday;0.9447;0.9450000000000007;1.0;0.9994998749374605;0.8376238687706193;0.5836111111111111;0.9450000000000007;7.003333333333333;0.5836111111111111;1.0;0.9570000000000007;12.0;1.0;0.5836111111111111;0.9450000000000007;7.003333333333333;0.5836111111111111;Now
06:14:42 09/07/2020;Thursday;0.9684;0.9690000000000007;1.0;0.9874208829065746;0.7962456596359528;0.570462962962963;0.9690000000000007;6.845555555555555;0.570462962962963;1.0;0.9755000000000007;12.0;1.0;0.570462962962963;0.9690000000000007;6.845555555555555;0.570462962962963;Now
13:05:26 09/07/2020;Thursday;0.9814;0.9820000000000008;1.0;0.9808159868191378;0.7736197012016833;0.6074305555555556;0.9820000000000008;7.289166666666667;0.6074305555555556;1.0;0.9915000000000007;12.0;1.0;0.6074305555555556;0.9820000000000008;7.289166666666667;0.6074305555555556;Now
20:22:47 09/07/2020;Thursday;1.0009;1.0010000000000006;1.0;0.9710818709048169;0.7402741800676392;0.5006018518518518;1.0010000000000006;6.0072222222222225;0.5006018518518518;1.0;1.0050000000000001;12.0;1.0;0.5006018518518518;1.0010000000000006;6.0072222222222225;0.5006018518518518;Now
02:23:13 10/07/2020;Friday;1.0088;1.0089999999999997;1.0;0.9669539802906859;0.7261335364874637;0.6187268518518518;1.0089999999999997;7.424722222222222;0.6187268518518518;1.0;1.015999999999999;12.0;1.0;0.6187268518518518;1.0089999999999997;7.424722222222222;0.6187268518518518;Now
09:48:42 10/07/2020;Friday;1.0229;1.0229999999999981;1.0;0.9596874491208072;0.7012410582358026;0.581875;1.0229999999999981;6.9825;0.581875;1.0;1.0254999999999979;12.0;1.0;0.581875;1.0229999999999981;6.9825;0.581875;Now
16:47:39 10/07/2020;Friday;1.0276;1.0279999999999976;1.0;0.9570788891204332;0.6923050856844667;0.5362731481481482;1.0279999999999976;6.435277777777777;0.5362731481481482;1.0;1.033999999999997;12.0;1.0;0.5362731481481482;1.0279999999999976;6.435277777777777;0.5362731481481482;Now
23:13:46 10/07/2020;Friday;1.0317;1.0319999999999971;1.0;0.9549869109050673;0.6851387334028164;0.44328703703703703;1.0319999999999971;5.319444444444445;0.44328703703703703;1.0;1.0426666666666626;12.0;1.0;0.44328703703703703;1.0319999999999971;5.319444444444445;0.44328703703703703;Now
04:32:56 11/07/2020;Saturday;1.0414;1.041999999999996;1.0;0.9497368056467033;0.6671537928710141;0.38439814814814816;1.041999999999996;4.612777777777778;0.38439814814814816;1.0;1.050999999999995;12.0;1.0;0.38439814814814816;1.041999999999996;4.612777777777778;0.38439814814814816;Now
09:09:42 11/07/2020;Saturday;1.0535;1.0539999999999947;1.0;0.9433981132056631;0.6454397507725483;0.3852083333333333;1.0539999999999947;4.6225;0.3852083333333333;1.0;1.0554999999999946;12.0;1.0;1.0;1.0554999999999946;12.0;1.0;Now
13:47:03 11/07/2020;Saturday;1.0569;1.0569999999999944;1.0;0.9418067742376912;0.6399884054572674;1.0;1.0569999999999944;12.0;1.0;1.0;1.0569999999999944;12.0;1.0;1.0;1.0569999999999944;12.0;1.0;Now
01:48:27 12/07/2020;Sunday;1.0515;1.051999999999995;1.0;0.9444575162494102;0.6490688781525467;1.0;1.051999999999995;12.0;1.0;1.0;1.051999999999995;12.0;1.0;1.0;1.051999999999995;12.0;1.0;Now
08:47:40 12/07/2020;Sunday;1.0236;1.051999999999995;1.0;0.9444575162494102;0.6490688781525467;1.0;1.051999999999995;12.0;1.0;1.0;1.0426666666666626;12.0;1.0;1.0;1.051999999999995;12.0;1.0;Now
13:25:03 12/07/2020;Sunday;1.015;1.051999999999995;1.0;0.9444575162494102;0.6490688781525467;1.0;1.051999999999995;12.0;1.0;1.0;1.030666666666664;12.0;1.0;1.0;1.051999999999995;12.0;1.0;Now
19:43:03 12/07/2020;Sunday;1.014;1.023999999999998;1.0;0.9591663046625449;0.6994558079162223;1.0;1.023999999999998;12.0;1.0;1.0;1.018333333333332;12.0;1.0;1.0;1.0199999999999985;12.0;1.0;Now
00:53:19 13/07/2020;Monday;1.0137;1.015999999999999;1.0;0.9633275663033842;0.7137107684293542;1.0;1.015999999999999;12.0;1.0;1.0;1.014999999999999;12.0;1.0;1.0;1.015999999999999;12.0;1.0;Now
06:53:53 13/07/2020;Monday;1.0012;1.014999999999999;1.0;0.9638464608017197;0.715488311209087;0.9687962962962963;1.014999999999999;11.625555555555556;0.9687962962962963;1.0;1.0156666666666656;12.0;1.0;0.9687962962962963;1.014499999999999;11.625555555555556;0.9687962962962963;Now
12:30:26 13/07/2020;Monday;1.0106;1.0139999999999991;1.0;0.9643650760992959;0.7172648975491288;0.5013657407407407;1.0139999999999991;6.016388888888889;0.5013657407407407;1.0;1.015999999999999;12.0;1.0;0.5013657407407407;1.0139999999999991;6.016388888888889;0.5013657407407407;Now
18:31:25 13/07/2020;Monday;1.0177;1.0179999999999987;1.0;0.9622889378975533;0.7101528073610973;1.0;1.0179999999999987;12.0;1.0;1.0;1.0179999999999987;12.0;1.0;1.0;1.0179999999999987;12.0;1.0;Now
01:55:15 14/07/2020;Tuesday;1.0112;1.0179999999999987;1.0;0.9622889378975533;0.7101528073610973;1.0;1.0179999999999987;12.0;1.0;1.0;1.0169999999999988;12.0;1.0;1.0;1.0169999999999988;12.0;1.0;Now
06:41:13 14/07/2020;Tuesday;1.0154;1.015999999999999;1.0;0.9633275663033842;0.7137107684293542;1.0;1.015999999999999;12.0;1.0;1.0;1.015999999999999;12.0;1.0;1.0;1.015999999999999;12.0;1.0;Now
19:00:25 14/07/2020;Tuesday;1.028;1.0289999999999975;1.0;0.9565563234854508;0.6905149669332001;0.44155092592592593;1.0289999999999975;5.298611111111111;0.44155092592592593;1.0;1.0443333333333291;12.0;1.0;0.9669212962962963;1.0354999999999968;11.603055555555555;0.9669212962962963;Now
00:18:20 15/07/2020;Wednesday;1.0411;1.041999999999996;1.0;0.9497368056467033;0.6671537928710141;0.5253703703703704;1.041999999999996;6.304444444444444;0.5253703703703704;1.0;1.051999999999995;12.0;1.0;0.5253703703703704;1.041999999999996;6.304444444444444;0.5253703703703704;Now
06:36:36 15/07/2020;Wednesday;1.0617;1.0619999999999938;1.0;0.939148550549915;0.6308823032760358;0.6291898148148148;1.0619999999999938;7.550277777777778;0.6291898148148148;1.0;1.069499999999993;12.0;1.0;0.6291898148148148;1.0619999999999938;7.550277777777778;0.6291898148148148;Now
14:09:37 15/07/2020;Wednesday;1.0761;1.0769999999999922;1.0;0.9311283477587866;0.6034080216848917;0.4437962962962963;1.0769999999999922;5.325555555555556;0.4437962962962963;1.0;1.0774999999999921;12.0;1.0;1.0;1.0774999999999921;12.0;1.0;Now
19:29:09 15/07/2020;Wednesday;1.0774;1.077999999999992;1.0;0.9305912099305516;0.6015679839289251;0.593287037037037;1.077999999999992;7.1194444444444445;0.593287037037037;1.0;1.0809999999999917;12.0;1.0;0.593287037037037;1.077999999999992;7.1194444444444445;0.593287037037037;Now
02:36:19 16/07/2020;Thursday;1.0835;1.0839999999999914;1.0;0.927361849549575;0.5905053763145169;1.0;1.0839999999999914;12.0;1.0;1.0;1.0839999999999914;12.0;1.0;1.0;1.0839999999999914;12.0;1.0;Now
09:36:14 16/07/2020;Thursday;1.0772;1.0839999999999914;1.0;0.927361849549575;0.5905053763145169;1.0;1.0839999999999914;12.0;1.0;1.0;1.0839999999999914;12.0;1.0;1.0;1.0839999999999914;12.0;1.0;Now
14:22:03 16/07/2020;Thursday;1.068;1.0839999999999914;1.0;0.927361849549575;0.5905053763145169;1.0;1.0839999999999914;12.0;1.0;1.0;1.0759999999999923;12.0;1.0;1.0;1.0839999999999914;12.0;1.0;Now
21:46:32 16/07/2020;Thursday;1.0719;1.0719999999999927;1.0;0.933809402394304;0.6125923343432856;0.5022916666666667;1.0719999999999927;6.0275;0.5022916666666667;1.0;1.0753333333333257;12.0;1.0;1.0;1.0769999999999922;12.0;1.0;Now
01:44:32 17/07/2020;Friday;1.0719;1.0719999999999927;1.0;0.933809402394304;0.6125923343432856;0.17173611111111112;1.0719999999999927;2.0608333333333335;0.17173611111111112;1.0;1.0786666666666587;12.0;1.0;1.0;1.0769999999999922;12.0;1.0;Now
03:48:11 17/07/2020;Friday;1.0818;1.0819999999999916;1.0;0.9284395510748173;0.5941971875999454;1.0;1.0819999999999916;12.0;1.0;1.0;1.0819999999999916;12.0;1.0;1.0;1.0819999999999916;12.0;1.0;Now
09:57:00 17/07/2020;Friday;1.0788;1.0819999999999916;1.0;0.9284395510748173;0.5941971875999454;0.618912037037037;1.0819999999999916;7.426944444444445;0.618912037037037;1.0;1.0824999999999916;12.0;1.0;0.618912037037037;1.0819999999999916;7.426944444444445;0.618912037037037;Now
17:22:37 17/07/2020;Friday;1.0829;1.0829999999999915;1.0;0.9279008567729682;0.5923518179346148;0.5247453703703704;1.0829999999999915;6.296944444444445;0.5247453703703704;1.0;1.0839999999999914;12.0;1.0;0.5247453703703704;1.0829999999999915;6.296944444444445;0.5247453703703704;Now
23:40:26 17/07/2020;Friday;1.0844;1.0849999999999913;1.0;0.9268225288586853;0.5886578608694182;1.0;1.0849999999999913;12.0;1.0;1.0;1.0849999999999913;12.0;1.0;1.0;1.0849999999999913;12.0;1.0;Now
05:32:28 18/07/2020;Saturday;1.0773;1.0849999999999913;1.0;0.9268225288586853;0.5886578608694182;1.0;1.0849999999999913;12.0;1.0;1.0;1.0814999999999917;12.0;1.0;1.0;1.0849999999999913;12.0;1.0;Now
12:07:33 18/07/2020;Saturday;1.0717;1.077999999999992;1.0;0.9305912099305516;0.6015679839289251;1.0;1.077999999999992;12.0;1.0;1.0;1.0749999999999924;12.0;1.0;1.0;1.077999999999992;12.0;1.0;Now
18:41:35 18/07/2020;Saturday;1.0625;1.0719999999999927;1.0;0.933809402394304;0.6125923343432856;1.0;1.0719999999999927;12.0;1.0;1.0;1.0683333333333265;12.0;1.0;1.0;1.0719999999999927;12.0;1.0;Now
00:18:19 19/07/2020;Sunday;1.0611;1.0629999999999937;1.0;0.9386160024205885;0.6290579881499723;0.4299537037037037;1.0629999999999937;5.1594444444444445;0.4299537037037037;1.0;1.0664999999999933;12.0;1.0;1.0;1.0664999999999933;12.0;1.0;Now
05:27:53 19/07/2020;Sunday;1.0691;1.069999999999993;1.0;0.9348796714016232;0.6162586845405511;0.6301388888888889;1.069999999999993;7.5616666666666665;0.6301388888888889;1.0;1.0719999999999927;12.0;1.0;0.6301388888888889;1.069999999999993;7.5616666666666665;0.6301388888888889;Now
13:01:35 19/07/2020;Sunday;1.0731;1.0739999999999925;1.0;0.9327379053088855;0.6089217771995881;0.4309722222222222;1.0739999999999925;5.171666666666667;0.4309722222222222;1.0;1.0759999999999923;12.0;1.0;1.0;1.0759999999999923;12.0;1.0;Now
18:11:53 19/07/2020;Sunday;1.0775;1.077999999999992;1.0;0.9305912099305516;0.6015679839289251;0.5835185185185185;1.077999999999992;7.002222222222223;0.5835185185185185;1.0;1.0786666666666587;12.0;1.0;0.5835185185185185;1.077999999999992;7.002222222222223;0.5835185185185185;Now
01:12:01 20/07/2020;Monday;1.0789;1.078999999999992;1.0;0.930053761886918;0.599726883488456;1.0;1.078999999999992;12.0;1.0;1.0;1.078999999999992;12.0;1.0;1.0;1.078999999999992;12.0;1.0;Now
06:06:13 20/07/2020;Monday;1.0786;1.078999999999992;1.0;0.930053761886918;0.599726883488456;1.0;1.078999999999992;12.0;1.0;1.0;1.078999999999992;12.0;1.0;1.0;1.078999999999992;12.0;1.0;Now
12:49:21 20/07/2020;Monday;1.0752;1.078999999999992;1.0;0.930053761886918;0.599726883488456;1.0;1.078999999999992;12.0;1.0;1.0;1.077999999999992;12.0;1.0;1.0;1.078999999999992;12.0;1.0;Now
17:52:29 20/07/2020;Monday;1.0693;1.078999999999992;1.0;0.930053761886918;0.599726883488456;1.0;1.078999999999992;12.0;1.0;1.0;1.0774999999999921;12.0;1.0;1.0;1.0774999999999921;12.0;1.0;Now
22:55:53 20/07/2020;Monday;1.0692;1.0759999999999923;1.0;0.9316651759081734;0.605246998594381;0.5843287037037037;1.0759999999999923;7.0119444444444445;0.5843287037037037;1.0;1.0764999999999922;12.0;1.0;0.5843287037037037;1.0759999999999923;7.0119444444444445;0.5843287037037037;Now
05:56:36 21/07/2020;Tuesday;1.0765;1.0769999999999922;1.0;0.9311283477587866;0.6034080216848917;0.5382638888888889;1.0769999999999922;6.4591666666666665;0.5382638888888889;1.0;1.078499999999992;12.0;1.0;0.5382638888888889;1.0769999999999922;6.4591666666666665;0.5382638888888889;Now
12:24:09 21/07/2020;Tuesday;1.0794;1.0799999999999919;1.0;0.9295160030897844;0.5978847185201455;1.0;1.0799999999999919;12.0;1.0;1.0;1.0799999999999919;12.0;1.0;1.0;1.0799999999999919;12.0;1.0;Now
18:02:05 21/07/2020;Tuesday;1.0784;1.0799999999999919;1.0;0.9295160030897844;0.5978847185201455;0.6253935185185185;1.0799999999999919;7.504722222222222;0.6253935185185185;1.0;1.0819999999999916;12.0;1.0;0.6253935185185185;1.0799999999999919;7.504722222222222;0.6253935185185185;Now
01:32:22 22/07/2020;Wednesday;1.0835;1.0839999999999914;1.0;0.927361849549575;0.5905053763145169;0.5611111111111111;1.0839999999999914;6.733333333333333;0.5611111111111111;1.0;1.0864999999999911;12.0;1.0;0.5611111111111111;1.0839999999999914;6.733333333333333;0.5611111111111111;Now
08:16:22 22/07/2020;Wednesday;1.0887;1.0889999999999909;1.0;0.9246621004453514;0.5812570232433293;0.44381944444444443;1.0889999999999909;5.325833333333334;0.44381944444444443;1.0;1.0989999999999898;12.0;1.0;0.44381944444444443;1.0889999999999909;5.325833333333334;0.44381944444444443;Now
13:35:55 22/07/2020;Wednesday;1.1032;1.1039999999999892;1.0;0.9165151389911739;0.5533485128311159;1.0;1.1039999999999892;12.0;1.0;1.0;1.1039999999999892;12.0;1.0;1.0;1.1039999999999892;12.0;1.0;Now
18:55:24 22/07/2020;Wednesday;1.0957;1.1039999999999892;1.0;0.9165151389911739;0.5533485128311159;1.0;1.1039999999999892;12.0;1.0;1.0;1.1039999999999892;12.0;1.0;1.0;1.1039999999999892;12.0;1.0;Now
01:14:15 23/07/2020;Thursday;1.0884;1.1039999999999892;1.0;0.9165151389911739;0.5533485128311159;1.0;1.1039999999999892;12.0;1.0;1.0;1.0999999999999897;12.0;1.0;1.0;1.0999999999999897;12.0;1.0;Now
06:59:37 23/07/2020;Thursday;1.0953;1.09599999999999;1.0;0.9208691546577125;0.5682637781417458;0.6179166666666667;1.09599999999999;7.415;0.6179166666666667;1.0;1.1044999999999892;12.0;1.0;0.6179166666666667;1.09599999999999;7.415;0.6179166666666667;Now
14:24:31 23/07/2020;Thursday;1.1129;1.1129999999999882;1.0;0.9115920140062723;0.536483687132045;1.0;1.1129999999999882;12.0;1.0;1.0;1.1129999999999882;12.0;1.0;1.0;1.1129999999999882;12.0;1.0;Now
19:27:25 23/07/2020;Thursday;1.1077;1.1129999999999882;1.0;0.9115920140062723;0.536483687132045;1.0;1.1129999999999882;12.0;1.0;1.0;1.1113333333333217;12.0;1.0;1.0;1.1129999999999882;12.0;1.0;Now
00:46:56 24/07/2020;Friday;1.1038;1.1129999999999882;1.0;0.9115920140062723;0.536483687132045;1.0;1.1129999999999882;12.0;1.0;1.0;1.1104999999999885;12.0;1.0;1.0;1.1104999999999885;12.0;1.0;Now
06:15:24 24/07/2020;Friday;1.1017;1.1079999999999888;1.0;0.914330356053003;0.5458642455099414;1.0;1.1079999999999888;12.0;1.0;1.0;1.104999999999989;12.0;1.0;1.0;1.1079999999999888;12.0;1.0;Now
13:23:28 24/07/2020;Friday;1.1016;1.1019999999999894;1.0;0.9176055797563627;0.5570839640935703;1.0;1.1019999999999894;12.0;1.0;1.0;1.1019999999999894;12.0;1.0;1.0;1.1019999999999894;12.0;1.0;Now
20:49:18 24/07/2020;Friday;1.0959;1.1019999999999894;1.0;0.9176055797563627;0.5570839640935703;1.0;1.1019999999999894;12.0;1.0;1.0;1.0979999999999899;12.0;1.0;1.0;1.1019999999999894;12.0;1.0;Now
03:49:50 25/07/2020;Saturday;1.0835;1.09599999999999;1.0;0.9208691546577125;0.5682637781417458;1.0;1.09599999999999;12.0;1.0;1.0;1.0953333333333235;12.0;1.0;1.0;1.09599999999999;12.0;1.0;Now
08:43:46 25/07/2020;Saturday;1.079;1.09599999999999;1.0;0.9208691546577125;0.5682637781417458;1.0;1.09599999999999;12.0;1.0;1.0;1.0949999999999902;12.0;1.0;1.0;1.09599999999999;12.0;1.0;Now
15:19:20 25/07/2020;Saturday;1.0932;1.0939999999999903;1.0;0.921954445729294;0.571981588437262;0.5605555555555556;1.0939999999999903;6.726666666666667;0.5605555555555556;1.0;1.0999999999999897;12.0;1.0;0.5605555555555556;1.0939999999999903;6.726666666666667;0.5605555555555556;Now
22:02:56 25/07/2020;Saturday;1.1054;1.105999999999989;1.0;0.9154233993076706;0.5496086119495602;0.6201157407407407;1.105999999999989;7.441388888888889;0.6201157407407407;1.0;1.1129999999999882;12.0;1.0;0.6201157407407407;1.105999999999989;7.441388888888889;0.6201157407407407;Now
05:29:25 26/07/2020;Sunday;1.1191;1.1199999999999875;1.0;0.9077444574328243;0.5233033654506904;0.5713657407407408;1.1199999999999875;6.856388888888889;0.5713657407407408;1.0;1.123999999999987;12.0;1.0;0.5713657407407408;1.1199999999999875;6.856388888888889;0.5713657407407408;Now
12:20:48 26/07/2020;Sunday;1.1257;1.1259999999999868;1.0;0.9044335243676084;0.5119613196530712;0.4321527777777778;1.1259999999999868;5.185833333333333;0.4321527777777778;1.0;1.1302499999999864;12.0;1.0;0.8880324074074074;1.1294999999999864;10.65638888888889;0.8880324074074074;Now
14:46:45 26/07/2020;Sunday;1.1257;1.1259999999999868;1.0;0.9044335243676084;0.5119613196530712;0.22944444444444445;1.1259999999999868;2.7533333333333334;0.22944444444444445;1.0;1.1316666666666528;12.0;1.0;0.685324074074074;1.1294999999999864;8.223888888888888;0.685324074074074;Now
17:31:57 26/07/2020;Sunday;1.1321;1.132999999999986;1.0;0.900555384193562;0.4986762297411877;0.45587962962962963;1.132999999999986;5.470555555555555;0.45587962962962963;1.0;1.1344999999999859;12.0;1.0;1.0;1.1344999999999859;12.0;1.0;Now
23:00:11 26/07/2020;Sunday;1.1354;1.1359999999999857;1.0;0.8988882021697772;0.49296507385422883;0.608287037037037;1.1359999999999857;7.299444444444444;0.608287037037037;1.0;1.1404999999999852;12.0;1.0;0.608287037037037;1.1359999999999857;7.299444444444444;0.608287037037037;Now
06:18:09 27/07/2020;Monday;1.1443;1.1449999999999847;1.0;0.8938679992034704;0.47576769449449763;0.6183564814814815;1.1449999999999847;7.420277777777778;0.6183564814814815;1.0;1.1469999999999845;12.0;1.0;0.6183564814814815;1.1449999999999847;7.420277777777778;0.6183564814814815;Now
13:43:22 27/07/2020;Monday;1.1488;1.1489999999999843;1.0;0.8916277250063592;0.4680933344146141;1.0;1.1489999999999843;12.0;1.0;1.0;1.1489999999999843;12.0;1.0;1.0;1.1489999999999843;12.0;1.0;Now
18:30:17 27/07/2020;Monday;1.1486;1.1489999999999843;1.0;0.8916277250063592;0.4680933344146141;0.8410648148148148;1.1489999999999843;10.092777777777778;0.8410648148148148;1.0;1.1502499999999842;12.0;1.0;0.8410648148148148;1.1489999999999843;10.092777777777778;0.8410648148148148;Now
21:06:41 27/07/2020;Monday;1.1486;1.1489999999999843;1.0;0.8916277250063592;0.4680933344146141;0.6238425925925926;1.1489999999999843;7.486111111111111;0.6238425925925926;1.0;1.1506666666666507;12.0;1.0;0.6238425925925926;1.1489999999999843;7.486111111111111;0.6238425925925926;Now
23:24:47 27/07/2020;Monday;1.1444;1.1489999999999843;1.0;0.8916277250063592;0.4680933344146141;0.43203703703703705;1.1489999999999843;5.184444444444445;0.43203703703703705;1.0;1.151499999999984;12.0;1.0;1.0;1.151499999999984;12.0;1.0;Now
04:35:51 28/07/2020;Tuesday;1.1532;1.1539999999999837;1.0;0.888819441731568;0.45847318296848605;0.6072916666666667;1.1539999999999837;7.2875;0.6072916666666667;1.0;1.159499999999983;12.0;1.0;0.6072916666666667;1.1539999999999837;7.2875;0.6072916666666667;Now
11:53:06 28/07/2020;Tuesday;1.1647;1.1649999999999825;1.0;0.882609766544659;0.43720110679811813;0.4958564814814815;1.1649999999999825;5.950277777777778;0.4958564814814815;1.0;1.1654999999999824;12.0;1.0;1.0;1.1654999999999824;12.0;1.0;Now
17:50:07 28/07/2020;Tuesday;1.1655;1.1659999999999824;1.0;0.8820430828480078;0.43525985570255654;1.0;1.1659999999999824;12.0;1.0;1.0;1.1659999999999824;12.0;1.0;1.0;1.1659999999999824;12.0;1.0;Now
00:51:11 29/07/2020;Wednesday;1.1617;1.1659999999999824;1.0;0.8820430828480078;0.43525985570255654;1.0;1.1659999999999824;12.0;1.0;1.0;1.1654999999999824;12.0;1.0;1.0;1.1654999999999824;12.0;1.0;Now
06:35:57 29/07/2020;Wednesday;1.1643;1.1649999999999825;1.0;0.882609766544659;0.43720110679811813;1.0;1.1649999999999825;12.0;1.0;1.0;1.1649999999999825;12.0;1.0;1.0;1.1649999999999825;12.0;1.0;Now
13:19:21 29/07/2020;Wednesday;1.1414;1.1649999999999825;1.0;0.882609766544659;0.43720110679811813;1.0;1.1649999999999825;12.0;1.0;1.0;1.1534999999999838;12.0;1.0;1.0;1.1649999999999825;12.0;1.0;Now
20:28:38 29/07/2020;Wednesday;1.137;1.141999999999985;1.0;0.8955445270895328;0.4815108658876245;0.9701851851851852;1.141999999999985;11.642222222222221;0.9701851851851852;1.0;1.1426666666666516;12.0;1.0;0.9701851851851852;1.141999999999985;11.642222222222221;0.9701851851851852;Now
03:28:56 30/07/2020;Thursday;1.1394;1.1399999999999852;1.0;0.896660470858404;0.48533368111366376;0.38643518518518516;1.1399999999999852;4.637222222222222;0.38643518518518516;1.0;1.1489999999999843;12.0;1.0;0.8428703703703704;1.142999999999985;10.114444444444445;0.8428703703703704;Now
08:07:10 30/07/2020;Thursday;1.1454;1.1459999999999846;1.0;0.8933084573651003;0.4738509087934665;0.45643518518518517;1.1459999999999846;5.477222222222222;0.45643518518518517;1.0;1.1563333333333168;12.0;1.0;0.45643518518518517;1.1459999999999846;5.477222222222222;0.45643518518518517;Now
13:35:48 30/07/2020;Thursday;1.1608;1.160999999999983;1.0;0.8848728722251672;0.4449536791901254;0.38719907407407406;1.160999999999983;4.646388888888889;0.38719907407407406;1.0;1.1619999999999828;12.0;1.0;0.38719907407407406;1.160999999999983;4.646388888888889;0.38719907407407406;Now
18:14:35 30/07/2020;Thursday;1.1615;1.1619999999999828;1.0;0.8843076387773754;0.44301739611676677;0.4879861111111111;1.1619999999999828;4.904166666666667;0.40868055555555555;1.0;1.1624999999999828;12.0;1.0;1.0;1.1623333333333161;12.0;1.0;Now
20:10:24 30/07/2020;Thursday;1.1615;1.1619999999999828;1.0;0.8843076387773754;0.44301739611676677;0.4879861111111111;1.1619999999999828;2.973888888888889;0.24782407407407409;1.0;1.1626666666666494;12.0;1.0;1.0;1.1624999999999828;12.0;1.0;Now
23:08:50 30/07/2020;Thursday;1.1626;1.1629999999999827;1.0;0.8837420438114378;0.4410798746144563;1.0;1.1629999999999827;12.0;1.0;1.0;1.1629999999999827;12.0;1.0;1.0;1.1629999999999827;12.0;1.0;Now
05:17:29 31/07/2020;Friday;1.1571;1.1629999999999827;1.0;0.8837420438114378;0.4410798746144563;1.0;1.1629999999999827;12.0;1.0;1.0;1.160499999999983;12.0;1.0;1.0;1.1629999999999827;12.0;1.0;Now
11:44:22 31/07/2020;Friday;1.1545;1.1579999999999833;1.0;0.8865664103720695;0.45075512151584896;0.6073842592592592;1.1579999999999833;7.288611111111111;0.6073842592592592;1.0;1.1606666666666496;12.0;1.0;0.6073842592592592;1.1579999999999833;7.288611111111111;0.6073842592592592;Now
19:01:41 31/07/2020;Friday;1.161;1.1619999999999828;1.0;0.8843076387773754;0.44301739611676677;0.4332638888888889;1.1619999999999828;5.199166666666667;0.4332638888888889;1.0;1.168499999999982;12.0;1.0;0.4332638888888889;1.1619999999999828;5.199166666666667;0.4332638888888889;Now
19:01:41 31/07/2020;Friday;1.161;1.1619999999999828;1.0;0.8843076387773754;0.44301739611676677;0.4332638888888889;1.1619999999999828;5.199166666666667;0.4332638888888889;1.0;1.1706666666666485;12.0;1.0;0.4332638888888889;1.1619999999999828;5.199166666666667;0.4332638888888889;Now
00:13:38 01/08/2020;Saturday;1.1663;1.1669999999999823;1.0;0.8814760348415706;0.43331735661490417;0.5446064814814815;1.1669999999999823;5.736944444444444;0.4780787037037037;1.0;1.1776666666666478;12.0;1.0;0.5446064814814815;1.1669999999999823;5.736944444444444;0.4780787037037037;Now
05:57:51 01/08/2020;Saturday;1.1823;1.1829999999999805;1.0;0.8723531395025866;0.4020656536346462;1.0;1.1829999999999805;12.0;1.0;1.0;1.1829999999999805;12.0;1.0;1.0;1.1829999999999805;12.0;1.0;Now
11:25:44 01/08/2020;Saturday;1.157;1.1829999999999805;1.0;0.8723531395025866;0.4020656536346462;1.0;1.1829999999999805;12.0;1.0;1.0;1.174666666666648;12.0;1.0;1.0;1.1829999999999805;12.0;1.0;Now
17:52:55 01/08/2020;Saturday;1.1428;1.1829999999999805;1.0;0.8723531395025866;0.4020656536346462;1.0;1.1829999999999805;12.0;1.0;1.0;1.1623333333333161;12.0;1.0;1.0;1.1829999999999805;12.0;1.0;Now
23:13:01 01/08/2020;Saturday;1.1458;1.1579999999999833;1.0;0.8865664103720695;0.45075512151584896;1.0;1.1579999999999833;12.0;1.0;1.0;1.151999999999984;12.0;1.0;1.0;1.151999999999984;12.0;1.0;Now
05:05:47 02/08/2020;Sunday;1.145;1.1459999999999846;1.0;0.8933084573651003;0.4738509087934665;0.5257638888888889;1.1459999999999846;6.309166666666667;0.5257638888888889;1.0;1.1546666666666503;12.0;1.0;0.5257638888888889;1.1459999999999846;6.309166666666667;0.5257638888888889;Now
11:24:20 02/08/2020;Sunday;1.1538;1.1539999999999837;1.0;0.888819441731568;0.45847318296848605;0.40819444444444447;1.1539999999999837;4.898333333333333;0.40819444444444447;1.0;1.163333333333316;12.0;1.0;0.9458796296296297;1.1589999999999832;11.350555555555555;0.9458796296296297;Now
16:18:14 02/08/2020;Sunday;1.1638;1.1639999999999826;1.0;0.8831760866327945;0.4391411123038851;0.5376851851851852;1.1639999999999826;6.452222222222222;0.5376851851851852;1.0;1.1679999999999822;12.0;1.0;0.5376851851851852;1.1639999999999826;6.452222222222222;0.5376851851851852;Now
22:45:22 02/08/2020;Sunday;1.171;1.1719999999999817;1.0;0.8786353054595623;0.4235860566717325;1.0;1.1719999999999817;12.0;1.0;1.0;1.1719999999999817;12.0;1.0;1.0;1.1719999999999817;12.0;1.0;Now
05:12:57 03/08/2020;Monday;1.1702;1.1719999999999817;1.0;0.8786353054595623;0.4235860566717325;0.5322916666666667;1.1719999999999817;5.883333333333334;0.49027777777777776;1.0;1.173333333333315;12.0;1.0;0.5322916666666667;1.1719999999999817;5.883333333333334;0.49027777777777776;Now
11:05:57 03/08/2020;Monday;1.173;1.1739999999999815;1.0;0.8774964387392227;0.419684715797409;1.0;1.1739999999999815;12.0;1.0;1.0;1.1739999999999815;12.0;1.0;1.0;1.1739999999999815;12.0;1.0;Now
16:42:42 03/08/2020;Monday;1.1709;1.1739999999999815;1.0;0.8774964387392227;0.419684715797409;1.0;1.1739999999999815;12.0;1.0;1.0;1.1724999999999817;12.0;1.0;1.0;1.1739999999999815;12.0;1.0;Now
23:17:47 03/08/2020;Monday;1.1703;1.1709999999999818;1.0;0.879204185613341;0.4255348320261188;0.4675925925925926;1.1709999999999818;5.611111111111111;0.4675925925925926;1.0;1.1724999999999817;12.0;1.0;1.0;1.1724999999999817;12.0;1.0;Now
04:54:27 04/08/2020;Tuesday;1.1731;1.1739999999999815;1.0;0.8774964387392227;0.419684715797409;0.5609259259259259;1.1739999999999815;6.731111111111111;0.5609259259259259;1.0;1.1799999999999808;12.0;1.0;0.5609259259259259;1.1739999999999815;6.731111111111111;0.5609259259259259;Now
11:38:19 04/08/2020;Tuesday;1.1851;1.1859999999999802;1.0;0.870631954387168;0.39616950290591324;0.9237268518518519;1.1859999999999802;11.084722222222222;0.9237268518518519;1.0;1.1863333333333135;12.0;1.0;0.9237268518518519;1.1859999999999802;11.084722222222222;0.9237268518518519;Now
17:31:25 04/08/2020;Tuesday;1.1856;1.1859999999999802;1.0;0.870631954387168;0.39616950290591324;0.5561342592592593;1.1859999999999802;5.199722222222222;0.43331018518518516;1.0;1.1866666666666468;12.0;1.0;0.5561342592592593;1.1859999999999802;5.199722222222222;0.43331018518518516;Now
22:43:24 04/08/2020;Tuesday;1.1866;1.18699999999998;1.0;0.8700574693662597;0.3942015273265691;0.8414814814814815;1.18699999999998;10.097777777777777;0.8414814814814815;1.0;1.191333333333313;12.0;1.0;0.8414814814814815;1.18699999999998;10.097777777777777;0.8414814814814815;Now
04:02:59 05/08/2020;Wednesday;1.1846;1.18699999999998;1.0;0.8700574693662597;0.3942015273265691;0.39761574074074074;1.18699999999998;4.771388888888889;0.39761574074074074;1.0;1.1973333333333123;12.0;1.0;0.9577777777777777;1.1934999999999794;11.493333333333334;0.9577777777777777;Now
08:49:16 05/08/2020;Wednesday;1.1998;1.1999999999999786;1.0;0.8625543461139253;0.368498571127541;0.560162037037037;1.1999999999999786;6.7219444444444445;0.560162037037037;1.0;1.2024999999999784;12.0;1.0;0.560162037037037;1.1999999999999786;6.7219444444444445;0.560162037037037;Now
15:32:35 05/08/2020;Wednesday;1.2041;1.204999999999978;1.0;0.859651092013511;0.35855308436582706;0.4908564814814815;1.204999999999978;5.8902777777777775;0.4908564814814815;1.0;1.206499999999978;12.0;1.0;1.0;1.206499999999978;12.0;1.0;Now
21:26:00 05/08/2020;Wednesday;1.2076;1.2079999999999778;1.0;0.8579044235811016;0.35256963711291484;0.5955555555555555;1.2079999999999778;7.1466666666666665;0.5955555555555555;1.0;1.2114999999999774;12.0;1.0;0.5955555555555555;1.2079999999999778;7.1466666666666665;0.5955555555555555;Now
04:34:48 06/08/2020;Thursday;1.2149;1.214999999999977;1.0;0.8538149682454759;0.33856065874023933;1.0;1.214999999999977;12.0;1.0;1.0;1.214999999999977;12.0;1.0;1.0;1.214999999999977;12.0;1.0;Now
11:51:56 06/08/2020;Thursday;1.2071;1.214999999999977;1.0;0.8538149682454759;0.33856065874023933;1.0;1.214999999999977;12.0;1.0;1.0;1.2114999999999774;12.0;1.0;1.0;1.214999999999977;12.0;1.0;Now
18:01:26 06/08/2020;Thursday;1.2014;1.2079999999999778;1.0;0.8579044235811016;0.35256963711291484;1.0;1.2079999999999778;12.0;1.0;1.0;1.204999999999978;12.0;1.0;1.0;1.2079999999999778;12.0;1.0;Now
00:37:38 07/08/2020;Friday;1.1958;1.2019999999999784;1.0;0.8613942186943336;0.3645243988731028;1.0;1.2019999999999784;12.0;1.0;1.0;1.1989999999999787;12.0;1.0;1.0;1.2019999999999784;12.0;1.0;Now
07:29:36 07/08/2020;Friday;1.1951;1.195999999999979;1.0;0.8648699324175982;0.3764309229411483;1.0;1.195999999999979;12.0;1.0;1.0;1.195999999999979;12.0;1.0;1.0;1.195999999999979;12.0;1.0;Now
13:14:09 07/08/2020;Friday;1.195;1.195999999999979;1.0;0.8648699324175982;0.3764309229411483;0.5494675925925926;1.195999999999979;6.5936111111111115;0.5494675925925926;1.0;1.196999999999979;12.0;1.0;0.5494675925925926;1.195999999999979;6.5936111111111115;0.5494675925925926;Now
19:49:46 07/08/2020;Friday;1.197;1.1979999999999789;1.0;0.8637129152675795;0.3724674053327707;0.5947916666666667;1.1979999999999789;5.7411111111111115;0.4784259259259259;1.0;1.2013333333333118;12.0;1.0;0.5947916666666667;1.1979999999999789;5.7411111111111115;0.4784259259259259;Now
01:34:14 08/08/2020;Saturday;1.2021;1.2029999999999783;1.0;0.8608135686663063;0.36253530423405267;1.0;1.2029999999999783;12.0;1.0;1.0;1.2029999999999783;12.0;1.0;1.0;1.2029999999999783;12.0;1.0;Now
06:25:59 08/08/2020;Saturday;1.1941;1.2029999999999783;1.0;0.8608135686663063;0.36253530423405267;0.9848611111111111;1.2029999999999783;11.818333333333333;0.9848611111111111;1.0;1.2056666666666447;12.0;1.0;0.9848611111111111;1.2029999999999783;11.818333333333333;0.9848611111111111;Now
11:06:29 08/08/2020;Saturday;1.2027;1.2029999999999783;1.0;0.8608135686663063;0.36253530423405267;0.5952777777777778;1.2029999999999783;7.1433333333333335;0.5952777777777778;1.0;1.2069999999999779;12.0;1.0;0.5952777777777778;1.2029999999999783;7.1433333333333335;0.5952777777777778;Now
18:15:05 08/08/2020;Saturday;1.2101;1.2109999999999774;1.0;0.8561541917201728;0.34657398285712193;0.4200925925925926;1.2109999999999774;5.041111111111111;0.4200925925925926;1.0;1.213999999999977;12.0;1.0;1.0;1.213999999999977;12.0;1.0;Now
23:17:33 08/08/2020;Saturday;1.2163;1.2169999999999768;1.0;0.8526429498917019;0.3345457524940787;0.596574074074074;1.2169999999999768;7.158888888888889;0.596574074074074;1.0;1.2204999999999764;12.0;1.0;0.596574074074074;1.2169999999999768;7.158888888888889;0.596574074074074;Now
06:27:05 09/08/2020;Sunday;1.2239;1.223999999999976;1.0;0.8485281374238711;0.3204499098601511;0.5717824074074074;1.223999999999976;6.8613888888888885;0.5717824074074074;1.0;1.2264999999999757;12.0;1.0;0.5717824074074074;1.223999999999976;6.8613888888888885;0.5717824074074074;Now
13:18:46 09/08/2020;Sunday;1.2283;1.2289999999999754;1.0;0.8455767262644026;0.3103394546262536;1.0;1.2289999999999754;12.0;1.0;1.0;1.2289999999999754;12.0;1.0;1.0;1.2289999999999754;12.0;1.0;Now
20:52:48 09/08/2020;Sunday;1.227;1.2289999999999754;1.0;0.8455767262644026;0.3103394546262536;1.0;1.2289999999999754;12.0;1.0;1.0;1.2284999999999755;12.0;1.0;1.0;1.2289999999999754;12.0;1.0;Now
04:18:54 10/08/2020;Monday;1.2113;1.2279999999999756;1.0;0.8461678320522616;0.31236436687457714;1.0;1.2279999999999756;12.0;1.0;1.0;1.21733333333331;12.0;1.0;1.0;1.2279999999999756;12.0;1.0;Now
09:29:24 10/08/2020;Monday;1.1996;1.2119999999999773;1.0;0.8555699854483108;0.34457270582729355;1.0;1.2119999999999773;12.0;1.0;1.0;1.2106666666666441;12.0;1.0;1.0;1.2119999999999773;12.0;1.0;Now
14:07:04 10/08/2020;Monday;1.2065;1.2119999999999773;1.0;0.8555699854483108;0.34457270582729355;1.0;1.2119999999999773;12.0;1.0;1.0;1.2096666666666442;12.0;1.0;0.9369907407407407;1.2099999999999775;11.24388888888889;0.9369907407407407;Now
19:09:20 10/08/2020;Monday;1.2074;1.2079999999999778;1.0;0.8579044235811016;0.35256963711291484;0.5171759259259259;1.2079999999999778;6.206111111111111;0.5171759259259259;1.0;1.2084999999999777;12.0;1.0;0.5171759259259259;1.2079999999999778;6.206111111111111;0.5171759259259259;Now
01:21:42 11/08/2020;Tuesday;1.2085;1.2089999999999776;1.0;0.8573214099741253;0.3505724457168002;1.0;1.2089999999999776;12.0;1.0;1.0;1.2089999999999776;12.0;1.0;1.0;1.2089999999999776;12.0;1.0;Now
08:47:17 11/08/2020;Tuesday;1.2032;1.2089999999999776;1.0;0.8573214099741253;0.3505724457168002;0.4678935185185185;1.2089999999999776;5.614722222222222;0.4678935185185185;1.0;1.2119999999999773;12.0;1.0;0.4678935185185185;1.2089999999999776;5.614722222222222;0.4678935185185185;Now
14:24:10 11/08/2020;Tuesday;1.2116;1.2119999999999773;1.0;0.8555699854483108;0.34457270582729355;0.39958333333333335;1.2119999999999773;4.795;0.39958333333333335;1.0;1.213999999999977;12.0;1.0;1.0;1.2134999999999772;12.0;1.0;Now
19:11:52 11/08/2020;Tuesday;1.2148;1.214999999999977;1.0;0.8538149682454759;0.33856065874023933;1.0;1.214999999999977;12.0;1.0;1.0;1.214999999999977;12.0;1.0;1.0;1.214999999999977;12.0;1.0;Now
00:47:13 12/08/2020;Wednesday;1.214;1.214999999999977;1.0;0.8538149682454759;0.33856065874023933;1.0;1.214999999999977;12.0;1.0;1.0;1.214999999999977;12.0;1.0;1.0;1.214999999999977;12.0;1.0;Now
05:42:04 12/08/2020;Wednesday;1.2113;1.214999999999977;1.0;0.8538149682454759;0.33856065874023933;1.0;1.214999999999977;12.0;1.0;1.0;1.214999999999977;12.0;1.0;1.0;1.214999999999977;12.0;1.0;Now
11:34:57 12/08/2020;Wednesday;1.2115;1.214999999999977;1.0;0.8538149682454759;0.33856065874023933;1.0;1.214999999999977;12.0;1.0;1.0;1.2134999999999772;12.0;1.0;1.0;1.214999999999977;12.0;1.0;Now
17:43:02 12/08/2020;Wednesday;1.2104;1.2119999999999773;1.0;0.8555699854483108;0.34457270582729355;0.609537037037037;1.2119999999999773;7.314444444444445;0.609537037037037;1.0;1.213999999999977;12.0;1.0;0.609537037037037;1.2119999999999773;7.314444444444445;0.609537037037037;Now
01:01:54 13/08/2020;Thursday;1.2151;1.2159999999999769;1.0;0.8532291603080752;0.3365538949900412;0.6070833333333333;1.2159999999999769;7.285;0.6070833333333333;1.0;1.2179999999999767;12.0;1.0;0.6070833333333333;1.2159999999999769;7.285;0.6070833333333333;Now
08:19:00 13/08/2020;Thursday;1.2196;1.2199999999999764;1.0;0.8508818954473197;0.32851302402544064;0.573125;1.2199999999999764;6.8775;0.573125;1.0;1.2249999999999759;12.0;1.0;0.573125;1.2199999999999764;6.8775;0.573125;Now
15:11:39 13/08/2020;Thursday;1.2293;1.2299999999999753;1.0;0.8449852069711189;0.30831312585957354;0.6076851851851852;1.2299999999999753;7.292222222222223;0.6076851851851852;1.0;1.2319999999999751;12.0;1.0;0.6076851851851852;1.2299999999999753;7.292222222222223;0.6076851851851852;Now
22:29:11 13/08/2020;Thursday;1.2339;1.233999999999975;1.0;0.8426149773176508;0.30019358591388834;0.5369444444444444;1.233999999999975;6.443333333333333;0.5369444444444444;1.0;1.2369999999999746;12.0;1.0;0.5369444444444444;1.233999999999975;6.443333333333333;0.5369444444444444;Now
04:55:47 14/08/2020;Friday;1.2394;1.2399999999999742;1.0;0.8390470785361366;0.2879712695504601;1.0;1.2399999999999742;12.0;1.0;1.0;1.2399999999999742;12.0;1.0;1.0;1.2399999999999742;12.0;1.0;Now
12:04:19 14/08/2020;Friday;1.2364;1.2399999999999742;1.0;0.8390470785361366;0.2879712695504601;1.0;1.2399999999999742;12.0;1.0;1.0;1.2384999999999744;12.0;1.0;1.0;1.2384999999999744;12.0;1.0;Now
17:23:50 14/08/2020;Friday;1.2342;1.2369999999999746;1.0;0.8408329203831314;0.2940889105951302;1.0;1.2369999999999746;12.0;1.0;1.0;1.2359999999999747;12.0;1.0;1.0;1.2369999999999746;12.0;1.0;Now
00:58:01 15/08/2020;Saturday;1.2309;1.2349999999999748;1.0;0.8420213774008503;0.2981601296919712;0.8189120370370371;1.2349999999999748;9.826944444444445;0.8189120370370371;1.0;1.235333333333308;12.0;1.0;0.8189120370370371;1.2349999999999748;9.826944444444445;0.8189120370370371;Now
06:01:36 15/08/2020;Saturday;1.2267;1.2309999999999752;1.0;0.8443932733033966;0.3062853775976132;0.3972685185185185;1.2309999999999752;4.767222222222222;0.3972685185185185;1.0;1.2416666666666407;12.0;1.0;0.3972685185185185;1.2309999999999752;4.767222222222222;0.3972685185185185;Now
10:47:38 15/08/2020;Saturday;1.2391;1.2399999999999742;1.0;0.8390470785361366;0.2879712695504601;0.40879629629629627;1.2399999999999742;4.905555555555556;0.40879629629629627;1.0;1.250999999999973;12.0;1.0;0.8997453703703704;1.2469999999999735;10.796944444444444;0.8997453703703704;Now
15:41:58 15/08/2020;Saturday;1.2534;1.2539999999999727;1.0;0.8306623862918239;0.2592483803948208;0.49094907407407407;1.2539999999999727;5.891388888888889;0.49094907407407407;1.0;1.2613333333333052;12.0;1.0;0.49094907407407407;1.2539999999999727;5.891388888888889;0.49094907407407407;Now
21:35:27 15/08/2020;Saturday;1.2587;1.2589999999999721;1.0;0.8276472678623592;0.24891968735311956;0.42041666666666666;1.2589999999999721;5.045;0.42041666666666666;1.0;1.2649999999999715;12.0;1.0;1.0;1.2649999999999715;12.0;1.0;Now
02:38:09 16/08/2020;Sunday;1.27;1.2709999999999708;1.0;0.8203657720797651;0.2239759458111963;1.0;1.2709999999999708;12.0;1.0;1.0;1.2709999999999708;12.0;1.0;1.0;1.2709999999999708;12.0;1.0;Now
09:47:46 16/08/2020;Sunday;1.2699;1.2709999999999708;1.0;0.8203657720797651;0.2239759458111963;0.5830787037037037;1.2709999999999708;6.996944444444445;0.5830787037037037;1.0;1.2739999999999705;12.0;1.0;0.5830787037037037;1.2709999999999708;6.996944444444445;0.5830787037037037;Now
16:47:35 16/08/2020;Sunday;1.2766;1.2769999999999702;1.0;0.816700679563835;0.21142067925962657;0.5611342592592593;1.2769999999999702;6.733611111111111;0.5611342592592593;1.0;1.2809999999999697;12.0;1.0;0.5611342592592593;1.2769999999999702;6.733611111111111;0.5611342592592593;Now
23:31:36 16/08/2020;Sunday;1.284;1.2849999999999693;1.0;0.8117881497041151;0.1945921485845488;0.5493287037037037;1.2849999999999693;6.591944444444445;0.5493287037037037;1.0;1.288499999999969;12.0;1.0;0.5493287037037037;1.2849999999999693;6.591944444444445;0.5493287037037037;Now
06:07:07 17/08/2020;Monday;1.2918;1.2919999999999685;1.0;0.8074651695274735;0.17978319951191887;0.5372222222222223;1.2919999999999685;6.446666666666666;0.5372222222222223;1.0;1.2963333333333014;12.0;1.0;0.5372222222222223;1.2919999999999685;6.446666666666666;0.5372222222222223;Now
12:33:55 17/08/2020;Monday;1.2963;1.296999999999968;1.0;0.8043631020876281;0.16915665095989132;0.38555555555555554;1.296999999999968;4.626666666666667;0.38555555555555554;1.0;1.3013333333333008;12.0;1.0;0.8422685185185185;1.2984999999999678;10.107222222222223;0.8422685185185185;Now
17:11:31 17/08/2020;Monday;1.2995;1.2999999999999676;1.0;0.8024961059095753;0.16276100485700837;0.456712962962963;1.2999999999999676;5.480555555555555;0.456712962962963;1.0;1.3069999999999669;12.0;1.0;0.456712962962963;1.2999999999999676;5.480555555555555;0.456712962962963;Now
22:40:21 17/08/2020;Monday;1.3065;1.3069999999999669;1.0;0.7981227975694173;0.14777964990232945;0.4901388888888889;1.3069999999999669;5.881666666666667;0.4901388888888889;1.0;1.311666666666633;12.0;1.0;0.4901388888888889;1.3069999999999669;5.881666666666667;0.4901388888888889;Now
04:33:15 18/08/2020;Tuesday;1.3133;1.313999999999966;1.0;0.7937253933193985;0.13271575117289197;0.9581944444444445;1.313999999999966;11.498333333333333;0.9581944444444445;1.0;1.314999999999966;12.0;1.0;0.9581944444444445;1.313999999999966;11.498333333333333;0.9581944444444445;Now
09:27:29 18/08/2020;Tuesday;1.3111;1.313999999999966;1.0;0.7937253933193985;0.13271575117289197;0.549537037037037;1.313999999999966;6.594444444444444;0.549537037037037;1.0;1.315499999999966;12.0;1.0;0.549537037037037;1.313999999999966;6.594444444444444;0.549537037037037;Now
16:03:09 18/08/2020;Tuesday;1.316;1.3169999999999658;1.0;0.7918333157931877;0.1262341855440412;0.5959722222222222;1.3169999999999658;7.151666666666666;0.5959722222222222;1.0;1.3184999999999656;12.0;1.0;0.5959722222222222;1.3169999999999658;7.151666666666666;0.5959722222222222;Now
23:12:15 18/08/2020;Tuesday;1.319;1.3199999999999654;1.0;0.7899367063252818;0.11973709514037745;0.4321527777777778;1.3199999999999654;5.185833333333333;0.4321527777777778;1.0;1.3226666666666318;12.0;1.0;0.4321527777777778;1.3199999999999654;5.185833333333333;0.4321527777777778;Now
04:23:24 19/08/2020;Wednesday;1.3234;1.323999999999965;1.0;0.7874007874012033;0.11104996434993017;0.8529629629629629;1.323999999999965;10.235555555555555;0.8529629629629629;1.0;1.3246666666666316;12.0;1.0;0.8529629629629629;1.323999999999965;10.235555555555555;0.8529629629629629;Now
10:00:34 19/08/2020;Wednesday;1.3224;1.323999999999965;1.0;0.7874007874012033;0.11104996434993017;0.40375;1.323999999999965;4.6161111111111115;0.3846759259259259;1.0;1.3253333333332982;12.0;1.0;1.0;1.3249999999999649;12.0;1.0;Now
14:37:32 19/08/2020;Wednesday;1.3257;1.3259999999999648;1.0;0.7861297602813643;0.10669589028099677;1.0;1.3259999999999648;12.0;1.0;1.0;1.3259999999999648;12.0;1.0;1.0;1.3259999999999648;12.0;1.0;Now
21:46:50 19/08/2020;Wednesday;1.3232;1.3259999999999648;1.0;0.7861297602813643;0.10669589028099677;1.0;1.3259999999999648;12.0;1.0;1.0;1.3246666666666316;12.0;1.0;1.0;1.3259999999999648;12.0;1.0;Now
02:50:24 20/08/2020;Thursday;1.3175;1.323999999999965;1.0;0.7874007874012033;0.11104996434993017;1.0;1.323999999999965;12.0;1.0;1.0;1.3219999999999652;12.0;1.0;1.0;1.323999999999965;12.0;1.0;Now
07:44:28 20/08/2020;Thursday;1.3122;1.323999999999965;1.0;0.7874007874012033;0.11104996434993017;1.0;1.323999999999965;12.0;1.0;1.0;1.318333333333299;12.0;1.0;1.0;1.323999999999965;12.0;1.0;Now
14:12:02 20/08/2020;Thursday;1.31;1.3179999999999656;1.0;0.791201617794121;0.12407021922561859;1.0;1.3179999999999656;12.0;1.0;1.0;1.3156666666666326;12.0;1.0;0.9695601851851852;1.315499999999966;11.634722222222223;0.9695601851851852;Now
19:40:17 20/08/2020;Thursday;1.3101;1.3129999999999662;1.0;0.7943550843294412;0.13487284228092017;0.5136574074074074;1.3129999999999662;6.163888888888889;0.5136574074074074;1.0;1.314499999999966;12.0;1.0;0.5136574074074074;1.3129999999999662;6.163888888888889;0.5136574074074074;Now
01:50:07 21/08/2020;Friday;1.3151;1.3159999999999659;1.0;0.7924645102463794;0.12839642689845432;1.0;1.3159999999999659;12.0;1.0;1.0;1.3159999999999659;12.0;1.0;1.0;1.3159999999999659;12.0;1.0;Now
08:34:34 21/08/2020;Friday;1.3031;1.3159999999999659;1.0;0.7924645102463794;0.12839642689845432;1.0;1.3159999999999659;12.0;1.0;1.0;1.3129999999999662;12.0;1.0;1.0;1.3159999999999659;12.0;1.0;Now
15:51:50 21/08/2020;Friday;1.3093;1.3099999999999665;1.0;0.7962411694957963;0.14133388027644786;1.0;1.3099999999999665;12.0;1.0;1.0;1.3099999999999665;12.0;1.0;1.0;1.3099999999999665;12.0;1.0;Now
23:09:18 21/08/2020;Friday;1.3054;1.3099999999999665;1.0;0.7962411694957963;0.14133388027644786;1.0;1.3099999999999665;12.0;1.0;1.0;1.3073333333333002;12.0;1.0;1.0;1.3099999999999665;12.0;1.0;Now
04:54:05 22/08/2020;Saturday;1.2964;1.305999999999967;1.0;0.7987490219086549;0.1499248654640201;1.0;1.305999999999967;12.0;1.0;1.0;1.3043333333333005;12.0;1.0;1.0;1.305999999999967;12.0;1.0;Now
09:56:57 22/08/2020;Saturday;1.2963;1.305999999999967;1.0;0.7987490219086549;0.1499248654640201;1.0;1.305999999999967;12.0;1.0;1.0;1.3034999999999672;12.0;1.0;1.0;1.3034999999999672;12.0;1.0;Now
14:34:44 22/08/2020;Saturday;1.3007;1.3009999999999675;1.0;0.8018728078691985;0.16062581372500048;1.0;1.3009999999999675;12.0;1.0;1.0;1.3009999999999675;12.0;1.0;1.0;1.3009999999999675;12.0;1.0;Now
22:08:42 22/08/2020;Saturday;1.3002;1.3009999999999675;1.0;0.8018728078691985;0.16062581372500048;0.5722453703703704;1.3009999999999675;6.866944444444444;0.5722453703703704;1.0;1.3093333333333;12.0;1.0;0.5722453703703704;1.3009999999999675;6.866944444444444;0.5722453703703704;Now
05:00:43 23/08/2020;Sunday;1.3079;1.3079999999999667;1.0;0.7974960814950962;0.14563274983608174;0.38729166666666665;1.3079999999999667;4.6475;0.38729166666666665;1.0;1.3159999999999659;12.0;1.0;0.38729166666666665;1.3079999999999667;4.6475;0.38729166666666665;Now
09:39:34 23/08/2020;Sunday;1.3184;1.3189999999999655;1.0;0.7905694150421166;0.12190452380823118;0.3853240740740741;1.3189999999999655;4.623888888888889;0.3853240740740741;1.0;1.3219999999999652;12.0;1.0;0.9108796296296297;1.3199999999999654;10.930555555555555;0.9108796296296297;Now
14:17:00 23/08/2020;Sunday;1.3207;1.3209999999999653;1.0;0.7893034904268665;0.11756792905391715;0.5255555555555556;1.3209999999999653;6.306666666666667;0.5255555555555556;1.0;1.326333333333298;12.0;1.0;0.5255555555555556;1.3209999999999653;6.306666666666667;0.5255555555555556;Now
20:35:24 23/08/2020;Sunday;1.325;1.3259999999999648;1.0;0.7861297602813643;0.10669589028099677;0.4090972222222222;1.3259999999999648;4.909166666666667;0.4090972222222222;1.0;1.3313333333332975;12.0;1.0;0.9118287037037037;1.3289999999999644;10.941944444444445;0.9118287037037037;Now
01:29:57 24/08/2020;Monday;1.3311;1.331999999999964;1.0;0.7823042886243408;0.09359122344635458;0.5027314814814815;1.331999999999964;6.032777777777778;0.5027314814814815;1.0;1.3366666666666303;12.0;1.0;0.5027314814814815;1.331999999999964;6.032777777777778;0.5027314814814815;Now
07:31:55 24/08/2020;Monday;1.3351;1.3359999999999637;1.0;0.7797435475847404;0.08481906116614359;0.4443287037037037;1.3359999999999637;5.331944444444445;0.4443287037037037;1.0;1.3389999999999633;12.0;1.0;1.0;1.3389999999999633;12.0;1.0;Now
12:51:50 24/08/2020;Monday;1.3415;1.341999999999963;1.0;0.7758865896508568;0.07160653386222893;0.5608796296296297;1.341999999999963;6.730555555555555;0.5608796296296297;1.0;1.342499999999963;12.0;1.0;0.5608796296296297;1.341999999999963;6.730555555555555;0.5608796296296297;Now
19:35:40 24/08/2020;Monday;1.3425;1.342999999999963;1.0;0.7752418977325961;0.06939805512882069;1.0;1.342999999999963;12.0;1.0;1.0;1.342999999999963;12.0;1.0;1.0;1.342999999999963;12.0;1.0;Now
02:11:17 25/08/2020;Tuesday;1.3314;1.342999999999963;1.0;0.7752418977325961;0.06939805512882069;1.0;1.342999999999963;12.0;1.0;1.0;1.342999999999963;12.0;1.0;1.0;1.342999999999963;12.0;1.0;Now
07:22:33 25/08/2020;Tuesday;1.3272;1.342999999999963;1.0;0.7752418977325961;0.06939805512882069;1.0;1.342999999999963;12.0;1.0;1.0;1.3354999999999637;12.0;1.0;1.0;1.342999999999963;12.0;1.0;Now
14:40:25 25/08/2020;Tuesday;1.3227;1.3279999999999645;1.0;0.7848566748139659;0.10233476506610996;1.0;1.3279999999999645;12.0;1.0;1.0;1.3254999999999648;12.0;1.0;1.0;1.3279999999999645;12.0;1.0;Now
21:59:39 25/08/2020;Tuesday;1.3205;1.322999999999965;1.0;0.7880355321938439;0.11322436786885494;1.0;1.322999999999965;12.0;1.0;1.0;1.3219999999999652;12.0;1.0;1.0;1.322999999999965;12.0;1.0;Now
05:08:14 26/08/2020;Wednesday;1.3003;1.3209999999999653;1.0;0.7893034904268665;0.11756792905391715;1.0;1.3209999999999653;12.0;1.0;1.0;1.3124999999999662;12.0;1.0;1.0;1.3209999999999653;12.0;1.0;Now
12:00:53 26/08/2020;Wednesday;1.3036;1.3039999999999672;1.0;0.8000000000000205;0.1542102588937906;1.0;1.3039999999999672;12.0;1.0;1.0;1.3039999999999672;12.0;1.0;1.0;1.3039999999999672;12.0;1.0;Now
23:56:04 26/08/2020;Wednesday;1.297;1.3039999999999672;1.0;0.8000000000000205;0.1542102588937906;1.0;1.3039999999999672;12.0;1.0;1.0;1.2999999999999676;12.0;1.0;1.0;1.3039999999999672;12.0;1.0;Now
05:49:30 27/08/2020;Thursday;1.2811;1.2979999999999678;1.0;0.8037412518964248;0.16702641962964052;1.0;1.2979999999999678;12.0;1.0;1.0;1.292666666666635;12.0;1.0;1.0;1.2979999999999678;12.0;1.0;Now
10:36:16 27/08/2020;Thursday;1.2715;1.2979999999999678;1.0;0.8037412518964248;0.16702641962964052;1.0;1.2979999999999678;12.0;1.0;1.0;1.2899999999999687;12.0;1.0;1.0;1.2979999999999678;12.0;1.0;Now
16:46:05 27/08/2020;Thursday;1.2661;1.2819999999999696;1.0;0.8136338242723383;0.2009147546499554;1.0;1.2819999999999696;12.0;1.0;1.0;1.2744999999999704;12.0;1.0;1.0;1.2819999999999696;12.0;1.0;Now
23:44:40 27/08/2020;Thursday;1.2647;1.2669999999999713;1.0;0.822800097228986;0.23231505348414416;1.0;1.2669999999999713;12.0;1.0;1.0;1.265666666666638;12.0;1.0;1.0;1.2669999999999713;12.0;1.0;Now
05:22:21 28/08/2020;Friday;1.2607;1.2649999999999715;1.0;0.8240145629781239;0.2364753689828402;1.0;1.2649999999999715;12.0;1.0;1.0;1.2649999999999715;12.0;1.0;1.0;1.2649999999999715;12.0;1.0;Now
10:00:38 28/08/2020;Friday;1.251;1.2649999999999715;1.0;0.8240145629781239;0.2364753689828402;1.0;1.2649999999999715;12.0;1.0;1.0;1.2584999999999722;12.0;1.0;1.0;1.2649999999999715;12.0;1.0;Now
17:27:21 28/08/2020;Friday;1.2471;1.251999999999973;1.0;0.8318653737234332;0.26336937537554633;0.8784722222222222;1.251999999999973;10.541666666666666;0.8784722222222222;1.0;1.2536666666666394;12.0;1.0;0.8784722222222222;1.251999999999973;10.541666666666666;0.8784722222222222;Now
22:47:54 28/08/2020;Friday;1.2504;1.250999999999973;1.0;0.8324662155307126;0.2654276396657197;0.4332638888888889;1.250999999999973;5.199166666666667;0.4332638888888889;1.0;1.2544999999999726;12.0;1.0;1.0;1.2544999999999726;12.0;1.0;Now
03:59:51 29/08/2020;Saturday;1.2578;1.2579999999999723;1.0;0.828251169633963;0.250988433961969;1.0;1.2579999999999723;12.0;1.0;1.0;1.2579999999999723;12.0;1.0;1.0;1.2579999999999723;12.0;1.0;Now
11:26:53 29/08/2020;Saturday;1.2505;1.2579999999999723;1.0;0.828251169633963;0.250988433961969;1.0;1.2579999999999723;12.0;1.0;1.0;1.2544999999999726;12.0;1.0;1.0;1.2544999999999726;12.0;1.0;Now
17:10:08 29/08/2020;Saturday;1.2504;1.250999999999973;1.0;0.8324662155307126;0.2654276396657197;1.0;1.250999999999973;12.0;1.0;1.0;1.250999999999973;12.0;1.0;1.0;1.250999999999973;12.0;1.0;Now
03:47:07 30/08/2020;Sunday;1.2504;1.250999999999973;1.0;0.8324662155307126;0.2654276396657197;1.0;1.250999999999973;12.0;1.0;1.0;1.250999999999973;12.0;1.0;1.0;1.250999999999973;12.0;1.0;Now
06:32:40 30/08/2020;Sunday;1.2418;1.250999999999973;1.0;0.8324662155307126;0.2654276396657197;1.0;1.250999999999973;12.0;1.0;1.0;1.250999999999973;12.0;1.0;1.0;1.250999999999973;12.0;1.0;Now
13:08:54 30/08/2020;Sunday;1.2394;1.250999999999973;1.0;0.8324662155307126;0.2654276396657197;1.0;1.250999999999973;12.0;1.0;1.0;1.2454999999999736;12.0;1.0;1.0;1.250999999999973;12.0;1.0;Now
19:20:40 30/08/2020;Sunday;1.2392;1.2399999999999742;1.0;0.8390470785361366;0.2879712695504601;0.5496064814814815;1.2399999999999742;6.595277777777778;0.5496064814814815;1.0;1.2404999999999742;12.0;1.0;0.5496064814814815;1.2399999999999742;6.595277777777778;0.5496064814814815;Now
01:56:23 31/08/2020;Monday;1.24;1.2409999999999741;1.0;0.8384509526501988;0.28592916028208315;1.0;1.2409999999999741;12.0;1.0;1.0;1.2409999999999741;12.0;1.0;1.0;1.2409999999999741;12.0;1.0;Now
07:50:19 31/08/2020;Monday;1.239;1.2409999999999741;1.0;0.8384509526501988;0.28592916028208315;1.0;1.2409999999999741;12.0;1.0;1.0;1.2409999999999741;12.0;1.0;1.0;1.2409999999999741;12.0;1.0;Now
13:27:31 31/08/2020;Monday;1.2397;1.2409999999999741;1.0;0.8384509526501988;0.28592916028208315;1.0;1.2409999999999741;12.0;1.0;1.0;1.2403333333333075;12.0;1.0;1.0;1.2409999999999741;12.0;1.0;Now
20:20:49 31/08/2020;Monday;1.2356;1.2399999999999742;1.0;0.8390470785361366;0.2879712695504601;0.9142592592592592;1.2399999999999742;10.971111111111112;0.9142592592592592;1.0;1.241749999999974;12.0;1.0;0.9142592592592592;1.2399999999999742;10.971111111111112;0.9142592592592592;Now
20:20:49 31/08/2020;Monday;1.2356;1.2399999999999742;1.0;0.8390470785361366;0.2879712695504601;0.9142592592592592;1.2399999999999742;10.971111111111112;0.9142592592592592;1.0;1.2423333333333073;12.0;1.0;0.9142592592592592;1.2399999999999742;10.971111111111112;0.9142592592592592;Now
02:32:05 01/09/2020;Tuesday;1.237;1.2379999999999745;1.0;0.8402380615040154;0.29205114162875134;0.39861111111111114;1.2379999999999745;4.783333333333333;0.39861111111111114;1.0;1.2434999999999738;12.0;1.0;1.0;1.2434999999999738;12.0;1.0;Now
07:19:05 01/09/2020;Tuesday;1.2489;1.2489999999999732;1.0;0.8336666000266694;0.2695397179408525;0.6190740740740741;1.2489999999999732;7.428888888888889;0.6190740740740741;1.0;1.2494999999999732;12.0;1.0;0.6190740740740741;1.2489999999999732;7.428888888888889;0.6190740740740741;Now
14:44:49 01/09/2020;Tuesday;1.2496;1.2499999999999731;1.0;0.8330666239863573;0.26748441945167883;0.9741203703703704;1.2499999999999731;11.689444444444444;0.9741203703703704;1.0;1.2503333333333064;12.0;1.0;0.9741203703703704;1.2499999999999731;11.689444444444444;0.9741203703703704;Now
21:51:16 01/09/2020;Tuesday;1.2481;1.2499999999999731;1.0;0.8330666239863573;0.26748441945167883;0.3818287037037037;1.2499999999999731;4.581944444444445;0.3818287037037037;1.0;1.2559999999999725;12.0;1.0;0.3818287037037037;1.2499999999999731;4.581944444444445;0.3818287037037037;Now
02:26:11 02/09/2020;Wednesday;1.2504;1.250999999999973;1.0;0.8324662155307126;0.2654276396657197;0.3981018518518519;1.250999999999973;4.777222222222222;0.3981018518518519;1.0;1.2616666666666385;12.0;1.0;1.0;1.2589999999999721;12.0;1.0;Now
07:12:49 02/09/2020;Wednesday;1.266;1.2669999999999713;1.0;0.822800097228986;0.23231505348414416;1.0;1.2669999999999713;12.0;1.0;1.0;1.2669999999999713;12.0;1.0;1.0;1.2669999999999713;12.0;1.0;Now
13:14:48 02/09/2020;Wednesday;1.2609;1.2669999999999713;1.0;0.822800097228986;0.23231505348414416;1.0;1.2669999999999713;12.0;1.0;1.0;1.2659999999999714;12.0;1.0;1.0;1.2669999999999713;12.0;1.0;Now
19:33:52 02/09/2020;Wednesday;1.2649;1.2649999999999715;1.0;0.8240145629781239;0.2364753689828402;0.5863657407407408;1.2649999999999715;7.036388888888889;0.5863657407407408;1.0;1.2709999999999708;12.0;1.0;0.5863657407407408;1.2649999999999715;7.036388888888889;0.5863657407407408;Now
02:36:03 03/09/2020;Thursday;1.2766;1.2769999999999702;1.0;0.816700679563835;0.21142067925962657;0.4445138888888889;1.2769999999999702;5.3341666666666665;0.4445138888888889;1.0;1.2794999999999699;12.0;1.0;1.0;1.2794999999999699;12.0;1.0;Now
07:56:06 03/09/2020;Thursday;1.2818;1.2819999999999696;1.0;0.8136338242723383;0.2009147546499554;1.0;1.2819999999999696;12.0;1.0;1.0;1.2819999999999696;12.0;1.0;1.0;1.2819999999999696;12.0;1.0;Now
14:57:24 03/09/2020;Thursday;1.2812;1.2819999999999696;1.0;0.8136338242723383;0.2009147546499554;1.0;1.2819999999999696;12.0;1.0;1.0;1.2819999999999696;12.0;1.0;1.0;1.2819999999999696;12.0;1.0;Now
21:25:30 03/09/2020;Thursday;1.281;1.2819999999999696;1.0;0.8136338242723383;0.2009147546499554;1.0;1.2819999999999696;12.0;1.0;1.0;1.2819999999999696;12.0;1.0;1.0;1.2819999999999696;12.0;1.0;Now
04:44:14 04/09/2020;Friday;1.2719;1.2819999999999696;1.0;0.8136338242723383;0.2009147546499554;0.6196759259259259;1.2819999999999696;7.436111111111111;0.6196759259259259;1.0;1.2844999999999693;12.0;1.0;0.6196759259259259;1.2819999999999696;7.436111111111111;0.6196759259259259;Now
12:10:24 04/09/2020;Friday;1.2865;1.286999999999969;1.0;0.8105553651663968;0.19036907961577595;1.0;1.286999999999969;12.0;1.0;1.0;1.286999999999969;12.0;1.0;1.0;1.286999999999969;12.0;1.0;Now
18:47:01 04/09/2020;Friday;1.2721;1.286999999999969;1.0;0.8105553651663968;0.19036907961577595;1.0;1.286999999999969;12.0;1.0;1.0;1.2799999999999698;12.0;1.0;1.0;1.286999999999969;12.0;1.0;Now
01:49:12 05/09/2020;Saturday;1.2616;1.2729999999999706;1.0;0.8191458966509136;0.21979709872824513;1.0;1.2729999999999706;12.0;1.0;1.0;1.2674999999999712;12.0;1.0;1.0;1.2729999999999706;12.0;1.0;Now
08:58:56 05/09/2020;Saturday;1.259;1.2619999999999718;1.0;0.8258329128825201;0.24270437074322873;0.4094675925925926;1.2619999999999718;4.913611111111111;0.4094675925925926;1.0;1.2706666666666375;12.0;1.0;0.8541666666666666;1.2674999999999712;10.25;0.8541666666666666;Now
13:53:45 05/09/2020;Saturday;1.2721;1.2729999999999706;1.0;0.8191458966509136;0.21979709872824513;0.44469907407407405;1.2729999999999706;5.336388888888889;0.44469907407407405;1.0;1.2749999999999704;12.0;1.0;1.0;1.2749999999999704;12.0;1.0;Now
19:13:56 05/09/2020;Saturday;1.2767;1.2769999999999702;1.0;0.816700679563835;0.21142067925962657;1.0;1.2769999999999702;12.0;1.0;1.0;1.2769999999999702;12.0;1.0;1.0;1.2769999999999702;12.0;1.0;Now
07:27:18 06/09/2020;Sunday;1.2871;1.287999999999969;1.0;0.8099382692526826;0.1882551347014551;1.0;1.287999999999969;12.0;1.0;1.0;1.287999999999969;12.0;1.0;1.0;1.287999999999969;12.0;1.0;Now
13:38:56 06/09/2020;Sunday;1.2811;1.287999999999969;1.0;0.8099382692526826;0.1882551347014551;1.0;1.287999999999969;12.0;1.0;1.0;1.2859999999999692;12.0;1.0;1.0;1.287999999999969;12.0;1.0;Now
18:33:24 06/09/2020;Sunday;1.2776;1.287999999999969;1.0;0.8099382692526826;0.1882551347014551;1.0;1.287999999999969;12.0;1.0;1.0;1.2814999999999697;12.0;1.0;1.0;1.287999999999969;12.0;1.0;Now
00:19:20 07/09/2020;Monday;1.2717;1.2819999999999696;1.0;0.8136338242723383;0.2009147546499554;1.0;1.2819999999999696;12.0;1.0;1.0;1.27749999999997;12.0;1.0;1.0;1.2799999999999698;12.0;1.0;Now
04:52:52 07/09/2020;Monday;1.2717;1.27799999999997;1.0;0.8160882305241449;0.2093226528362445;1.0;1.27799999999997;12.0;1.0;1.0;1.2759999999999703;12.0;1.0;1.0;1.2759999999999703;12.0;1.0;Now
05:05:48 07/09/2020;Monday;1.2671;1.27799999999997;1.0;0.8160882305241449;0.2093226528362445;1.0;1.27799999999997;12.0;1.0;1.0;1.2749999999999704;12.0;1.0;1.0;1.2749999999999704;12.0;1.0;Now
10:17:58 07/09/2020;Monday;1.2674;1.2719999999999707;1.0;0.8197560612767857;0.22188729958534903;1.0;1.2719999999999707;12.0;1.0;1.0;1.2714999999999708;12.0;1.0;1.0;1.2719999999999707;12.0;1.0;Now
17:19:50 07/09/2020;Monday;1.2707;1.2709999999999708;1.0;0.8203657720797651;0.2239759458111963;1.0;1.2709999999999708;12.0;1.0;1.0;1.2709999999999708;12.0;1.0;1.0;1.2709999999999708;12.0;1.0;Now
22:31:30 07/09/2020;Monday;1.2685;1.2709999999999708;1.0;0.8203657720797651;0.2239759458111963;1.0;1.2709999999999708;12.0;1.0;1.0;1.2709999999999708;12.0;1.0;1.0;1.2709999999999708;12.0;1.0;Now
04:26:09 08/09/2020;Tuesday;1.2529;1.2709999999999708;1.0;0.8203657720797651;0.2239759458111963;1.0;1.2709999999999708;12.0;1.0;1.0;1.2619999999999718;12.0;1.0;1.0;1.2709999999999708;12.0;1.0;Now
11:35:14 08/09/2020;Tuesday;1.2388;1.2529999999999728;1.0;0.8312640976248326;0.261309623362137;1.0;1.2529999999999728;12.0;1.0;1.0;1.2474999999999734;12.0;1.0;1.0;1.2529999999999728;12.0;1.0;Now
18:33:26 08/09/2020;Tuesday;1.2418;1.241999999999974;1.0;0.837854402626152;0.2838855980716618;1.0;1.241999999999974;12.0;1.0;1.0;1.241999999999974;12.0;1.0;1.0;1.241999999999974;12.0;1.0;Now
23:45:35 08/09/2020;Tuesday;1.2367;1.241999999999974;1.0;0.837854402626152;0.2838855980716618;0.9956944444444444;1.241999999999974;11.948333333333334;0.9956944444444444;1.0;1.244333333333307;12.0;1.0;0.9956944444444444;1.241999999999974;11.948333333333334;0.9956944444444444;Now
06:46:55 09/09/2020;Wednesday;1.241;1.241999999999974;1.0;0.837854402626152;0.2838855980716618;0.41050925925925924;1.241999999999974;4.926111111111111;0.41050925925925924;1.0;1.2466666666666402;12.0;1.0;1.0;1.2454999999999736;12.0;1.0;Now
11:42:29 09/09/2020;Wednesday;1.2482;1.2489999999999732;1.0;0.8336666000266694;0.2695397179408525;1.0;1.2489999999999732;12.0;1.0;1.0;1.2489999999999732;12.0;1.0;1.0;1.2489999999999732;12.0;1.0;Now
17:19:16 09/09/2020;Wednesday;1.2462;1.2489999999999732;1.0;0.8336666000266694;0.2695397179408525;0.5861574074074074;1.2489999999999732;7.033888888888889;0.5861574074074074;1.0;1.251499999999973;12.0;1.0;0.5861574074074074;1.2489999999999732;7.033888888888889;0.5861574074074074;Now
00:21:18 10/09/2020;Thursday;1.2531;1.2539999999999727;1.0;0.8306623862918239;0.2592483803948208;0.5726157407407407;1.2539999999999727;6.871388888888889;0.5726157407407407;1.0;1.2559999999999725;12.0;1.0;0.5726157407407407;1.2539999999999727;6.871388888888889;0.5726157407407407;Now
07:13:35 10/09/2020;Thursday;1.2565;1.2569999999999724;1.0;0.8288546314041007;0.25305567328671447;0.9936111111111111;1.2569999999999724;11.923333333333334;0.9936111111111111;1.0;1.2586666666666388;12.0;1.0;0.9936111111111111;1.2569999999999724;11.923333333333334;0.9936111111111111;Now
11:51:32 10/09/2020;Thursday;1.2563;1.2569999999999724;1.0;0.8288546314041007;0.25305567328671447;0.6075694444444445;1.2569999999999724;7.2908333333333335;0.6075694444444445;1.0;1.259499999999972;12.0;1.0;0.6075694444444445;1.2569999999999724;7.2908333333333335;0.6075694444444445;Now
19:08:59 10/09/2020;Thursday;1.2616;1.2619999999999718;1.0;0.8258329128825201;0.24270437074322873;0.4206944444444444;1.2619999999999718;5.048333333333333;0.4206944444444444;1.0;1.2686666666666377;12.0;1.0;0.4206944444444444;1.2619999999999718;5.048333333333333;0.4206944444444444;Now
00:11:53 11/09/2020;Friday;1.2682;1.268999999999971;1.0;0.8215838362577668;0.2281485882111516;0.49150462962962965;1.268999999999971;5.898055555555556;0.49150462962962965;1.0;1.2719999999999707;12.0;1.0;1.0;1.2719999999999707;12.0;1.0;Now
06:05:46 11/09/2020;Friday;1.2745;1.2749999999999704;1.0;0.8179242018671593;0.21561201920077647;0.5262268518518518;1.2749999999999704;6.314722222222223;0.5262268518518518;1.0;1.2794999999999699;12.0;1.0;0.5262268518518518;1.2749999999999704;6.314722222222223;0.5262268518518518;Now
12:24:39 11/09/2020;Friday;1.2832;1.2839999999999694;1.0;0.8124038404636148;0.19670127995442793;0.4925231481481481;1.2839999999999694;5.910277777777778;0.4925231481481481;1.0;1.2866666666666358;12.0;1.0;0.4925231481481481;1.2839999999999694;5.910277777777778;0.4925231481481481;Now
18:19:16 11/09/2020;Friday;1.2873;1.287999999999969;1.0;0.8099382692526826;0.1882551347014551;0.9705555555555555;1.287999999999969;11.646666666666667;0.9705555555555555;1.0;1.2896666666666354;12.0;1.0;0.9705555555555555;1.287999999999969;11.646666666666667;0.9705555555555555;Now
00:04:26 12/09/2020;Saturday;1.2874;1.287999999999969;1.0;0.8099382692526826;0.1882551347014551;0.49115740740740743;1.287999999999969;5.893888888888889;0.49115740740740743;1.0;1.2929999999999684;12.0;1.0;0.49115740740740743;1.287999999999969;5.893888888888889;0.49115740740740743;Now
05:58:04 12/09/2020;Saturday;1.2926;1.2929999999999684;1.0;0.8068457101577919;0.1776611582618236;0.45694444444444443;1.2929999999999684;5.483333333333333;0.45694444444444443;1.0;1.2954999999999681;12.0;1.0;1.0;1.2954999999999681;12.0;1.0;Now
11:27:04 12/09/2020;Saturday;1.2971;1.2979999999999678;1.0;0.8037412518964248;0.16702641962964052;0.6200462962962963;1.2979999999999678;7.440555555555555;0.6200462962962963;1.0;1.2994999999999677;12.0;1.0;0.6200462962962963;1.2979999999999678;7.440555555555555;0.6200462962962963;Now
18:53:30 12/09/2020;Saturday;1.3009;1.3009999999999675;1.0;0.8018728078691985;0.16062581372500048;0.5796296296296296;1.3009999999999675;5.8566666666666665;0.4880555555555556;1.0;1.301666666666634;12.0;1.0;0.5796296296296296;1.3009999999999675;5.8566666666666665;0.4880555555555556;Now
00:44:54 13/09/2020;Sunday;1.3012;1.3019999999999674;1.0;0.8012490249604255;0.158488961611195;1.0;1.3019999999999674;12.0;1.0;1.0;1.3019999999999674;12.0;1.0;1.0;1.3019999999999674;12.0;1.0;Now
05:47:34 13/09/2020;Sunday;1.3005;1.3019999999999674;1.0;0.8012490249604255;0.158488961611195;1.0;1.3019999999999674;12.0;1.0;1.0;1.3014999999999675;12.0;1.0;1.0;1.3019999999999674;12.0;1.0;Now
13:14:11 13/09/2020;Sunday;1.2888;1.3009999999999675;1.0;0.8018728078691985;0.16062581372500048;1.0;1.3009999999999675;12.0;1.0;1.0;1.2949999999999682;12.0;1.0;1.0;1.3009999999999675;12.0;1.0;Now
19:34:25 13/09/2020;Sunday;1.2887;1.2889999999999688;1.0;0.8093207028119515;0.18613957793365646;0.6199074074074075;1.2889999999999688;7.438888888888889;0.6199074074074075;1.0;1.2914999999999686;12.0;1.0;0.6199074074074075;1.2889999999999688;7.438888888888889;0.6199074074074075;Now
03:00:45 14/09/2020;Monday;1.293;1.2939999999999683;1.0;0.8062257748298746;0.1755374865528812;1.0;1.2939999999999683;12.0;1.0;1.0;1.2939999999999683;12.0;1.0;1.0;1.2939999999999683;12.0;1.0;Now
07:56:20 14/09/2020;Monday;1.2881;1.2939999999999683;1.0;0.8062257748298746;0.1755374865528812;1.0;1.2939999999999683;12.0;1.0;1.0;1.2939999999999683;12.0;1.0;1.0;1.2939999999999683;12.0;1.0;Now
13:07:09 14/09/2020;Monday;1.2891;1.2939999999999683;1.0;0.8062257748298746;0.1755374865528812;0.9370601851851852;1.2939999999999683;11.244722222222222;0.9370601851851852;1.0;1.2944999999999682;12.0;1.0;0.9370601851851852;1.2939999999999683;11.244722222222222;0.9370601851851852;Now
00:21:50 15/09/2020;Tuesday;1.2946;1.2949999999999682;1.0;0.805605362444933;0.1734121806210445;0.5742592592592592;1.2949999999999682;6.891111111111111;0.5742592592592592;1.0;1.3014999999999675;12.0;1.0;0.5742592592592592;1.2949999999999682;6.891111111111111;0.5742592592592592;Now
07:15:18 15/09/2020;Tuesday;1.3078;1.3079999999999667;1.0;0.7974960814950962;0.14563274983608174;0.6201157407407407;1.3079999999999667;7.441388888888889;0.6201157407407407;1.0;1.3084999999999667;12.0;1.0;0.6201157407407407;1.3079999999999667;7.441388888888889;0.6201157407407407;Now
14:41:47 15/09/2020;Tuesday;1.3086;1.3089999999999666;1.0;0.7968688725254822;0.14348416129082356;0.5877083333333334;1.3089999999999666;7.0525;0.5877083333333334;1.0;1.3104999999999665;12.0;1.0;0.5877083333333334;1.3089999999999666;7.0525;0.5877083333333334;Now
21:44:56 15/09/2020;Tuesday;1.3111;1.3119999999999663;1.0;0.7949842765740928;0.13702822480112797;0.4186574074074074;1.3119999999999663;5.023888888888889;0.4186574074074074;1.0;1.3156666666666326;12.0;1.0;0.9812037037037037;1.3129999999999662;11.774444444444445;0.9812037037037037;Now
02:46:22 16/09/2020;Wednesday;1.3135;1.313999999999966;1.0;0.7937253933193985;0.13271575117289197;0.5625462962962963;1.313999999999966;6.750555555555556;0.5625462962962963;1.0;1.3174999999999657;12.0;1.0;0.5625462962962963;1.313999999999966;6.750555555555556;0.5625462962962963;Now
09:31:24 16/09/2020;Wednesday;1.3205;1.3209999999999653;1.0;0.7893034904268665;0.11756792905391715;0.5986574074074074;1.3209999999999653;7.183888888888889;0.5986574074074074;1.0;1.323499999999965;12.0;1.0;0.5986574074074074;1.3209999999999653;7.183888888888889;0.5986574074074074;Now
16:42:26 16/09/2020;Wednesday;1.325;1.3259999999999648;1.0;0.7861297602813643;0.10669589028099677;1.0;1.3259999999999648;12.0;1.0;1.0;1.3259999999999648;12.0;1.0;1.0;1.3259999999999648;12.0;1.0;Now
23:10:28 16/09/2020;Wednesday;1.3206;1.3259999999999648;1.0;0.7861297602813643;0.10669589028099677;1.0;1.3259999999999648;12.0;1.0;1.0;1.323999999999965;12.0;1.0;1.0;1.3259999999999648;12.0;1.0;Now
05:46:57 17/09/2020;Thursday;1.3211;1.3219999999999652;1.0;0.7886697661252362;0.11539702136397664;0.49671296296296297;1.3219999999999652;5.494722222222222;0.4578935185185185;1.0;1.3226666666666318;12.0;1.0;1.0;1.3224999999999651;12.0;1.0;Now
11:16:38 17/09/2020;Thursday;1.3226;1.322999999999965;1.0;0.7880355321938439;0.11322436786885494;0.984212962962963;1.322999999999965;11.810555555555556;0.984212962962963;1.0;1.3243333333332983;12.0;1.0;0.984212962962963;1.322999999999965;11.810555555555556;0.984212962962963;Now
17:19:00 17/09/2020;Thursday;1.3205;1.322999999999965;1.0;0.7880355321938439;0.11322436786885494;0.4809259259259259;1.322999999999965;5.771111111111111;0.4809259259259259;1.0;1.329666666666631;12.0;1.0;0.4809259259259259;1.322999999999965;5.771111111111111;0.4809259259259259;Now
23:05:16 17/09/2020;Thursday;1.3263;1.3269999999999647;1.0;0.7854934754662417;0.10451621120827011;0.49199074074074073;1.3269999999999647;5.903888888888889;0.49199074074074073;1.0;1.3349999999999638;12.0;1.0;1.0;1.332999999999964;12.0;1.0;Now
04:59:30 18/09/2020;Friday;1.3386;1.3389999999999633;1.0;0.7778174593052258;0.07822098713498303;1.0;1.3389999999999633;12.0;1.0;1.0;1.3389999999999633;12.0;1.0;1.0;1.3389999999999633;12.0;1.0;Now
11:02:15 18/09/2020;Friday;1.33;1.3389999999999633;1.0;0.7778174593052258;0.07822098713498303;1.0;1.3389999999999633;12.0;1.0;1.0;1.3354999999999637;12.0;1.0;1.0;1.3389999999999633;12.0;1.0;Now
18:29:40 18/09/2020;Friday;1.3316;1.331999999999964;1.0;0.7823042886243408;0.09359122344635458;0.5748148148148148;1.331999999999964;6.897777777777778;0.5748148148148148;1.0;1.3379999999999634;12.0;1.0;0.5748148148148148;1.331999999999964;6.897777777777778;0.5748148148148148;Now
01:23:32 19/09/2020;Saturday;1.3401;1.340999999999963;1.0;0.7765307463327108;0.07381317907145618;1.0;1.340999999999963;12.0;1.0;1.0;1.340999999999963;12.0;1.0;1.0;1.340999999999963;12.0;1.0;Now
05:45:06 19/09/2020;Saturday;1.3401;1.340999999999963;1.0;0.7765307463327108;0.07381317907145618;1.0;1.340999999999963;12.0;1.0;1.0;1.340999999999963;12.0;1.0;1.0;1.340999999999963;12.0;1.0;Now
07:43:39 19/09/2020;Saturday;1.3383;1.340999999999963;1.0;0.7765307463327108;0.07381317907145618;1.0;1.340999999999963;12.0;1.0;1.0;1.340999999999963;12.0;1.0;1.0;1.340999999999963;12.0;1.0;Now
15:19:04 19/09/2020;Saturday;1.3342;1.340999999999963;1.0;0.7765307463327108;0.07381317907145618;1.0;1.340999999999963;12.0;1.0;1.0;1.3369999999999636;12.0;1.0;1.0;1.340999999999963;12.0;1.0;Now
21:56:31 19/09/2020;Saturday;1.3328;1.3349999999999638;1.0;0.78038452060509;0.08701480031539438;1.0;1.3349999999999638;12.0;1.0;1.0;1.3343333333332972;12.0;1.0;1.0;1.3349999999999638;12.0;1.0;Now
02:51:37 20/09/2020;Sunday;1.3129;1.3349999999999638;1.0;0.78038452060509;0.08701480031539438;1.0;1.3349999999999638;12.0;1.0;1.0;1.3269999999999647;12.0;1.0;1.0;1.3349999999999638;12.0;1.0;Now
09:30:59 20/09/2020;Sunday;1.2884;1.332999999999964;1.0;0.7816648898345352;0.0914008770352156;1.0;1.332999999999964;12.0;1.0;1.0;1.3133333333332995;12.0;1.0;1.0;1.322999999999965;12.0;1.0;Now
14:25:52 20/09/2020;Sunday;1.2937;1.3129999999999662;1.0;0.7943550843294412;0.13487284228092017;1.0;1.3129999999999662;12.0;1.0;1.0;1.3006666666666342;12.0;1.0;1.0;1.3129999999999662;12.0;1.0;Now
20:45:43 20/09/2020;Sunday;1.2936;1.2939999999999683;1.0;0.8062257748298746;0.1755374865528812;0.39796296296296296;1.2939999999999683;4.775555555555556;0.39796296296296296;1.0;1.2944999999999682;12.0;1.0;1.0;1.2944999999999682;12.0;1.0;Now
01:32:15 21/09/2020;Monday;1.2944;1.2949999999999682;1.0;0.805605362444933;0.1734121806210445;0.622337962962963;1.2949999999999682;7.468055555555556;0.622337962962963;1.0;1.297499999999968;12.0;1.0;0.622337962962963;1.2949999999999682;7.468055555555556;0.622337962962963;Now
09:00:20 21/09/2020;Monday;1.2995;1.2999999999999676;1.0;0.8024961059095753;0.16276100485700837;1.0;1.2999999999999676;12.0;1.0;1.0;1.2999999999999676;12.0;1.0;1.0;1.2999999999999676;12.0;1.0;Now
15:11:29 21/09/2020;Monday;1.2967;1.2999999999999676;1.0;0.8024961059095753;0.16276100485700837;0.5278472222222222;1.2999999999999676;6.3341666666666665;0.5278472222222222;1.0;1.3014999999999675;12.0;1.0;0.5278472222222222;1.2999999999999676;6.3341666666666665;0.5278472222222222;Now
21:31:32 21/09/2020;Monday;1.3024;1.3029999999999673;1.0;0.8006247560499442;0.1563504446332787;0.5394444444444444;1.3029999999999673;6.473333333333334;0.5394444444444444;1.0;1.3069999999999669;12.0;1.0;0.5394444444444444;1.3029999999999673;6.473333333333334;0.5394444444444444;Now
03:59:56 22/09/2020;Tuesday;1.3106;1.3109999999999664;1.0;0.7956129712366645;0.13918190278710765;0.5741666666666667;1.3109999999999664;6.89;0.5741666666666667;1.0;1.3159999999999659;12.0;1.0;0.5741666666666667;1.3109999999999664;6.89;0.5741666666666667;Now
10:53:20 22/09/2020;Tuesday;1.3205;1.3209999999999653;1.0;0.7893034904268665;0.11756792905391715;0.5518055555555555;1.3209999999999653;6.621666666666667;0.5518055555555555;1.0;1.3249999999999649;12.0;1.0;0.5518055555555555;1.3209999999999653;6.621666666666667;0.5518055555555555;Now
17:30:38 22/09/2020;Tuesday;1.3285;1.3289999999999644;1.0;0.7842193570679288;0.10015154754983636;0.5395138888888888;1.3289999999999644;6.474166666666667;0.5395138888888888;1.0;1.3299999999999643;12.0;1.0;0.5395138888888888;1.3289999999999644;6.474166666666667;0.5395138888888888;Now
23:59:05 22/09/2020;Tuesday;1.3301;1.3309999999999642;1.0;0.7829431652425581;0.0957797810886025;0.5500462962962963;1.3309999999999642;6.600555555555555;0.5500462962962963;1.0;1.3344999999999638;12.0;1.0;0.5500462962962963;1.3309999999999642;6.600555555555555;0.5500462962962963;Now
06:35:07 23/09/2020;Wednesday;1.3372;1.3379999999999634;1.0;0.778460018241166;0.0804221590510414;0.46912037037037035;1.3379999999999634;5.629444444444444;0.46912037037037035;1.0;1.3406666666666298;12.0;1.0;0.46912037037037035;1.3379999999999634;5.629444444444444;0.46912037037037035;Now
12:12:53 23/09/2020;Wednesday;1.3403;1.340999999999963;1.0;0.7765307463327108;0.07381317907145618;0.41060185185185183;1.340999999999963;4.927222222222222;0.41060185185185183;1.0;1.341999999999963;12.0;1.0;1.0;1.341999999999963;12.0;1.0;Now
17:08:31 23/09/2020;Wednesday;1.342;1.342999999999963;1.0;0.7752418977325961;0.06939805512882069;0.6206944444444444;1.342999999999963;7.448333333333333;0.6206944444444444;1.0;1.3499999999999621;12.0;1.0;0.6206944444444444;1.342999999999963;7.448333333333333;0.6206944444444444;Now
00:35:25 24/09/2020;Thursday;1.3569;1.3569999999999613;1.0;0.7661592523751434;0.038284233864951375;0.5631712962962963;1.3569999999999613;6.758055555555556;0.5631712962962963;1.0;1.3639999999999606;12.0;1.0;0.5631712962962963;1.3569999999999613;6.758055555555556;0.5631712962962963;Now
07:20:54 24/09/2020;Thursday;1.3702;1.3709999999999598;1.0;0.756967634711049;0.006797113332188162;0.5970833333333333;1.3709999999999598;7.165;0.5970833333333333;1.0;1.3714999999999598;12.0;1.0;0.5970833333333333;1.3709999999999598;7.165;0.5970833333333333;Now
14:30:48 24/09/2020;Thursday;1.3712;1.3719999999999597;1.0;0.7563068160475881;0.0045333902676428;0.5662268518518518;1.3719999999999597;6.620555555555556;0.551712962962963;1.0;1.3726666666666263;12.0;1.0;0.5662268518518518;1.3719999999999597;6.620555555555556;0.551712962962963;Now
21:08:02 24/09/2020;Thursday;1.3722;1.3729999999999596;1.0;0.7556454194925292;0.002267687557830776;0.8210185185185185;1.3729999999999596;9.852222222222222;0.8210185185185185;1.0;1.3733333333332929;12.0;1.0;0.8210185185185185;1.3729999999999596;9.852222222222222;0.8210185185185185;Now
02:20:21 25/09/2020;Friday;1.3718;1.3729999999999596;1.0;0.7556454194925292;0.002267687557830776;0.5558101851851852;1.3729999999999596;4.646944444444444;0.3872453703703704;1.0;1.3736666666666262;12.0;1.0;1.0;1.3734999999999595;12.0;1.0;Now
06:59:10 25/09/2020;Friday;1.3738;1.3739999999999595;1.0;0.7549834435271018;0.0;1.0;1.3739999999999595;12.0;1.0;1.0;1.3739999999999595;12.0;1.0;1.0;1.3739999999999595;12.0;1.0;Now
12:18:59 25/09/2020;Friday;1.3708;1.3739999999999595;1.0;0.7549834435271018;0.0;1.0;1.3739999999999595;12.0;1.0;1.0;1.3724999999999596;12.0;1.0;1.0;1.3739999999999595;12.0;1.0;Now
19:20:51 25/09/2020;Friday;1.3631;1.3709999999999598;1.0;0.756967634711049;0.006797113332188162;1.0;1.3709999999999598;12.0;1.0;1.0;1.3674999999999602;12.0;1.0;1.0;1.3709999999999598;12.0;1.0;Now
02:31:55 26/09/2020;Saturday;1.3582;1.3639999999999606;1.0;0.7615773105864166;0.022588177017491336;1.0;1.3639999999999606;12.0;1.0;1.0;1.3614999999999609;12.0;1.0;1.0;1.3639999999999606;12.0;1.0;Now
08:59:56 26/09/2020;Saturday;1.3465;1.3589999999999611;1.0;0.7648529270389431;0.0338092410161282;1.0;1.3589999999999611;12.0;1.0;1.0;1.3529999999999618;12.0;1.0;1.0;1.3529999999999618;12.0;1.0;Now
14:38:18 26/09/2020;Saturday;1.335;1.3469999999999624;1.0;0.7726577508832986;0.06054571310462614;1.0;1.3469999999999624;12.0;1.0;1.0;1.341499999999963;12.0;1.0;1.0;1.3469999999999624;12.0;1.0;Now
21:40:23 26/09/2020;Saturday;1.3097;1.3359999999999637;1.0;0.7797435475847404;0.08481906116614359;1.0;1.3359999999999637;12.0;1.0;1.0;1.3186666666666322;12.0;1.0;1.0;1.3359999999999637;12.0;1.0;Now
03:50:26 27/09/2020;Sunday;1.2979;1.3099999999999665;1.0;0.7962411694957963;0.14133388027644786;1.0;1.3099999999999665;12.0;1.0;1.0;1.3099999999999665;12.0;1.0;1.0;1.3099999999999665;12.0;1.0;Now
09:28:51 27/09/2020;Sunday;1.2888;1.3099999999999665;1.0;0.7962411694957963;0.14133388027644786;1.0;1.3099999999999665;12.0;1.0;1.0;1.295999999999968;12.0;1.0;1.0;1.3099999999999665;12.0;1.0;Now
16:38:34 27/09/2020;Sunday;1.2661;1.2889999999999688;1.0;0.8093207028119515;0.18613957793365646;1.0;1.2889999999999688;12.0;1.0;1.0;1.2816666666666363;12.0;1.0;1.0;1.2889999999999688;12.0;1.0;Now
21:26:18 27/09/2020;Sunday;1.2556;1.2889999999999688;1.0;0.8093207028119515;0.18613957793365646;1.0;1.2889999999999688;12.0;1.0;1.0;1.2706666666666375;12.0;1.0;1.0;1.2889999999999688;12.0;1.0;Now
03:12:23 28/09/2020;Monday;1.25;1.2669999999999713;1.0;0.822800097228986;0.23231505348414416;1.0;1.2669999999999713;12.0;1.0;1.0;1.2579999999999723;12.0;1.0;1.0;1.2669999999999713;12.0;1.0;Now
08:40:51 28/09/2020;Monday;1.2319;1.2559999999999725;1.0;0.8294576541331254;0.2551214086171744;1.0;1.2559999999999725;12.0;1.0;1.0;1.2534999999999727;12.0;1.0;1.0;1.2534999999999727;12.0;1.0;Now
14:01:47 28/09/2020;Monday;1.221;1.250999999999973;1.0;0.8324662155307126;0.2654276396657197;1.0;1.250999999999973;12.0;1.0;1.0;1.2364999999999746;12.0;1.0;1.0;1.250999999999973;12.0;1.0;Now
21:20:31 28/09/2020;Monday;1.217;1.2219999999999762;1.0;0.8497058314499341;0.3244842588838507;1.0;1.2219999999999762;12.0;1.0;1.0;1.2199999999999764;12.0;1.0;1.0;1.2219999999999762;12.0;1.0;Now
04:22:05 29/09/2020;Tuesday;1.2119;1.2179999999999767;1.0;0.8520563361656454;0.3325362284066411;1.0;1.2179999999999767;12.0;1.0;1.0;1.213999999999977;12.0;1.0;1.0;1.2179999999999767;12.0;1.0;Now
10:33:32 29/09/2020;Tuesday;1.1979;1.2119999999999773;1.0;0.8555699854483108;0.34457270582729355;1.0;1.2119999999999773;12.0;1.0;1.0;1.2086666666666444;12.0;1.0;1.0;1.2119999999999773;12.0;1.0;Now
15:28:58 29/09/2020;Tuesday;1.2001;1.2119999999999773;1.0;0.8555699854483108;0.34457270582729355;1.0;1.2119999999999773;12.0;1.0;1.0;1.2069999999999779;12.0;1.0;1.0;1.2119999999999773;12.0;1.0;Now
21:32:03 29/09/2020;Tuesday;1.2019;1.2019999999999784;1.0;0.8613942186943336;0.3645243988731028;1.0;1.2019999999999784;12.0;1.0;1.0;1.2019999999999784;12.0;1.0;1.0;1.2019999999999784;12.0;1.0;Now
04:59:15 30/09/2020;Wednesday;1.1951;1.2019999999999784;1.0;0.8613942186943336;0.3645243988731028;1.0;1.2019999999999784;12.0;1.0;1.0;1.1989999999999787;12.0;1.0;1.0;1.2019999999999784;12.0;1.0;Now
12:10:03 30/09/2020;Wednesday;1.19;1.195999999999979;1.0;0.8648699324175982;0.3764309229411483;;;;;;;;;;;;;Now
18:20:51 30/09/2020;Wednesday;1.1828;1.1909999999999796;1.0;0.8677557259966772;0.3863165963424782;;;;;;;;;;;;;Now
