10:50:47 01/04/2020;Wednesday;0.6929;0.6940000000000005;1.0;1.1180339887498947;0.9752234414413377;1.0;0.6940000000000005;12.0;1.0;1.0;0.6940000000000005;12.0;1.0;1.0;0.6940000000000005;12.0;1.0;Now
16:17:09 01/04/2020;Wednesday;0.6937;0.6940000000000005;1.0;1.1180339887498947;0.9752234414413377;1.0;0.6940000000000005;12.0;1.0;1.0;0.6940000000000005;12.0;1.0;1.0;0.6940000000000005;12.0;1.0;Now
22:34:41 01/04/2020;Wednesday;0.6863;0.6940000000000005;1.0;1.1180339887498947;0.9752234414413377;1.0;0.6940000000000005;12.0;1.0;1.0;0.6920000000000005;12.0;1.0;1.0;0.6940000000000005;12.0;1.0;Now
03:45:05 02/04/2020;Thursday;0.6872;0.6940000000000005;1.0;1.1180339887498947;0.9752234414413377;1.0;0.6940000000000005;12.0;1.0;1.0;0.6910000000000005;12.0;1.0;1.0;0.6940000000000005;12.0;1.0;Now
09:45:11 02/04/2020;Thursday;0.682;0.6880000000000005;1.0;1.1207140580897517;0.9964647229726887;1.0;0.6880000000000005;12.0;1.0;1.0;0.6873333333333337;12.0;1.0;1.0;0.6880000000000005;12.0;1.0;Now
16:19:38 02/04/2020;Thursday;0.687;0.6870000000000005;1.0;1.1211601134539166;1.0;1.0;0.6870000000000005;12.0;1.0;1.0;0.6870000000000006;12.0;1.0;1.0;0.6870000000000005;12.0;1.0;Now
21:21:12 02/04/2020;Thursday;0.6846;0.6870000000000005;1.0;1.1211601134539166;1.0;1.0;0.6870000000000005;12.0;1.0;1.0;0.6870000000000005;12.0;1.0;1.0;0.6870000000000005;12.0;1.0;Now
02:06:45 03/04/2020;Friday;0.6821;0.6870000000000005;1.0;1.1211601134539166;1.0;1.0;0.6870000000000005;12.0;1.0;1.0;0.6870000000000005;12.0;1.0;1.0;0.6870000000000005;12.0;1.0;Now
13:58:55 03/04/2020;Friday;0.687;0.6870000000000005;1.0;1.1211601134539166;1.0;0.5477083333333334;0.6870000000000005;6.5725;0.5477083333333334;1.0;0.6895000000000004;12.0;1.0;0.5477083333333334;0.6870000000000005;6.5725;0.5477083333333334;Now
20:33:16 03/04/2020;Friday;0.6914;0.6920000000000005;1.0;1.118928058455949;0.9823095216604275;1.0;0.6920000000000005;12.0;1.0;1.0;0.6920000000000005;12.0;1.0;1.0;0.6920000000000005;12.0;1.0;Now
03:57:52 04/04/2020;Saturday;0.6854;0.6920000000000005;1.0;1.118928058455949;0.9823095216604275;1.0;0.6920000000000005;12.0;1.0;1.0;0.6900000000000005;12.0;1.0;1.0;0.6920000000000005;12.0;1.0;Now
11:14:10 04/04/2020;Saturday;0.6876;0.6880000000000005;1.0;1.1207140580897517;0.9964647229726887;0.605625;0.6880000000000005;7.2675;0.605625;1.0;0.6900000000000005;12.0;1.0;0.605625;0.6880000000000005;7.2675;0.605625;Now
18:30:13 04/04/2020;Saturday;0.6914;0.6920000000000005;1.0;1.118928058455949;0.9823095216604275;0.46550925925925923;0.6920000000000005;5.586111111111111;0.46550925925925923;1.0;0.6930000000000005;12.0;1.0;1.0;0.6930000000000005;12.0;1.0;Now
00:05:23 05/04/2020;Sunday;0.6936;0.6940000000000005;1.0;1.1180339887498947;0.9752234414413377;0.5581712962962962;0.6940000000000005;6.698055555555555;0.5581712962962962;1.0;0.6945000000000006;12.0;1.0;0.5581712962962962;0.6940000000000005;6.698055555555555;0.5581712962962962;Now
06:47:16 05/04/2020;Sunday;0.6942;0.6950000000000005;1.0;1.1175866856758805;0.9716782755071304;0.5824305555555556;0.6950000000000005;6.989166666666667;0.5824305555555556;1.0;0.6960000000000005;12.0;1.0;0.5824305555555556;0.6950000000000005;6.989166666666667;0.5824305555555556;Now
13:46:37 05/04/2020;Sunday;0.6962;0.6970000000000005;1.0;1.11669154201149;0.9645836834741728;0.4312037037037037;0.6970000000000005;5.174444444444444;0.4312037037037037;1.0;0.7003333333333339;12.0;1.0;0.4312037037037037;0.6970000000000005;5.174444444444444;0.4312037037037037;Now
18:57:05 05/04/2020;Sunday;0.7004;0.7010000000000005;1.0;1.1148990985734986;0.9503774108493641;0.4430324074074074;0.7010000000000005;5.316388888888889;0.4430324074074074;1.0;0.7036666666666672;12.0;1.0;0.9900462962962963;0.7020000000000005;11.880555555555556;0.9900462962962963;Now
00:16:04 06/04/2020;Monday;0.7028;0.7030000000000005;1.0;1.1140017953306895;0.9432657027617973;0.5470138888888889;0.7030000000000005;6.564166666666667;0.5470138888888889;1.0;0.7050000000000005;12.0;1.0;0.5470138888888889;0.7030000000000005;6.564166666666667;0.5470138888888889;Now
06:49:55 06/04/2020;Monday;0.7069;0.7070000000000005;1.0;1.1122050170719422;0.9290250738810909;0.4545138888888889;0.7070000000000005;5.454166666666667;0.4545138888888889;1.0;0.7083333333333338;12.0;1.0;0.9769444444444444;0.7075000000000005;11.723333333333333;0.9769444444444444;Now
12:17:10 06/04/2020;Monday;0.7071;0.7080000000000005;1.0;1.1117553687749835;0.9254613205394321;0.5678935185185185;0.7080000000000005;6.269166666666667;0.5224305555555555;1.0;0.7093333333333338;12.0;1.0;0.5678935185185185;0.7080000000000005;6.269166666666667;0.5224305555555555;Now
18:33:19 06/04/2020;Monday;0.7094;0.7100000000000005;1.0;1.1108555261599051;0.9183294862855442;1.0;0.7100000000000005;12.0;1.0;1.0;0.7100000000000005;12.0;1.0;1.0;0.7100000000000005;12.0;1.0;Now
23:44:26 06/04/2020;Monday;0.7034;0.7100000000000005;1.0;1.1108555261599051;0.9183294862855442;1.0;0.7100000000000005;12.0;1.0;1.0;0.7080000000000005;12.0;1.0;1.0;0.7100000000000005;12.0;1.0;Now
05:11:19 07/04/2020;Tuesday;0.7027;0.7100000000000005;1.0;1.1108555261599051;0.9183294862855442;1.0;0.7100000000000005;12.0;1.0;1.0;0.7056666666666672;12.0;1.0;1.0;0.7100000000000005;12.0;1.0;Now
11:28:16 07/04/2020;Tuesday;0.7005;0.7040000000000005;1.0;1.113552872566004;0.9397076997322835;1.0;0.7040000000000005;12.0;1.0;1.0;0.7033333333333337;12.0;1.0;1.0;0.7040000000000005;12.0;1.0;Now
16:55:08 07/04/2020;Tuesday;0.7024;0.7030000000000005;1.0;1.1140017953306895;0.9432657027617973;1.0;0.7030000000000005;12.0;1.0;1.0;0.7030000000000005;12.0;1.0;1.0;0.7030000000000005;12.0;1.0;Now
22:50:36 07/04/2020;Tuesday;0.6985;0.7030000000000005;1.0;1.1140017953306895;0.9432657027617973;1.0;0.7030000000000005;12.0;1.0;1.0;0.7010000000000005;12.0;1.0;1.0;0.7030000000000005;12.0;1.0;Now
05:40:45 08/04/2020;Wednesday;0.6946;0.6990000000000005;1.0;1.1157956802210696;0.9574833998283337;1.0;0.6990000000000005;12.0;1.0;1.0;0.6980000000000005;12.0;1.0;1.0;0.6990000000000005;12.0;1.0;Now
13:14:26 08/04/2020;Wednesday;0.6963;0.6970000000000005;1.0;1.11669154201149;0.9645836834741728;1.0;0.6970000000000005;12.0;1.0;1.0;0.6970000000000005;12.0;1.0;1.0;0.6970000000000005;12.0;1.0;Now
18:32:48 08/04/2020;Wednesday;0.6954;0.6970000000000005;1.0;1.11669154201149;0.9645836834741728;1.0;0.6970000000000005;12.0;1.0;1.0;0.6965000000000006;12.0;1.0;1.0;0.6970000000000005;12.0;1.0;Now
01:56:57 09/04/2020;Thursday;0.6934;0.6960000000000005;1.0;1.117139203501515;0.9681316900868949;1.0;0.6960000000000005;12.0;1.0;1.0;0.6950000000000005;12.0;1.0;1.0;0.6960000000000005;12.0;1.0;Now
08:07:18 09/04/2020;Thursday;0.6914;0.6940000000000005;1.0;1.1180339887498947;0.9752234414413377;0.5705092592592592;0.6940000000000005;6.846111111111111;0.5705092592592592;1.0;0.6950000000000005;12.0;1.0;0.5705092592592592;0.6940000000000005;6.846111111111111;0.5705092592592592;Now
14:58:04 09/04/2020;Thursday;0.696;0.6960000000000005;1.0;1.117139203501515;0.9681316900868949;1.0;0.6960000000000005;12.0;1.0;1.0;0.6960000000000005;12.0;1.0;1.0;0.6960000000000005;12.0;1.0;Now
21:56:51 09/04/2020;Thursday;0.6932;0.6960000000000005;1.0;1.117139203501515;0.9681316900868949;0.4672222222222222;0.6960000000000005;5.6066666666666665;0.4672222222222222;1.0;0.6980000000000004;12.0;1.0;0.4672222222222222;0.6960000000000005;5.6066666666666665;0.4672222222222222;Now
03:33:15 10/04/2020;Friday;0.6981;0.6990000000000005;1.0;1.1157956802210696;0.9574833998283337;1.0;0.6990000000000005;12.0;1.0;1.0;0.6990000000000004;12.0;1.0;1.0;0.6990000000000005;12.0;1.0;Now
08:17:33 10/04/2020;Friday;0.6961;0.6990000000000005;1.0;1.1157956802210696;0.9574833998283337;1.0;0.6990000000000005;12.0;1.0;1.0;0.6990000000000004;12.0;1.0;1.0;0.6990000000000005;12.0;1.0;Now
12:54:42 10/04/2020;Friday;0.6982;0.6990000000000005;1.0;1.1157956802210696;0.9574833998283337;1.0;0.6990000000000005;12.0;1.0;1.0;0.6990000000000005;12.0;1.0;1.0;0.6990000000000005;12.0;1.0;Now
18:30:34 10/04/2020;Friday;0.6983;0.6990000000000005;1.0;1.1157956802210696;0.9574833998283337;0.5940509259259259;0.6990000000000005;7.128611111111111;0.5940509259259259;1.0;0.7045000000000006;12.0;1.0;0.5940509259259259;0.6990000000000005;7.128611111111111;0.5940509259259259;Now
01:38:17 11/04/2020;Saturday;0.7098;0.7100000000000005;1.0;1.1108555261599051;0.9183294862855442;0.6172916666666667;0.7100000000000005;7.4075;0.6172916666666667;1.0;0.7105000000000006;12.0;1.0;0.6172916666666667;0.7100000000000005;7.4075;0.6172916666666667;Now
09:02:44 11/04/2020;Saturday;0.7103;0.7110000000000005;1.0;1.1104053313993045;0.9147614018663677;0.45414351851851853;0.7110000000000005;5.449722222222222;0.45414351851851853;1.0;0.7125000000000006;12.0;1.0;1.0;0.7125000000000006;12.0;1.0;Now
14:29:43 11/04/2020;Saturday;0.7133;0.7140000000000005;1.0;1.1090536506409414;0.9040484583234841;0.6158333333333333;0.7140000000000005;7.1338888888888885;0.5944907407407407;1.0;0.7153333333333339;12.0;1.0;0.6158333333333333;0.7140000000000005;7.1338888888888885;0.5944907407407407;Now
21:37:45 11/04/2020;Saturday;0.7156;0.7160000000000005;1.0;1.1081516141756051;0.8968992363885118;1.0;0.7160000000000005;12.0;1.0;1.0;0.7160000000000005;12.0;1.0;1.0;0.7160000000000005;12.0;1.0;Now
02:14:21 12/04/2020;Sunday;0.7123;0.7160000000000005;1.0;1.1081516141756051;0.8968992363885118;1.0;0.7160000000000005;12.0;1.0;1.0;0.7160000000000005;12.0;1.0;1.0;0.7160000000000005;12.0;1.0;Now
09:30:50 12/04/2020;Sunday;0.7131;0.7160000000000005;1.0;1.1081516141756051;0.8968992363885118;0.5929629629629629;0.7160000000000005;6.990833333333334;0.5825694444444445;1.0;0.7166666666666672;12.0;1.0;0.5929629629629629;0.7160000000000005;6.990833333333334;0.5825694444444445;Now
16:30:17 12/04/2020;Sunday;0.7162;0.7170000000000005;1.0;1.107700320483839;0.893322442229656;0.8734490740740741;0.7170000000000005;10.481388888888889;0.8734490740740741;1.0;0.7176666666666671;12.0;1.0;0.8734490740740741;0.7170000000000005;10.481388888888889;0.8734490740740741;Now
21:23:21 12/04/2020;Sunday;0.7153;0.7170000000000005;1.0;1.107700320483839;0.893322442229656;0.46641203703703704;0.7170000000000005;5.5969444444444445;0.46641203703703704;1.0;0.7180000000000005;12.0;1.0;1.0;0.7180000000000005;12.0;1.0;Now
02:59:10 13/04/2020;Monday;0.7189;0.7190000000000005;1.0;1.1067971810589325;0.8861644786272953;0.5940277777777778;0.7190000000000005;7.128333333333333;0.5940277777777778;1.0;0.7215000000000005;12.0;1.0;0.5940277777777778;0.7190000000000005;7.128333333333333;0.5940277777777778;Now
10:06:52 13/04/2020;Monday;0.7238;0.7240000000000005;1.0;1.1045361017187258;0.8682439636183011;0.5136342592592592;0.7240000000000005;6.163611111111111;0.5136342592592592;1.0;0.7293333333333338;12.0;1.0;0.5136342592592592;0.7240000000000005;6.163611111111111;0.5136342592592592;Now
16:16:41 13/04/2020;Monday;0.7282;0.7290000000000005;1.0;1.10227038425243;0.8502866884626298;0.4192361111111111;0.7290000000000005;5.030833333333334;0.4192361111111111;1.0;0.7343333333333338;12.0;1.0;0.4192361111111111;0.7290000000000005;5.030833333333334;0.4192361111111111;Now
21:18:32 13/04/2020;Monday;0.7341;0.7350000000000005;1.0;1.0995453605922765;0.8286891148908946;0.4774537037037037;0.7350000000000005;5.729444444444445;0.4774537037037037;1.0;0.7370000000000005;12.0;1.0;1.0;0.7370000000000005;12.0;1.0;Now
03:02:18 14/04/2020;Tuesday;0.7385;0.7390000000000005;1.0;1.0977249200050072;0.8142609467647116;0.5242361111111111;0.7390000000000005;6.2908333333333335;0.5242361111111111;1.0;0.7420000000000005;12.0;1.0;0.5242361111111111;0.7390000000000005;6.2908333333333335;0.5242361111111111;Now
09:19:45 14/04/2020;Tuesday;0.7417;0.7420000000000005;1.0;1.0963576058932594;0.8034240987930935;0.45502314814814815;0.7420000000000005;5.460277777777778;0.45502314814814815;1.0;0.7443333333333338;12.0;1.0;0.45502314814814815;0.7420000000000005;5.460277777777778;0.45502314814814815;Now
14:47:22 14/04/2020;Tuesday;0.7443;0.7450000000000006;1.0;1.0949885844153808;0.7925737188414925;0.511087962962963;0.7450000000000006;4.613611111111111;0.3844675925925926;1.0;0.7456666666666671;12.0;1.0;1.0;0.7455000000000005;12.0;1.0;Now
19:24:11 14/04/2020;Tuesday;0.7454;0.7460000000000006;1.0;1.09453186340097;0.788953909643234;1.0;0.7460000000000006;12.0;1.0;1.0;0.7460000000000006;12.0;1.0;1.0;0.7460000000000006;12.0;1.0;Now
01:16:12 15/04/2020;Wednesday;0.742;0.7460000000000006;1.0;1.09453186340097;0.788953909643234;1.0;0.7460000000000006;12.0;1.0;1.0;0.7442500000000005;12.0;1.0;1.0;0.7460000000000006;12.0;1.0;Now
06:01:20 15/04/2020;Wednesday;0.7416;0.7460000000000006;1.0;1.09453186340097;0.788953909643234;1.0;0.7460000000000006;12.0;1.0;1.0;0.7435000000000005;12.0;1.0;1.0;0.7436666666666673;12.0;1.0;Now
08:10:01 15/04/2020;Wednesday;0.7416;0.7420000000000005;1.0;1.0963576058932594;0.8034240987930935;0.3338888888888889;0.7420000000000005;4.006666666666667;0.3338888888888889;1.0;0.7426666666666671;12.0;1.0;1.0;0.7425000000000006;12.0;1.0;Now
12:10:25 15/04/2020;Wednesday;0.7421;0.7430000000000005;1.0;1.0959014554237982;0.79980881153228;0.8964583333333334;0.7430000000000005;10.7575;0.8964583333333334;1.0;0.7436666666666673;12.0;1.0;0.8964583333333334;0.7430000000000005;10.7575;0.8964583333333334;Now
17:54:12 15/04/2020;Wednesday;0.7426;0.7430000000000005;1.0;1.0959014554237982;0.79980881153228;0.41898148148148145;0.7430000000000005;5.027777777777778;0.41898148148148145;1.0;0.7456666666666673;12.0;1.0;0.41898148148148145;0.7430000000000005;5.027777777777778;0.41898148148148145;Now
22:55:52 15/04/2020;Wednesday;0.745;0.7450000000000006;1.0;1.0949885844153808;0.7925737188414925;0.4784259259259259;0.7450000000000006;5.7411111111111115;0.4784259259259259;1.0;0.7470000000000006;12.0;1.0;1.0;0.7470000000000006;12.0;1.0;Now
04:40:20 16/04/2020;Thursday;0.7487;0.7490000000000006;1.0;1.093160555453772;0.7780854079446302;0.9691435185185185;0.7490000000000006;11.629722222222222;0.9691435185185185;1.0;0.7506666666666671;12.0;1.0;0.9691435185185185;0.7490000000000006;11.629722222222222;0.9691435185185185;Now
11:22:55 16/04/2020;Thursday;0.7468;0.7490000000000006;1.0;1.093160555453772;0.7780854079446302;0.41;0.7490000000000006;4.92;0.41;1.0;0.7523333333333339;12.0;1.0;1.0;0.7515000000000005;12.0;1.0;Now
16:18:07 16/04/2020;Thursday;0.7537;0.7540000000000006;1.0;1.0908712114635712;0.7599408773182115;1.0;0.7540000000000006;12.0;1.0;1.0;0.7540000000000006;12.0;1.0;1.0;0.7540000000000006;12.0;1.0;Now
22:01:51 16/04/2020;Thursday;0.7536;0.7540000000000006;1.0;1.0908712114635712;0.7599408773182115;1.0;0.7540000000000006;12.0;1.0;1.0;0.7540000000000006;12.0;1.0;1.0;0.7540000000000006;12.0;1.0;Now
00:27:06 17/04/2020;Friday;0.7536;0.7540000000000006;1.0;1.0908712114635712;0.7599408773182115;1.0;0.7540000000000006;12.0;1.0;1.0;0.7540000000000006;12.0;1.0;1.0;0.7540000000000006;12.0;1.0;Now
05:11:41 17/04/2020;Friday;0.7475;0.7540000000000006;1.0;1.0908712114635712;0.7599408773182115;1.0;0.7540000000000006;12.0;1.0;1.0;0.7540000000000006;12.0;1.0;1.0;0.7540000000000006;12.0;1.0;Now
12:11:11 17/04/2020;Friday;0.7461;0.7540000000000006;1.0;1.0908712114635712;0.7599408773182115;1.0;0.7540000000000006;12.0;1.0;1.0;0.749333333333334;12.0;1.0;1.0;0.7540000000000006;12.0;1.0;Now
17:20:44 17/04/2020;Friday;0.7455;0.7470000000000006;1.0;1.094074951728628;0.7853325893576564;1.0;0.7470000000000006;12.0;1.0;1.0;0.7466666666666671;12.0;1.0;1.0;0.7470000000000006;12.0;1.0;Now
22:57:35 17/04/2020;Friday;0.741;0.7470000000000006;1.0;1.094074951728628;0.7853325893576564;1.0;0.7470000000000006;12.0;1.0;1.0;0.7465000000000006;12.0;1.0;1.0;0.7470000000000006;12.0;1.0;Now
05:06:18 18/04/2020;Saturday;0.7305;0.7460000000000006;1.0;1.09453186340097;0.788953909643234;1.0;0.7460000000000006;12.0;1.0;1.0;0.7385000000000006;12.0;1.0;1.0;0.7460000000000006;12.0;1.0;Now
11:48:36 18/04/2020;Saturday;0.7271;0.7310000000000005;1.0;1.101362792180669;0.8430934347563934;0.5246064814814815;0.7310000000000005;6.295277777777778;0.5246064814814815;1.0;0.7330000000000005;12.0;1.0;0.5246064814814815;0.7310000000000005;6.295277777777778;0.5246064814814815;Now
18:06:19 18/04/2020;Saturday;0.7327;0.7330000000000005;1.0;1.1004544515789827;0.8358942484667561;0.4308101851851852;0.7330000000000005;5.169722222222222;0.4308101851851852;1.0;0.7350000000000007;12.0;1.0;0.9671990740740741;0.7340000000000005;11.606388888888889;0.9671990740740741;Now
23:16:30 18/04/2020;Saturday;0.7347;0.7350000000000005;1.0;1.0995453605922765;0.8286891148908946;0.5363888888888889;0.7350000000000005;6.4366666666666665;0.5363888888888889;1.0;0.7373333333333338;12.0;1.0;0.5363888888888889;0.7350000000000005;6.4366666666666665;0.5363888888888889;Now
05:42:42 19/04/2020;Sunday;0.7366;0.7370000000000005;1.0;1.098635517357781;0.8214780192651586;0.40805555555555556;0.7370000000000005;4.8966666666666665;0.40805555555555556;1.0;0.740333333333334;12.0;1.0;0.8965277777777778;0.7385000000000006;10.758333333333333;0.8965277777777778;Now
10:36:30 19/04/2020;Sunday;0.74;0.7400000000000005;1.0;1.097269337947616;0.8106501645368919;0.4884722222222222;0.7400000000000005;5.861666666666666;0.4884722222222222;1.0;0.7420000000000005;12.0;1.0;1.0;0.7420000000000005;12.0;1.0;Now
16:28:12 19/04/2020;Sunday;0.7433;0.7440000000000005;1.0;1.095445115010332;0.7961920188424728;0.5828472222222222;0.7440000000000005;6.994166666666667;0.5828472222222222;1.0;0.7455000000000005;12.0;1.0;0.5828472222222222;0.7440000000000005;6.994166666666667;0.5828472222222222;Now
23:27:51 19/04/2020;Sunday;0.7465;0.7470000000000006;1.0;1.094074951728628;0.7853325893576564;0.4896990740740741;0.7470000000000006;5.876388888888889;0.4896990740740741;1.0;0.7496666666666671;12.0;1.0;0.4896990740740741;0.7470000000000006;5.876388888888889;0.4896990740740741;Now
05:20:26 20/04/2020;Monday;0.7484;0.7490000000000006;1.0;1.093160555453772;0.7780854079446302;0.394837962962963;0.7490000000000006;4.7380555555555555;0.394837962962963;1.0;0.7526666666666673;12.0;1.0;0.9425;0.7510000000000006;11.31;0.9425;Now
10:04:43 20/04/2020;Monday;0.753;0.7530000000000006;1.0;1.091329464460664;0.7635728284692778;0.5476620370370371;0.7530000000000006;6.571944444444444;0.5476620370370371;1.0;0.7560000000000006;12.0;1.0;0.5476620370370371;0.7530000000000006;6.571944444444444;0.5476620370370371;Now
16:39:02 20/04/2020;Monday;0.756;0.7560000000000006;1.0;1.0899541274750966;0.7526723940378034;0.6168055555555556;0.7560000000000006;4.899166666666667;0.40826388888888887;1.0;0.7580000000000006;12.0;1.0;0.6168055555555556;0.7560000000000006;4.899166666666667;0.40826388888888887;Now
21:32:59 20/04/2020;Monday;0.759;0.7590000000000006;1.0;1.0885770528538619;0.7417581877207063;1.0;0.7590000000000006;12.0;1.0;1.0;0.7590000000000007;12.0;1.0;1.0;0.7590000000000006;12.0;1.0;Now
02:08:53 21/04/2020;Tuesday;0.747;0.7590000000000006;1.0;1.0885770528538619;0.7417581877207063;1.0;0.7590000000000006;12.0;1.0;1.0;0.7590000000000006;12.0;1.0;1.0;0.7590000000000006;12.0;1.0;Now
08:00:53 21/04/2020;Tuesday;0.7386;0.7590000000000006;1.0;1.0885770528538619;0.7417581877207063;1.0;0.7590000000000006;12.0;1.0;1.0;0.7525000000000006;12.0;1.0;1.0;0.7590000000000006;12.0;1.0;Now
14:43:28 21/04/2020;Tuesday;0.7452;0.7460000000000006;1.0;1.09453186340097;0.788953909643234;0.44351851851851853;0.7460000000000006;5.322222222222222;0.44351851851851853;1.0;0.7520000000000006;12.0;1.0;0.44351851851851853;0.7460000000000006;5.322222222222222;0.44351851851851853;Now
20:02:48 21/04/2020;Tuesday;0.7511;0.7520000000000006;1.0;1.0917875251164941;0.7672032551915371;0.5459027777777777;0.7520000000000006;4.748055555555555;0.39567129629629627;1.0;0.7560000000000006;12.0;1.0;1.0;0.7550000000000006;12.0;1.0;Now
00:47:41 22/04/2020;Wednesday;0.7571;0.7580000000000006;1.0;1.0890362712049584;0.7453977899261196;1.0;0.7580000000000006;12.0;1.0;1.0;0.7580000000000006;12.0;1.0;1.0;0.7580000000000006;12.0;1.0;Now
06:14:38 22/04/2020;Wednesday;0.7496;0.7580000000000006;1.0;1.0890362712049584;0.7453977899261196;1.0;0.7580000000000006;12.0;1.0;1.0;0.7550000000000006;12.0;1.0;1.0;0.7580000000000006;12.0;1.0;Now
10:51:05 22/04/2020;Wednesday;0.7481;0.7580000000000006;1.0;1.0890362712049584;0.7453977899261196;1.0;0.7580000000000006;12.0;1.0;1.0;0.7535000000000006;12.0;1.0;1.0;0.7580000000000006;12.0;1.0;Now
16:43:18 22/04/2020;Wednesday;0.7514;0.7520000000000006;1.0;1.0917875251164941;0.7672032551915371;1.0;0.7520000000000006;12.0;1.0;1.0;0.7520000000000006;12.0;1.0;1.0;0.7520000000000006;12.0;1.0;Now
17:07:58 22/04/2020;Wednesday;0.7514;0.7520000000000006;1.0;1.0917875251164941;0.7672032551915371;1.0;0.7520000000000006;12.0;1.0;1.0;0.7520000000000006;12.0;1.0;1.0;0.7520000000000006;12.0;1.0;Now
21:28:10 22/04/2020;Wednesday;0.751;0.7520000000000006;1.0;1.0917875251164941;0.7672032551915371;1.0;0.7520000000000006;12.0;1.0;1.0;0.7520000000000006;12.0;1.0;1.0;0.7520000000000006;12.0;1.0;Now
04:19:30 23/04/2020;Thursday;0.747;0.7520000000000006;1.0;1.0917875251164941;0.7672032551915371;1.0;0.7520000000000006;12.0;1.0;1.0;0.7520000000000006;12.0;1.0;1.0;0.7520000000000006;12.0;1.0;Now
08:55:40 23/04/2020;Thursday;0.7516;0.7520000000000006;1.0;1.0917875251164941;0.7672032551915371;0.9547685185185185;0.7520000000000006;11.457222222222223;0.9547685185185185;1.0;0.7530000000000006;12.0;1.0;0.9547685185185185;0.7520000000000006;11.457222222222223;0.9547685185185185;Now
14:14:02 23/04/2020;Thursday;0.7506;0.7520000000000006;1.0;1.0917875251164941;0.7672032551915371;0.5125925925925926;0.7520000000000006;6.151111111111111;0.5125925925925926;1.0;0.7535000000000005;12.0;1.0;0.5125925925925926;0.7520000000000006;6.151111111111111;0.5125925925925926;Now
20:23:06 23/04/2020;Thursday;0.7545;0.7550000000000006;1.0;1.090412765882718;0.7563073998163847;0.5828009259259259;0.7550000000000006;6.993611111111111;0.5828009259259259;1.0;0.7606666666666673;12.0;1.0;0.5828009259259259;0.7550000000000006;6.993611111111111;0.5828009259259259;Now
03:22:43 24/04/2020;Friday;0.7605;0.7610000000000006;1.0;1.0876580344942979;0.734474373299315;0.3840046296296296;0.7610000000000006;4.608055555555556;0.3840046296296296;1.0;0.7650000000000006;12.0;1.0;0.9549074074074074;0.7635000000000005;11.45888888888889;0.9549074074074074;Now
07:59:12 24/04/2020;Friday;0.766;0.7660000000000006;1.0;1.0853570840972107;0.7162378543976018;0.5709027777777778;0.7660000000000006;6.850833333333333;0.5709027777777778;1.0;0.7676666666666673;12.0;1.0;0.5709027777777778;0.7660000000000006;6.850833333333333;0.5709027777777778;Now
14:50:15 24/04/2020;Friday;0.7672;0.7680000000000006;1.0;1.0844353369380764;0.7089324124761106;0.4085648148148148;0.7680000000000006;4.902777777777778;0.4085648148148148;1.0;0.7693333333333339;12.0;1.0;0.9314351851851852;0.7685000000000006;11.177222222222222;0.9314351851851852;Now
19:44:25 24/04/2020;Friday;0.7689;0.7690000000000006;1.0;1.0839741694339398;0.7052773619732012;0.5228703703703703;0.7690000000000006;6.274444444444445;0.5228703703703703;1.0;0.7700000000000006;12.0;1.0;0.5228703703703703;0.7690000000000006;6.274444444444445;0.5228703703703703;Now
02:00:53 25/04/2020;Saturday;0.7705;0.7710000000000006;1.0;1.0830512453249843;0.6979625919637655;1.0;0.7710000000000006;12.0;1.0;1.0;0.7710000000000005;12.0;1.0;1.0;0.7710000000000006;12.0;1.0;Now
08:10:22 25/04/2020;Saturday;0.769;0.7710000000000006;1.0;1.0830512453249843;0.6979625919637655;1.0;0.7710000000000006;12.0;1.0;1.0;0.7710000000000006;12.0;1.0;1.0;0.7710000000000006;12.0;1.0;Now
13:54:23 25/04/2020;Saturday;0.7653;0.7710000000000006;1.0;1.0830512453249843;0.6979625919637655;1.0;0.7710000000000006;12.0;1.0;1.0;0.7676666666666673;12.0;1.0;1.0;0.7710000000000006;12.0;1.0;Now
20:28:28 25/04/2020;Saturday;0.7563;0.7660000000000006;1.0;1.0853570840972107;0.7162378543976018;1.0;0.7660000000000006;12.0;1.0;1.0;0.7630000000000005;12.0;1.0;1.0;0.7660000000000006;12.0;1.0;Now
01:38:22 26/04/2020;Sunday;0.757;0.7660000000000006;1.0;1.0853570840972107;0.7162378543976018;1.0;0.7660000000000006;12.0;1.0;1.0;0.7615000000000005;12.0;1.0;1.0;0.7660000000000006;12.0;1.0;Now
08:04:29 26/04/2020;Sunday;0.7535;0.7570000000000006;1.0;1.0894952959971875;0.7490358580524202;1.0;0.7570000000000006;12.0;1.0;1.0;0.7555000000000005;12.0;1.0;1.0;0.7570000000000006;12.0;1.0;Now
14:38:03 26/04/2020;Sunday;0.7507;0.7540000000000006;1.0;1.0908712114635712;0.7599408773182115;0.5478009259259259;0.7540000000000006;6.573611111111111;0.5478009259259259;1.0;0.7550000000000006;12.0;1.0;0.5478009259259259;0.7540000000000006;6.573611111111111;0.5478009259259259;Now
21:12:28 26/04/2020;Sunday;0.7557;0.7560000000000006;1.0;1.0899541274750966;0.7526723940378034;1.0;0.7560000000000006;12.0;1.0;1.0;0.7560000000000006;12.0;1.0;1.0;0.7560000000000006;12.0;1.0;Now
03:55:12 27/04/2020;Monday;0.7548;0.7560000000000006;1.0;1.0899541274750966;0.7526723940378034;1.0;0.7560000000000006;12.0;1.0;1.0;0.7560000000000006;12.0;1.0;1.0;0.7560000000000006;12.0;1.0;Now
10:12:30 27/04/2020;Monday;0.756;0.7560000000000006;1.0;1.0899541274750966;0.7526723940378034;0.5348611111111111;0.7560000000000006;6.418333333333333;0.5348611111111111;1.0;0.7565000000000006;12.0;1.0;0.5348611111111111;0.7560000000000006;6.418333333333333;0.5348611111111111;Now
16:37:36 27/04/2020;Monday;0.7565;0.7570000000000006;1.0;1.0894952959971875;0.7490358580524202;1.0;0.7570000000000006;12.0;1.0;1.0;0.7570000000000006;12.0;1.0;1.0;0.7570000000000006;12.0;1.0;Now
22:47:07 27/04/2020;Monday;0.7548;0.7570000000000006;1.0;1.0894952959971875;0.7490358580524202;0.5240972222222222;0.7570000000000006;6.289166666666667;0.5240972222222222;1.0;0.7580000000000006;12.0;1.0;0.5240972222222222;0.7570000000000006;6.289166666666667;0.5240972222222222;Now
05:04:28 28/04/2020;Tuesday;0.7585;0.7590000000000006;1.0;1.0885770528538619;0.7417581877207063;0.48900462962962965;0.7590000000000006;5.868055555555555;0.48900462962962965;1.0;0.7615000000000005;12.0;1.0;1.0;0.7615000000000005;12.0;1.0;Now
10:56:33 28/04/2020;Tuesday;0.7635;0.7640000000000006;1.0;1.0862780491200212;0.7235370973832668;0.5236574074074074;0.7640000000000006;6.283888888888889;0.5236574074074074;1.0;0.7666666666666672;12.0;1.0;0.5236574074074074;0.7640000000000006;6.283888888888889;0.5236574074074074;Now
17:13:35 28/04/2020;Tuesday;0.7679;0.7680000000000006;1.0;1.0844353369380764;0.7089324124761106;0.9208333333333333;0.7680000000000006;11.05;0.9208333333333333;1.0;0.7683333333333339;12.0;1.0;0.9208333333333333;0.7680000000000006;11.05;0.9208333333333333;Now
22:07:04 28/04/2020;Tuesday;0.7662;0.7680000000000006;1.0;1.0844353369380764;0.7089324124761106;0.5132175925925926;0.7680000000000006;6.158611111111111;0.5132175925925926;1.0;0.7690000000000006;12.0;1.0;0.5132175925925926;0.7680000000000006;6.158611111111111;0.5132175925925926;Now
04:16:35 29/04/2020;Wednesday;0.7689;0.7690000000000006;1.0;1.0839741694339398;0.7052773619732012;0.3964814814814815;0.7690000000000006;4.757777777777778;0.3964814814814815;1.0;0.7696666666666672;12.0;1.0;1.0;0.7695000000000005;12.0;1.0;Now
09:02:03 29/04/2020;Wednesday;0.7691;0.7700000000000006;1.0;1.0835128056465229;0.7016207557984462;1.0;0.7700000000000006;12.0;1.0;1.0;0.7700000000000006;12.0;1.0;1.0;0.7700000000000006;12.0;1.0;Now
15:53:16 29/04/2020;Wednesday;0.7693;0.7700000000000006;1.0;1.0835128056465229;0.7016207557984462;1.0;0.7700000000000006;12.0;1.0;1.0;0.7700000000000006;12.0;1.0;1.0;0.7700000000000006;12.0;1.0;Now
21:37:07 29/04/2020;Wednesday;0.77;0.7700000000000006;1.0;1.0835128056465229;0.7016207557984462;1.0;0.7700000000000006;12.0;1.0;1.0;0.7700000000000006;12.0;1.0;1.0;0.7700000000000006;12.0;1.0;Now
03:29:22 30/04/2020;Thursday;0.7673;0.7700000000000006;1.0;1.0835128056465229;0.7016207557984462;1.0;0.7700000000000006;12.0;1.0;1.0;0.7690000000000006;12.0;1.0;1.0;0.7700000000000006;12.0;1.0;Now
10:28:33 30/04/2020;Thursday;0.7678;0.7680000000000006;1.0;1.0844353369380764;0.7089324124761106;0.5595833333333333;0.7680000000000006;6.715;0.5595833333333333;1.0;0.7690000000000006;12.0;1.0;0.5595833333333333;0.7680000000000006;6.715;0.5595833333333333;Now
17:11:27 30/04/2020;Thursday;0.7693;0.7700000000000006;1.0;1.0835128056465229;0.7016207557984462;0.4964351851851852;0.7700000000000006;5.957222222222223;0.4964351851851852;1.0;0.7715000000000005;12.0;1.0;1.0;0.7715000000000005;5.957222222222223;0.4964351851851852;Now
22:50:36 30/04/2020;Thursday;0.7693;0.7700000000000006;1.0;1.0835128056465229;0.7016207557984462;0.02539351851851852;0.7700000000000006;0.3047222222222222;0.02539351851851852;1.0;0.7722500000000005;12.0;1.0;1.0;0.7715000000000005;0.3047222222222222;0.02539351851851852;Now
23:08:53 30/04/2020;Thursday;0.7721;0.7730000000000006;1.0;1.0821275340735026;0.6906415833411129;1.0;0.7730000000000006;12.0;1.0;1.0;0.7730000000000006;12.0;1.0;1.0;0.7730000000000006;12.0;1.0;Now
23:08:53 30/04/2020;Thursday;0.7721;0.7730000000000006;1.0;1.0821275340735026;0.6906415833411129;1.0;0.7730000000000006;12.0;1.0;1.0;0.7730000000000006;12.0;1.0;1.0;0.7730000000000006;12.0;1.0;Now
05:53:13 01/05/2020;Friday;0.7712;0.7730000000000006;1.0;1.0821275340735026;0.6906415833411129;1.0;0.7730000000000006;12.0;1.0;1.0;0.772333333333334;12.0;1.0;1.0;0.7730000000000006;12.0;1.0;Now
13:25:59 01/05/2020;Friday;0.7626;0.7720000000000006;1.0;1.0825894882179483;0.6943028684768436;1.0;0.7720000000000006;12.0;1.0;1.0;0.7700000000000006;12.0;1.0;1.0;0.7700000000000006;12.0;1.0;Now
15:21:01 01/05/2020;Friday;0.7626;0.7720000000000006;1.0;1.0825894882179483;0.6943028684768436;1.0;0.7720000000000006;12.0;1.0;1.0;0.7686666666666673;12.0;1.0;0.9887962962962963;0.7690000000000006;11.865555555555556;0.9887962962962963;Now
20:14:58 01/05/2020;Friday;0.7651;0.7660000000000006;1.0;1.0853570840972107;0.7162378543976018;0.5805324074074074;0.7660000000000006;6.966388888888889;0.5805324074074074;1.0;0.7670000000000006;12.0;1.0;0.5805324074074074;0.7660000000000006;6.966388888888889;0.5805324074074074;Now
03:12:57 02/05/2020;Saturday;0.7673;0.7680000000000006;1.0;1.0844353369380764;0.7089324124761106;1.0;0.7680000000000006;12.0;1.0;1.0;0.7680000000000006;12.0;1.0;1.0;0.7680000000000006;12.0;1.0;Now
09:12:53 02/05/2020;Saturday;0.7651;0.7680000000000006;1.0;1.0844353369380764;0.7089324124761106;1.0;0.7680000000000006;12.0;1.0;1.0;0.7666666666666672;12.0;1.0;1.0;0.7680000000000006;12.0;1.0;Now
15:30:32 02/05/2020;Saturday;0.7633;0.7660000000000006;1.0;1.0853570840972107;0.7162378543976018;1.0;0.7660000000000006;12.0;1.0;1.0;0.7653333333333339;12.0;1.0;1.0;0.7660000000000006;12.0;1.0;Now
20:16:30 02/05/2020;Saturday;0.7629;0.7660000000000006;1.0;1.0853570840972107;0.7162378543976018;1.0;0.7660000000000006;12.0;1.0;1.0;0.7650000000000006;12.0;1.0;1.0;0.7660000000000006;12.0;1.0;Now
02:00:29 03/05/2020;Sunday;0.762;0.7640000000000006;1.0;1.0862780491200212;0.7235370973832668;0.4302546296296296;0.7640000000000006;5.163055555555555;0.4302546296296296;1.0;0.7645000000000006;12.0;1.0;1.0;0.7645000000000006;12.0;1.0;Now
07:10:16 03/05/2020;Sunday;0.7648;0.7650000000000006;1.0;1.0858176642512312;0.7198882497712621;0.5947916666666667;0.7650000000000006;7.1375;0.5947916666666667;1.0;0.7663333333333339;12.0;1.0;0.5947916666666667;0.7650000000000006;7.1375;0.5947916666666667;Now
14:18:31 03/05/2020;Sunday;0.7653;0.7660000000000006;1.0;1.0853570840972107;0.7162378543976018;0.3843287037037037;0.7660000000000006;4.611944444444444;0.3843287037037037;1.0;0.7683333333333339;12.0;1.0;0.9435648148148148;0.7670000000000006;11.322777777777778;0.9435648148148148;Now
18:55:14 03/05/2020;Sunday;0.768;0.7680000000000006;1.0;1.0844353369380764;0.7089324124761106;0.5592361111111112;0.7680000000000006;6.710833333333333;0.5592361111111112;1.0;0.7695000000000005;12.0;1.0;0.5592361111111112;0.7680000000000006;6.710833333333333;0.5592361111111112;Now
01:37:53 04/05/2020;Monday;0.7704;0.7710000000000006;1.0;1.0830512453249843;0.6979625919637655;0.5118287037037037;0.7710000000000006;6.141944444444444;0.5118287037037037;1.0;0.7725000000000006;12.0;1.0;0.5118287037037037;0.7710000000000006;6.141944444444444;0.5118287037037037;Now
07:46:24 04/05/2020;Monday;0.7737;0.7740000000000006;1.0;1.0816653826391966;0.68697873455574;0.559050925925926;0.7740000000000006;6.708611111111111;0.559050925925926;1.0;0.7750000000000006;12.0;1.0;0.559050925925926;0.7740000000000006;6.708611111111111;0.559050925925926;Now
14:28:55 04/05/2020;Monday;0.7756;0.7760000000000006;1.0;1.0807404868885033;0.6796483380113448;1.0;0.7760000000000006;12.0;1.0;1.0;0.7760000000000006;12.0;1.0;1.0;0.7760000000000006;12.0;1.0;Now
21:54:53 04/05/2020;Monday;0.7755;0.7760000000000006;1.0;1.0807404868885033;0.6796483380113448;0.5016666666666667;0.7760000000000006;6.02;0.5016666666666667;1.0;0.7765000000000006;12.0;1.0;0.5016666666666667;0.7760000000000006;6.02;0.5016666666666667;Now
03:56:05 05/05/2020;Tuesday;0.7767;0.7770000000000006;1.0;1.0802777420645115;0.6759807862292296;1.0;0.7770000000000006;12.0;1.0;1.0;0.7770000000000006;12.0;1.0;1.0;0.7770000000000006;12.0;1.0;Now
10:12:50 05/05/2020;Tuesday;0.7759;0.7770000000000006;1.0;1.0802777420645115;0.6759807862292296;1.0;0.7770000000000006;12.0;1.0;1.0;0.776333333333334;12.0;1.0;1.0;0.7770000000000006;12.0;1.0;Now
16:05:36 05/05/2020;Tuesday;0.7746;0.7760000000000006;1.0;1.0807404868885033;0.6796483380113448;1.0;0.7760000000000006;12.0;1.0;1.0;0.7756666666666673;12.0;1.0;1.0;0.7760000000000006;12.0;1.0;Now
20:58:10 05/05/2020;Tuesday;0.7663;0.7760000000000006;1.0;1.0807404868885033;0.6796483380113448;1.0;0.7760000000000006;12.0;1.0;1.0;0.7755000000000005;12.0;1.0;1.0;0.7755000000000005;12.0;1.0;Now
01:35:07 06/05/2020;Wednesday;0.7615;0.7750000000000006;1.0;1.0812030336620404;0.6833143201156151;1.0;0.7750000000000006;12.0;1.0;1.0;0.7690000000000006;12.0;1.0;1.0;0.7750000000000006;12.0;1.0;Now
09:08:27 06/05/2020;Wednesday;0.7628;0.7630000000000006;1.0;1.0867382389517724;0.7271843992006937;1.0;0.7630000000000006;12.0;1.0;1.0;0.7630000000000006;12.0;1.0;1.0;0.7630000000000006;12.0;1.0;Now
15:51:06 06/05/2020;Wednesday;0.7623;0.7630000000000006;1.0;1.0867382389517724;0.7271843992006937;1.0;0.7630000000000006;12.0;1.0;1.0;0.7630000000000006;12.0;1.0;1.0;0.7630000000000006;12.0;1.0;Now
22:49:29 06/05/2020;Wednesday;0.763;0.7630000000000006;1.0;1.0867382389517724;0.7271843992006937;1.0;0.7630000000000006;12.0;1.0;1.0;0.7630000000000006;12.0;1.0;1.0;0.7630000000000006;12.0;1.0;Now
04:34:20 07/05/2020;Thursday;0.7533;0.7630000000000006;1.0;1.0867382389517724;0.7271843992006937;1.0;0.7630000000000006;12.0;1.0;1.0;0.7570000000000006;12.0;1.0;1.0;0.7630000000000006;12.0;1.0;Now
10:59:27 07/05/2020;Thursday;0.7469;0.7540000000000006;1.0;1.0908712114635712;0.7599408773182115;0.6172685185185185;0.7540000000000006;7.407222222222222;0.6172685185185185;1.0;0.755333333333334;12.0;1.0;1.0;0.7560000000000006;12.0;1.0;Now
14:41:29 07/05/2020;Thursday;0.7469;0.7540000000000006;1.0;1.0908712114635712;0.7599408773182115;0.5449537037037037;0.7540000000000006;3.7066666666666666;0.3088888888888889;1.0;0.7566666666666673;12.0;1.0;1.0;0.7560000000000006;12.0;1.0;Now
18:23:53 07/05/2020;Thursday;0.7576;0.7580000000000006;1.0;1.0890362712049584;0.7453977899261196;1.0;0.7580000000000006;12.0;1.0;1.0;0.7580000000000006;12.0;1.0;1.0;0.7580000000000006;12.0;1.0;Now
23:51:31 07/05/2020;Thursday;0.7539;0.7580000000000006;1.0;1.0890362712049584;0.7453977899261196;1.0;0.7580000000000006;12.0;1.0;1.0;0.7560000000000006;12.0;1.0;1.0;0.7580000000000006;12.0;1.0;Now
07:24:36 08/05/2020;Friday;0.7413;0.7540000000000006;1.0;1.0908712114635712;0.7599408773182115;1.0;0.7540000000000006;12.0;1.0;1.0;0.7530000000000006;12.0;1.0;1.0;0.7530000000000006;12.0;1.0;Now
12:25:50 08/05/2020;Friday;0.7517;0.7520000000000006;1.0;1.0917875251164941;0.7672032551915371;1.0;0.7520000000000006;12.0;1.0;1.0;0.7520000000000006;12.0;1.0;1.0;0.7520000000000006;12.0;1.0;Now
19:58:43 08/05/2020;Friday;0.7447;0.7520000000000006;1.0;1.0917875251164941;0.7672032551915371;1.0;0.7520000000000006;12.0;1.0;1.0;0.7485000000000006;12.0;1.0;1.0;0.7520000000000006;12.0;1.0;Now
02:24:27 09/05/2020;Saturday;0.7374;0.7450000000000006;1.0;1.0949885844153808;0.7925737188414925;1.0;0.7450000000000006;12.0;1.0;1.0;0.7415000000000005;12.0;1.0;1.0;0.7450000000000006;12.0;1.0;Now
09:48:38 09/05/2020;Saturday;0.7349;0.7380000000000005;1.0;1.0981803130633874;0.8178702310532264;0.5240277777777778;0.7380000000000005;6.288333333333333;0.5240277777777778;1.0;0.7410000000000005;12.0;1.0;0.5240277777777778;0.7380000000000005;6.288333333333333;0.5240277777777778;Now
16:05:56 09/05/2020;Saturday;0.7432;0.7440000000000005;1.0;1.095445115010332;0.7961920188424728;1.0;0.7440000000000005;12.0;1.0;1.0;0.7440000000000005;12.0;1.0;1.0;0.7440000000000005;12.0;1.0;Now
22:06:14 09/05/2020;Saturday;0.7406;0.7440000000000005;1.0;1.095445115010332;0.7961920188424728;1.0;0.7440000000000005;12.0;1.0;1.0;0.7420000000000005;12.0;1.0;1.0;0.7440000000000005;12.0;1.0;Now
04:07:06 10/05/2020;Sunday;0.7319;0.7410000000000005;1.0;1.0968135666557008;0.8070378825031768;1.0;0.7410000000000005;12.0;1.0;1.0;0.7370000000000005;12.0;1.0;1.0;0.7410000000000005;12.0;1.0;Now
09:42:22 10/05/2020;Sunday;0.7224;0.7410000000000005;1.0;1.0968135666557008;0.8070378825031768;1.0;0.7410000000000005;12.0;1.0;1.0;0.7352500000000005;12.0;1.0;1.0;0.7356666666666672;12.0;1.0;Now
11:11:40 10/05/2020;Sunday;0.7224;0.7320000000000005;1.0;1.1009087155618305;0.8394945841020038;0.569675925925926;0.7320000000000005;3.9658333333333333;0.3304861111111111;1.0;0.7333333333333338;12.0;1.0;1.0;0.7330000000000005;12.0;1.0;Now
15:09:37 10/05/2020;Sunday;0.7335;0.7340000000000005;1.0;1.0999999999999999;0.8322924260109026;1.0;0.7340000000000005;12.0;1.0;1.0;0.7340000000000005;12.0;1.0;1.0;0.7340000000000005;12.0;1.0;Now
20:19:27 10/05/2020;Sunday;0.7252;0.7340000000000005;1.0;1.0999999999999999;0.8322924260109026;1.0;0.7340000000000005;12.0;1.0;1.0;0.7326666666666672;12.0;1.0;1.0;0.7340000000000005;12.0;1.0;Now
01:38:09 11/05/2020;Monday;0.7237;0.7340000000000005;1.0;1.0999999999999999;0.8322924260109026;1.0;0.7340000000000005;12.0;1.0;1.0;0.7320000000000005;12.0;1.0;1.0;0.7320000000000005;12.0;1.0;Now
07:21:43 11/05/2020;Monday;0.7299;0.7300000000000005;1.0;1.1018166816671453;0.8466908022658766;1.0;0.7300000000000005;12.0;1.0;1.0;0.7300000000000005;12.0;1.0;1.0;0.7300000000000005;12.0;1.0;Now
14:13:16 11/05/2020;Monday;0.7289;0.7300000000000005;1.0;1.1018166816671453;0.8466908022658766;1.0;0.7300000000000005;12.0;1.0;1.0;0.7295000000000005;12.0;1.0;1.0;0.7295000000000005;12.0;1.0;Now
19:47:57 11/05/2020;Monday;0.7276;0.7290000000000005;1.0;1.10227038425243;0.8502866884626298;0.6057638888888889;0.7290000000000005;7.269166666666667;0.6057638888888889;1.0;0.7295000000000005;12.0;1.0;0.6057638888888889;0.7290000000000005;7.269166666666667;0.6057638888888889;Now
03:04:06 12/05/2020;Tuesday;0.7295;0.7300000000000005;1.0;1.1018166816671453;0.8466908022658766;0.5356481481481481;0.7300000000000005;6.427777777777778;0.5356481481481481;1.0;0.7315000000000005;12.0;1.0;0.5356481481481481;0.7300000000000005;6.427777777777778;0.5356481481481481;Now
09:29:46 12/05/2020;Tuesday;0.7328;0.7330000000000005;1.0;1.1004544515789827;0.8358942484667561;1.0;0.7330000000000005;12.0;1.0;1.0;0.7330000000000005;12.0;1.0;1.0;0.7330000000000005;12.0;1.0;Now
15:30:58 12/05/2020;Tuesday;0.7326;0.7330000000000005;1.0;1.1004544515789827;0.8358942484667561;0.6206481481481482;0.7330000000000005;7.447777777777778;0.6206481481481482;1.0;0.7370000000000005;12.0;1.0;0.6206481481481482;0.7330000000000005;7.447777777777778;0.6206481481481482;Now
22:57:50 12/05/2020;Tuesday;0.7407;0.7410000000000005;1.0;1.0968135666557008;0.8070378825031768;0.441875;0.7410000000000005;5.3025;0.441875;1.0;0.7440000000000005;12.0;1.0;0.441875;0.7410000000000005;5.3025;0.441875;Now
04:15:59 13/05/2020;Wednesday;0.745;0.7450000000000006;1.0;1.0949885844153808;0.7925737188414925;0.5580324074074074;0.7450000000000006;5.189166666666667;0.43243055555555554;1.0;0.7456666666666671;12.0;1.0;0.5580324074074074;0.7450000000000006;5.189166666666667;0.43243055555555554;Now
09:27:20 13/05/2020;Wednesday;0.7452;0.7460000000000006;1.0;1.09453186340097;0.788953909643234;0.9780555555555556;0.7460000000000006;11.736666666666666;0.9780555555555556;1.0;0.7466666666666671;12.0;1.0;0.9780555555555556;0.7460000000000006;11.736666666666666;0.9780555555555556;Now
14:45:33 13/05/2020;Wednesday;0.7402;0.7460000000000006;1.0;1.09453186340097;0.788953909643234;0.536087962962963;0.7460000000000006;6.433055555555556;0.536087962962963;1.0;0.7470000000000006;12.0;1.0;0.536087962962963;0.7460000000000006;6.433055555555556;0.536087962962963;Now
21:11:32 13/05/2020;Wednesday;0.7472;0.7480000000000006;1.0;1.0936178491593849;0.7817097560907704;0.6165277777777778;0.7480000000000006;7.398333333333333;0.6165277777777778;1.0;0.7515000000000005;12.0;1.0;0.6165277777777778;0.7480000000000006;7.398333333333333;0.6165277777777778;Now
04:35:26 14/05/2020;Thursday;0.755;0.7550000000000006;1.0;1.090412765882718;0.7563073998163847;0.5243055555555556;0.7550000000000006;6.291666666666667;0.5243055555555556;1.0;0.7565000000000006;12.0;1.0;0.5243055555555556;0.7550000000000006;6.291666666666667;0.5243055555555556;Now
10:52:56 14/05/2020;Thursday;0.7576;0.7580000000000006;1.0;1.0890362712049584;0.7453977899261196;0.5359722222222222;0.7580000000000006;6.431666666666667;0.5359722222222222;1.0;0.7585000000000006;12.0;1.0;0.5359722222222222;0.7580000000000006;6.431666666666667;0.5359722222222222;Now
17:18:50 14/05/2020;Thursday;0.7586;0.7590000000000006;1.0;1.0885770528538619;0.7417581877207063;0.5370138888888889;0.7590000000000006;6.444166666666667;0.5370138888888889;1.0;0.7605000000000006;12.0;1.0;0.5370138888888889;0.7590000000000006;6.444166666666667;0.5370138888888889;Now
23:45:29 14/05/2020;Thursday;0.7612;0.7620000000000006;1.0;1.0871982339941504;0.7308301571864549;0.5577777777777778;0.7620000000000006;6.693333333333333;0.5577777777777778;1.0;0.7635000000000005;12.0;1.0;0.5577777777777778;0.7620000000000006;6.693333333333333;0.5577777777777778;Now
06:27:05 15/05/2020;Friday;0.7647;0.7650000000000006;1.0;1.0858176642512312;0.7198882497712621;0.6071064814814815;0.7650000000000006;7.285277777777778;0.6071064814814815;1.0;0.7685000000000006;12.0;1.0;0.6071064814814815;0.7650000000000006;7.285277777777778;0.6071064814814815;Now
13:44:12 15/05/2020;Friday;0.7715;0.7720000000000006;1.0;1.0825894882179483;0.6943028684768436;0.5239351851851852;0.7720000000000006;6.287222222222222;0.5239351851851852;1.0;0.7740000000000006;12.0;1.0;0.5239351851851852;0.7720000000000006;6.287222222222222;0.5239351851851852;Now
20:01:26 15/05/2020;Friday;0.7758;0.7760000000000006;1.0;1.0807404868885033;0.6796483380113448;0.49018518518518517;0.7760000000000006;5.8822222222222225;0.49018518518518517;1.0;0.7820000000000006;12.0;1.0;0.49018518518518517;0.7760000000000006;5.8822222222222225;0.49018518518518517;Now
01:54:22 16/05/2020;Saturday;0.7825;0.7830000000000006;1.0;1.077497099764078;0.6539423989893517;0.4651851851851852;0.7830000000000006;5.582222222222223;0.4651851851851852;1.0;0.7860000000000006;12.0;1.0;0.9676388888888889;0.7850000000000006;11.611666666666666;0.9676388888888889;Now
07:29:18 16/05/2020;Saturday;0.7861;0.7870000000000006;1.0;1.0756393447619883;0.639218490011023;0.5024537037037037;0.7870000000000006;6.029444444444445;0.5024537037037037;1.0;0.7875000000000005;12.0;1.0;0.5024537037037037;0.7870000000000006;6.029444444444445;0.5024537037037037;Now
13:31:04 16/05/2020;Saturday;0.7871;0.7880000000000006;1.0;1.0751744044572487;0.6355335376251365;0.6054398148148148;0.7880000000000006;7.2652777777777775;0.6054398148148148;1.0;0.7910000000000006;12.0;1.0;0.6054398148148148;0.7880000000000006;7.2652777777777775;0.6054398148148148;Now
20:46:59 16/05/2020;Saturday;0.7937;0.7940000000000006;1.0;1.0723805294763606;0.6133902728409474;0.5241203703703704;0.7940000000000006;6.289444444444444;0.5241203703703704;1.0;0.7965000000000007;12.0;1.0;0.5241203703703704;0.7940000000000006;6.289444444444444;0.5241203703703704;Now
03:04:21 17/05/2020;Sunday;0.7989;0.7990000000000006;1.0;1.0700467279516346;0.5948933875224324;0.5011342592592593;0.7990000000000006;6.0136111111111115;0.5011342592592593;1.0;0.8005000000000007;12.0;1.0;0.5011342592592593;0.7990000000000006;6.0136111111111115;0.5011342592592593;Now
09:05:10 17/05/2020;Sunday;0.8017;0.8020000000000006;1.0;1.0686440005914035;0.5837758666705327;1.0;0.8020000000000006;12.0;1.0;1.0;0.8020000000000006;12.0;1.0;1.0;0.8020000000000006;12.0;1.0;Now
16:12:47 17/05/2020;Sunday;0.8005;0.8020000000000006;1.0;1.0686440005914035;0.5837758666705327;0.5245601851851852;0.8020000000000006;6.294722222222222;0.5245601851851852;1.0;0.804333333333334;12.0;1.0;0.5245601851851852;0.8020000000000006;6.294722222222222;0.5245601851851852;Now
22:30:28 17/05/2020;Sunday;0.8039;0.8040000000000006;1.0;1.0677078252031307;0.5763560717087776;0.4301388888888889;0.8040000000000006;5.161666666666667;0.4301388888888889;1.0;0.8066666666666672;12.0;1.0;0.9316898148148148;0.8055000000000005;11.180277777777778;0.9316898148148148;Now
03:40:10 18/05/2020;Monday;0.8065;0.8070000000000006;1.0;1.0663020210053056;0.565214164930518;0.5015509259259259;0.8070000000000006;6.018611111111111;0.5015509259259259;1.0;0.8090000000000006;12.0;1.0;0.5015509259259259;0.8070000000000006;6.018611111111111;0.5015509259259259;Now
09:41:17 18/05/2020;Monday;0.8089;0.8090000000000006;1.0;1.0653637876331254;0.5577780591163115;0.45414351851851853;0.8090000000000006;5.449722222222222;0.45414351851851853;1.0;0.8106666666666672;12.0;1.0;0.45414351851851853;0.8090000000000006;5.449722222222222;0.45414351851851853;Now
15:08:16 18/05/2020;Monday;0.8106;0.8110000000000006;1.0;1.0644247272588134;0.550335398775754;0.5344444444444445;0.8110000000000006;5.309166666666667;0.44243055555555555;1.0;0.8116666666666673;12.0;1.0;0.5344444444444445;0.8110000000000006;5.309166666666667;0.44243055555555555;Now
20:26:49 18/05/2020;Monday;0.812;0.8120000000000006;1.0;1.0639548862616306;0.5466116052351496;1.0;0.8120000000000006;12.0;1.0;1.0;0.8120000000000006;12.0;1.0;1.0;0.8120000000000006;12.0;1.0;Now
02:02:01 19/05/2020;Tuesday;0.8106;0.8120000000000006;1.0;1.0639548862616306;0.5466116052351496;1.0;0.8120000000000006;12.0;1.0;1.0;0.811333333333334;12.0;1.0;1.0;0.8120000000000006;12.0;1.0;Now
08:27:59 19/05/2020;Tuesday;0.8067;0.8110000000000006;1.0;1.0644247272588134;0.550335398775754;1.0;0.8110000000000006;12.0;1.0;1.0;0.8096666666666673;12.0;1.0;1.0;0.8110000000000006;12.0;1.0;Now
13:38:53 19/05/2020;Tuesday;0.8048;0.8110000000000006;1.0;1.0644247272588134;0.550335398775754;1.0;0.8110000000000006;12.0;1.0;1.0;0.8086666666666673;12.0;1.0;1.0;0.8110000000000006;12.0;1.0;Now
18:40:08 19/05/2020;Tuesday;0.8063;0.8070000000000006;1.0;1.0663020210053056;0.565214164930518;0.3960185185185185;0.8070000000000006;4.752222222222223;0.3960185185185185;1.0;0.8080000000000006;12.0;1.0;0.8623148148148149;0.8075000000000006;10.347777777777777;0.8623148148148149;Now
23:25:16 19/05/2020;Tuesday;0.8076;0.8080000000000006;1.0;1.0658330075579379;0.5614969302570081;0.4662962962962963;0.8080000000000006;5.595555555555555;0.4662962962962963;1.0;0.8085000000000007;12.0;1.0;1.0;0.8085000000000007;12.0;1.0;Now
05:01:00 20/05/2020;Wednesday;0.8089;0.8090000000000006;1.0;1.0653637876331254;0.5577780591163115;1.0;0.8090000000000006;12.0;1.0;1.0;0.8090000000000006;12.0;1.0;1.0;0.8090000000000006;12.0;1.0;Now
12:17:07 20/05/2020;Wednesday;0.8058;0.8090000000000006;1.0;1.0653637876331254;0.5577780591163115;0.9900925925925926;0.8090000000000006;11.88111111111111;0.9900925925925926;1.0;0.8100000000000006;12.0;1.0;0.9900925925925926;0.8090000000000006;11.88111111111111;0.9900925925925926;Now
17:44:44 20/05/2020;Wednesday;0.8088;0.8090000000000006;1.0;1.0653637876331254;0.5577780591163115;0.5350694444444445;0.8090000000000006;6.420833333333333;0.5350694444444445;1.0;0.8103333333333339;12.0;1.0;1.0;0.8103333333333339;12.0;1.0;Now
19:43:29 20/05/2020;Wednesday;0.8088;0.8090000000000006;1.0;1.0653637876331254;0.5577780591163115;0.3701388888888889;0.8090000000000006;4.441666666666666;0.3701388888888889;1.0;0.8120000000000006;12.0;1.0;0.9538194444444444;0.8110000000000006;11.445833333333333;0.9538194444444444;Now
00:09:59 21/05/2020;Thursday;0.8125;0.8130000000000006;1.0;1.0634848376916333;0.542886166545845;0.5836805555555555;0.8130000000000006;7.004166666666666;0.5836805555555555;1.0;0.8135000000000006;12.0;1.0;0.5836805555555555;0.8130000000000006;7.004166666666666;0.5836805555555555;Now
07:10:14 21/05/2020;Thursday;0.8132;0.8140000000000006;1.0;1.0630145812734646;0.5391590805254592;0.6045833333333334;0.8140000000000006;7.255;0.6045833333333334;1.0;0.8145000000000007;12.0;1.0;0.6045833333333334;0.8140000000000006;7.255;0.6045833333333334;Now
14:25:32 21/05/2020;Thursday;0.815;0.8150000000000006;1.0;1.0625441167311593;0.5354303449867894;1.0;0.8150000000000006;12.0;1.0;1.0;0.8150000000000006;12.0;1.0;1.0;0.8150000000000006;12.0;1.0;Now
02:19:08 22/05/2020;Friday;0.8127;0.8150000000000006;1.0;1.0625441167311593;0.5354303449867894;1.0;0.8150000000000006;12.0;1.0;1.0;0.8135000000000006;12.0;1.0;1.0;0.8150000000000006;12.0;1.0;Now
06:55:41 22/05/2020;Friday;0.8088;0.8130000000000006;1.0;1.0634848376916333;0.542886166545845;1.0;0.8130000000000006;12.0;1.0;1.0;0.8120000000000006;12.0;1.0;1.0;0.8130000000000006;12.0;1.0;Now
09:43:31 22/05/2020;Friday;0.8088;0.8130000000000006;1.0;1.0634848376916333;0.542886166545845;1.0;0.8130000000000006;12.0;1.0;1.0;0.8116666666666673;12.0;1.0;1.0;0.8116666666666673;12.0;1.0;Now
11:32:10 22/05/2020;Friday;0.8037;0.8130000000000006;1.0;1.0634848376916333;0.542886166545845;1.0;0.8130000000000006;12.0;1.0;1.0;0.8093333333333339;12.0;1.0;1.0;0.8110000000000006;12.0;1.0;Now
16:25:36 22/05/2020;Friday;0.8036;0.8090000000000006;1.0;1.0653637876331254;0.5577780591163115;1.0;0.8090000000000006;12.0;1.0;1.0;0.8075000000000006;12.0;1.0;1.0;0.8090000000000006;12.0;1.0;Now
23:24:48 22/05/2020;Friday;0.8056;0.8060000000000006;1.0;1.0667708282475667;0.568929765295297;0.6180555555555556;0.8060000000000006;7.416666666666667;0.6180555555555556;1.0;0.8070000000000006;12.0;1.0;0.6180555555555556;0.8060000000000006;7.416666666666667;0.6180555555555556;Now
06:49:48 23/05/2020;Saturday;0.808;0.8080000000000006;1.0;1.0658330075579379;0.5614969302570081;0.558125;0.8080000000000006;6.6975;0.558125;1.0;0.8090000000000006;12.0;1.0;0.558125;0.8080000000000006;6.6975;0.558125;Now
13:31:39 23/05/2020;Saturday;0.8097;0.8100000000000006;1.0;1.0648943609579307;0.5540575493452208;0.570324074074074;0.8100000000000006;6.8438888888888885;0.570324074074074;1.0;0.8115000000000006;12.0;1.0;0.570324074074074;0.8100000000000006;6.8438888888888885;0.570324074074074;Now
20:22:17 23/05/2020;Saturday;0.8124;0.8130000000000006;1.0;1.0634848376916333;0.542886166545845;0.49039351851851853;0.8130000000000006;5.884722222222222;0.49039351851851853;1.0;0.815333333333334;12.0;1.0;0.49039351851851853;0.8130000000000006;5.884722222222222;0.49039351851851853;Now
02:15:22 24/05/2020;Sunday;0.815;0.8150000000000006;1.0;1.0625441167311593;0.5354303449867894;0.4890277777777778;0.8150000000000006;5.868333333333333;0.4890277777777778;1.0;0.8173333333333339;12.0;1.0;0.4890277777777778;0.8150000000000006;5.868333333333333;0.4890277777777778;Now
08:07:28 24/05/2020;Sunday;0.8178;0.8180000000000006;1.0;1.0611314715905844;0.5242342193162318;0.4998611111111111;0.8180000000000006;5.998333333333333;0.4998611111111111;1.0;0.8185000000000007;12.0;1.0;1.0;0.8185000000000007;12.0;1.0;Now
14:07:22 24/05/2020;Sunday;0.8183;0.8190000000000006;1.0;1.060660171779821;0.5204988637352329;0.8965972222222223;0.8190000000000006;10.759166666666667;0.8965972222222223;1.0;0.820333333333334;12.0;1.0;0.8965972222222223;0.8190000000000006;10.759166666666667;0.8965972222222223;Now
20:16:26 24/05/2020;Sunday;0.8175;0.8190000000000006;1.0;1.060660171779821;0.5204988637352329;0.3840046296296296;0.8190000000000006;4.608055555555556;0.3840046296296296;1.0;0.8243333333333339;12.0;1.0;0.9318055555555556;0.8210000000000006;11.181666666666667;0.9318055555555556;Now
00:52:55 25/05/2020;Monday;0.8221;0.8230000000000006;1.0;1.0587728746053138;0.5055408139486666;0.5478009259259259;0.8230000000000006;6.573611111111111;0.5478009259259259;1.0;0.8270000000000006;12.0;1.0;0.5478009259259259;0.8230000000000006;6.573611111111111;0.5478009259259259;Now
07:27:20 25/05/2020;Monday;0.8308;0.8310000000000006;1.0;1.0549881515922344;0.4755444381671006;0.4783101851851852;0.8310000000000006;5.739722222222222;0.4783101851851852;1.0;0.8320000000000006;12.0;1.0;1.0;0.8320000000000006;12.0;1.0;Now
13:11:43 25/05/2020;Monday;0.8322;0.8330000000000006;1.0;1.0540398474441084;0.46802851494521613;0.5818518518518518;0.8330000000000006;6.982222222222222;0.5818518518518518;1.0;0.8385000000000007;12.0;1.0;0.5818518518518518;0.8330000000000006;6.982222222222222;0.5818518518518518;Now
20:10:39 25/05/2020;Monday;0.8435;0.8440000000000006;1.0;1.0488088481701512;0.42656946513035293;0.44319444444444445;0.8440000000000006;5.318333333333333;0.44319444444444445;1.0;0.8550000000000008;12.0;1.0;0.44319444444444445;0.8440000000000006;5.318333333333333;0.44319444444444445;Now
01:29:45 26/05/2020;Tuesday;0.856;0.8560000000000006;1.0;1.0430723848324235;0.38110428595052975;0.3838888888888889;0.8560000000000006;4.6066666666666665;0.3838888888888889;1.0;0.8620000000000007;12.0;1.0;1.0;0.8605000000000007;12.0;1.0;Now
06:06:09 26/05/2020;Tuesday;0.8647;0.8650000000000007;1.0;1.038749247893831;0.346840631855622;0.8961342592592593;0.8650000000000007;10.75361111111111;0.8961342592592593;1.0;0.8666666666666673;12.0;1.0;0.8961342592592593;0.8650000000000007;10.75361111111111;0.8961342592592593;Now
12:05:46 26/05/2020;Tuesday;0.8643;0.8650000000000007;1.0;1.038749247893831;0.346840631855622;0.39666666666666667;0.8650000000000007;4.76;0.39666666666666667;1.0;0.8706666666666673;12.0;1.0;0.9094212962962963;0.8675000000000006;10.913055555555555;0.9094212962962963;Now
16:51:22 26/05/2020;Tuesday;0.8698;0.8700000000000007;1.0;1.0363397126425289;0.3277435078105579;0.5127546296296296;0.8700000000000007;6.1530555555555555;0.5127546296296296;1.0;0.8800000000000007;12.0;1.0;0.5127546296296296;0.8700000000000007;6.1530555555555555;0.5127546296296296;Now
23:00:33 26/05/2020;Tuesday;0.8768;0.8770000000000007;1.0;1.032956920689338;0.30093269542928225;0.45361111111111113;0.8770000000000007;5.443333333333333;0.45361111111111113;1.0;0.8870000000000007;12.0;1.0;0.9080555555555555;0.8865000000000007;10.896666666666667;0.9080555555555555;Now
03:43:33 27/05/2020;Wednesday;0.8768;0.8770000000000007;1.0;1.032956920689338;0.30093269542928225;0.06055555555555556;0.8770000000000007;0.7266666666666667;0.06055555555555556;1.0;0.890333333333334;12.0;1.0;0.515;0.8865000000000007;6.18;0.515;Now
04:27:09 27/05/2020;Wednesday;0.8952;0.8960000000000007;1.0;1.0237187113655777;0.22771391628306095;0.45444444444444443;0.8960000000000007;5.453333333333333;0.45444444444444443;1.0;0.8970000000000007;12.0;1.0;1.0;0.8970000000000007;12.0;1.0;Now
09:54:21 27/05/2020;Wednesday;0.8973;0.8980000000000007;1.0;1.0227414140436475;0.2199682034217428;0.5579166666666666;0.8980000000000007;6.695;0.5579166666666666;1.0;0.9060000000000007;12.0;1.0;0.5579166666666666;0.8980000000000007;6.695;0.5579166666666666;Now
16:36:03 27/05/2020;Wednesday;0.9098;0.9100000000000007;1.0;1.0168579055108926;0.17333759604237484;0.4663888888888889;0.9100000000000007;5.596666666666667;0.4663888888888889;1.0;0.9140000000000007;12.0;1.0;0.4663888888888889;0.9100000000000007;5.596666666666667;0.4663888888888889;Now
17:08:47 27/05/2020;Wednesday;0.9098;0.9100000000000007;1.0;1.0168579055108926;0.17333759604237484;0.4209259259259259;0.9100000000000007;5.051111111111111;0.4209259259259259;1.0;0.9153333333333341;12.0;1.0;0.4209259259259259;0.9100000000000007;5.051111111111111;0.4209259259259259;Now
22:11:51 27/05/2020;Wednesday;0.9132;0.9140000000000007;1.0;1.0148891565092217;0.15773398788674067;0.4659490740740741;0.9140000000000007;5.591388888888889;0.4659490740740741;1.0;0.9193333333333341;12.0;1.0;1.0;0.9180000000000007;12.0;1.0;Now
03:47:20 28/05/2020;Thursday;0.922;0.9220000000000007;1.0;1.0109401564880087;0.12643561065058553;1.0;0.9220000000000007;12.0;1.0;1.0;0.9220000000000007;12.0;1.0;1.0;0.9220000000000007;12.0;1.0;Now
10:04:45 28/05/2020;Thursday;0.9189;0.9220000000000007;1.0;1.0109401564880087;0.12643561065058553;1.0;0.9220000000000007;12.0;1.0;1.0;0.9215000000000007;12.0;1.0;1.0;0.9220000000000007;12.0;1.0;Now
16:30:07 28/05/2020;Thursday;0.9205;0.9210000000000007;1.0;1.0114346246792223;0.13035459061937466;0.565625;0.9210000000000007;6.7875;0.565625;1.0;0.9290000000000007;12.0;1.0;0.565625;0.9210000000000007;6.7875;0.565625;Now
23:17:22 28/05/2020;Thursday;0.9363;0.9370000000000007;1.0;1.0034938963441677;0.06741918681453452;0.5575694444444445;0.9370000000000007;6.690833333333333;0.5575694444444445;1.0;0.948333333333334;12.0;1.0;0.5575694444444445;0.9370000000000007;6.690833333333333;0.5575694444444445;Now
05:58:49 29/05/2020;Friday;0.9534;0.9540000000000007;1.0;0.9949874371066195;0.0;1.0;0.9540000000000007;12.0;1.0;1.0;0.9540000000000007;12.0;1.0;1.0;0.9540000000000007;12.0;1.0;Now
10:51:32 29/05/2020;Friday;0.9448;0.9540000000000007;1.0;0.9949874371066195;0.0;1.0;0.9540000000000007;12.0;1.0;1.0;0.9540000000000007;12.0;1.0;1.0;0.9540000000000007;12.0;1.0;Now
15:36:51 29/05/2020;Friday;0.9207;0.9540000000000007;1.0;0.9949874371066195;0.0;1.0;0.9540000000000007;12.0;1.0;1.0;0.9375000000000007;12.0;1.0;1.0;0.9540000000000007;12.0;1.0;Now
23:09:39 29/05/2020;Friday;0.9193;0.9210000000000007;1.0;1.0114346246792223;0.13035459061937466;1.0;0.9210000000000007;12.0;1.0;1.0;0.9203333333333341;12.0;1.0;1.0;0.9210000000000007;12.0;1.0;Now
06:09:27 30/05/2020;Saturday;0.9041;0.9200000000000007;1.0;1.0119288512538809;0.1342716556208192;1.0;0.9200000000000007;12.0;1.0;1.0;0.9150000000000006;12.0;1.0;1.0;0.9200000000000007;12.0;1.0;Now
10:54:33 30/05/2020;Saturday;0.8956;0.9200000000000007;1.0;1.0119288512538809;0.1342716556208192;1.0;0.9200000000000007;12.0;1.0;1.0;0.9070000000000008;12.0;1.0;1.0;0.9125000000000008;12.0;1.0;Now
15:47:48 30/05/2020;Saturday;0.8797;0.9050000000000007;1.0;1.0193134944657603;0.1927997254507144;1.0;0.9050000000000007;12.0;1.0;1.0;0.8936666666666674;12.0;1.0;1.0;0.9050000000000007;12.0;1.0;Now
22:47:20 30/05/2020;Saturday;0.8601;0.8960000000000007;1.0;1.0237187113655777;0.22771391628306095;1.0;0.8960000000000007;12.0;1.0;1.0;0.8880000000000007;12.0;1.0;1.0;0.8880000000000007;12.0;1.0;Now
03:32:42 31/05/2020;Sunday;0.841;0.8800000000000007;1.0;1.0315037566582097;0.2894154313654807;1.0;0.8800000000000007;12.0;1.0;1.0;0.8605000000000007;12.0;1.0;1.0;0.8800000000000007;12.0;1.0;Now
10:56:40 31/05/2020;Sunday;0.8271;0.8410000000000006;1.0;1.0502380682492896;0.4378969579006923;1.0;0.8410000000000006;12.0;1.0;1.0;0.8345000000000007;12.0;1.0;1.0;0.8345000000000007;12.0;1.0;Now
16:41:31 31/05/2020;Sunday;0.8188;0.8280000000000006;1.0;1.0564090116995402;0.48680567275797837;1.0;0.8280000000000006;12.0;1.0;1.0;0.823333333333334;12.0;1.0;1.0;0.8280000000000006;12.0;1.0;Now
23:49:03 31/05/2020;Sunday;0.8208;0.8210000000000006;1.0;1.059716943339116;0.5130231687748704;1.0;0.8210000000000006;12.0;1.0;1.0;0.8210000000000006;12.0;1.0;1.0;0.8210000000000006;12.0;1.0;Now
23:49:03 31/05/2020;Sunday;0.8208;0.8210000000000006;1.0;1.059716943339116;0.5130231687748704;1.0;0.8210000000000006;12.0;1.0;1.0;0.8210000000000006;12.0;1.0;1.0;0.8210000000000006;12.0;1.0;Now
07:14:00 01/06/2020;Monday;0.815;0.8210000000000006;1.0;1.059716943339116;0.5130231687748704;1.0;0.8210000000000006;12.0;1.0;1.0;0.8180000000000006;12.0;1.0;1.0;0.8210000000000006;12.0;1.0;Now
18:40:58 01/06/2020;Monday;0.811;0.8150000000000006;1.0;1.0625441167311593;0.5354303449867894;1.0;0.8150000000000006;12.0;1.0;1.0;0.8130000000000006;12.0;1.0;1.0;0.8130000000000006;12.0;1.0;Now
00:25:36 02/06/2020;Tuesday;0.8102;0.8110000000000006;1.0;1.0644247272588134;0.550335398775754;1.0;0.8110000000000006;12.0;1.0;1.0;0.8110000000000006;12.0;1.0;1.0;0.8110000000000006;12.0;1.0;Now
07:50:06 02/06/2020;Tuesday;0.8026;0.8110000000000006;1.0;1.0644247272588134;0.550335398775754;1.0;0.8110000000000006;12.0;1.0;1.0;0.8056666666666672;12.0;1.0;1.0;0.8110000000000006;12.0;1.0;Now
12:59:51 02/06/2020;Tuesday;0.7947;0.8030000000000006;1.0;1.0681760154581263;0.5800667820507454;0.8746759259259259;0.8030000000000006;10.49611111111111;0.8746759259259259;1.0;0.804333333333334;12.0;1.0;0.8746759259259259;0.8030000000000006;10.49611111111111;0.8746759259259259;Now
18:37:17 02/06/2020;Tuesday;0.7916;0.8030000000000006;1.0;1.0681760154581263;0.5800667820507454;0.4060185185185185;0.8030000000000006;4.872222222222222;0.4060185185185185;1.0;0.8056666666666672;12.0;1.0;1.0;0.8050000000000006;12.0;1.0;Now
23:29:37 02/06/2020;Tuesday;0.8065;0.8070000000000006;1.0;1.0663020210053056;0.565214164930518;1.0;0.8070000000000006;12.0;1.0;1.0;0.8070000000000006;12.0;1.0;1.0;0.8070000000000006;12.0;1.0;Now
05:21:34 03/06/2020;Wednesday;0.8057;0.8070000000000006;1.0;1.0663020210053056;0.565214164930518;0.5946990740740741;0.8070000000000006;7.136388888888889;0.5946990740740741;1.0;0.8080000000000006;12.0;1.0;0.5946990740740741;0.8070000000000006;7.136388888888889;0.5946990740740741;Now
12:29:45 03/06/2020;Wednesday;0.8088;0.8090000000000006;1.0;1.0653637876331254;0.5577780591163115;0.5236805555555556;0.8090000000000006;6.284166666666667;0.5236805555555556;1.0;0.8096666666666672;12.0;1.0;0.5236805555555556;0.8090000000000006;6.284166666666667;0.5236805555555556;Now
18:46:48 03/06/2020;Wednesday;0.8092;0.8100000000000006;1.0;1.0648943609579307;0.5540575493452208;1.0;0.8100000000000006;12.0;1.0;1.0;0.8100000000000006;12.0;1.0;1.0;0.8100000000000006;12.0;1.0;Now
00:05:34 04/06/2020;Thursday;0.8098;0.8100000000000006;1.0;1.0648943609579307;0.5540575493452208;1.0;0.8100000000000006;12.0;1.0;1.0;0.8100000000000006;12.0;1.0;1.0;0.8100000000000006;12.0;1.0;Now
05:58:23 04/06/2020;Thursday;0.8091;0.8100000000000006;1.0;1.0648943609579307;0.5540575493452208;1.0;0.8100000000000006;12.0;1.0;1.0;0.8100000000000006;12.0;1.0;1.0;0.8100000000000006;12.0;1.0;Now
13:31:49 04/06/2020;Thursday;0.8085;0.8100000000000006;1.0;1.0648943609579307;0.5540575493452208;1.0;0.8100000000000006;12.0;1.0;1.0;0.8093333333333339;12.0;1.0;1.0;0.8100000000000006;12.0;1.0;Now
20:39:41 04/06/2020;Thursday;0.8062;0.8090000000000006;1.0;1.0653637876331254;0.5577780591163115;1.0;0.8090000000000006;12.0;1.0;1.0;0.8080000000000005;12.0;1.0;1.0;0.8090000000000006;12.0;1.0;Now
01:17:04 05/06/2020;Friday;0.8044;0.8090000000000006;1.0;1.0653637876331254;0.5577780591163115;1.0;0.8090000000000006;12.0;1.0;1.0;0.8076666666666673;12.0;1.0;1.0;0.8080000000000006;12.0;1.0;Now
04:49:12 05/06/2020;Friday;0.8044;0.8070000000000006;1.0;1.0663020210053056;0.565214164930518;1.0;0.8070000000000006;12.0;1.0;1.0;0.8066666666666672;12.0;1.0;1.0;0.8070000000000006;12.0;1.0;Now
07:00:44 05/06/2020;Friday;0.8059;0.8070000000000006;1.0;1.0663020210053056;0.565214164930518;1.0;0.8070000000000006;12.0;1.0;1.0;0.8065000000000007;12.0;1.0;1.0;0.8070000000000006;12.0;1.0;Now
14:09:25 05/06/2020;Friday;0.8047;0.8060000000000006;1.0;1.0667708282475667;0.568929765295297;1.0;0.8060000000000006;12.0;1.0;1.0;0.8053333333333339;12.0;1.0;1.0;0.8060000000000006;12.0;1.0;Now
19:28:12 05/06/2020;Friday;0.8035;0.8050000000000006;1.0;1.0672394295564607;0.5726437335050548;1.0;0.8050000000000006;12.0;1.0;1.0;0.8050000000000006;12.0;1.0;1.0;0.8050000000000006;12.0;1.0;Now
01:12:30 06/06/2020;Saturday;0.7994;0.8050000000000006;1.0;1.0672394295564607;0.5726437335050548;1.0;0.8050000000000006;12.0;1.0;1.0;0.8025000000000007;12.0;1.0;1.0;0.8050000000000006;12.0;1.0;Now
07:38:25 06/06/2020;Saturday;0.7946;0.8000000000000006;1.0;1.0695793565696747;0.5911891672784757;1.0;0.8000000000000006;12.0;1.0;1.0;0.7990000000000006;12.0;1.0;1.0;0.7990000000000006;12.0;1.0;Now
13:22:21 06/06/2020;Saturday;0.7973;0.7980000000000006;1.0;1.0705138952858106;0.5985959905558352;0.5840740740740741;0.7980000000000006;7.0088888888888885;0.5840740740740741;1.0;0.7990000000000006;12.0;1.0;0.5840740740740741;0.7980000000000006;7.0088888888888885;0.5840740740740741;Now
20:22:53 06/06/2020;Saturday;0.7998;0.8000000000000006;1.0;1.0695793565696747;0.5911891672784757;0.418287037037037;0.8000000000000006;5.019444444444445;0.418287037037037;1.0;0.803333333333334;12.0;1.0;0.418287037037037;0.8000000000000006;5.019444444444445;0.418287037037037;Now
01:24:03 07/06/2020;Sunday;0.8025;0.8030000000000006;1.0;1.0681760154581263;0.5800667820507454;0.478287037037037;0.8030000000000006;5.739444444444445;0.478287037037037;1.0;0.8066666666666672;12.0;1.0;0.478287037037037;0.8030000000000006;5.739444444444445;0.478287037037037;Now
07:08:25 07/06/2020;Sunday;0.8069;0.8070000000000006;1.0;1.0663020210053056;0.565214164930518;0.44405092592592593;0.8070000000000006;5.328611111111111;0.44405092592592593;1.0;0.8100000000000006;12.0;1.0;0.44405092592592593;0.8070000000000006;5.328611111111111;0.44405092592592593;Now
12:28:08 07/06/2020;Sunday;0.8098;0.8100000000000006;1.0;1.0648943609579307;0.5540575493452208;0.3844675925925926;0.8100000000000006;4.613611111111111;0.3844675925925926;1.0;0.8130000000000006;12.0;1.0;0.9432407407407407;0.8115000000000006;11.318888888888889;0.9432407407407407;Now
17:04:57 07/06/2020;Sunday;0.8129;0.8130000000000006;1.0;1.0634848376916333;0.542886166545845;0.5587731481481482;0.8130000000000006;6.705277777777778;0.5587731481481482;1.0;0.8145000000000007;12.0;1.0;0.5587731481481482;0.8130000000000006;6.705277777777778;0.5587731481481482;Now
23:47:16 07/06/2020;Sunday;0.8157;0.8160000000000006;1.0;1.0620734437881398;0.5316999577377788;0.5596527777777778;0.8160000000000006;6.715833333333333;0.5596527777777778;1.0;0.8200000000000006;12.0;1.0;0.5596527777777778;0.8160000000000006;6.715833333333333;0.5596527777777778;Now
06:30:13 08/06/2020;Monday;0.8233;0.8240000000000006;1.0;1.0583005244258359;0.5017971335167978;0.5940972222222223;0.8240000000000006;7.129166666666666;0.5940972222222223;1.0;0.8265000000000007;12.0;1.0;0.5940972222222223;0.8240000000000006;7.129166666666666;0.5940972222222223;Now
13:37:58 08/06/2020;Monday;0.8286;0.8290000000000006;1.0;1.0559356040971435;0.4830536115661115;0.4431712962962963;0.8290000000000006;5.3180555555555555;0.4431712962962963;1.0;0.8370000000000006;12.0;1.0;1.0;0.8350000000000006;12.0;1.0;Now
18:57:03 08/06/2020;Monday;0.8404;0.8410000000000006;1.0;1.0502380682492896;0.4378969579006923;1.0;0.8410000000000006;12.0;1.0;1.0;0.8410000000000006;12.0;1.0;1.0;0.8410000000000006;12.0;1.0;Now
01:06:57 09/06/2020;Tuesday;0.8344;0.8410000000000006;1.0;1.0502380682492896;0.4378969579006923;0.9917824074074074;0.8410000000000006;11.901388888888889;0.9917824074074074;1.0;0.8426666666666672;12.0;1.0;0.9917824074074074;0.8410000000000006;11.901388888888889;0.9917824074074074;Now
06:09:36 09/06/2020;Tuesday;0.8397;0.8410000000000006;1.0;1.0502380682492896;0.4378969579006923;0.5714351851851852;0.8410000000000006;6.857222222222222;0.5714351851851852;1.0;0.8435000000000006;12.0;1.0;0.5714351851851852;0.8410000000000006;6.857222222222222;0.5714351851851852;Now
13:01:02 09/06/2020;Tuesday;0.8452;0.8460000000000006;1.0;1.0478549517943785;0.41900921989035306;1.0;0.8460000000000006;12.0;1.0;1.0;0.8460000000000006;12.0;1.0;1.0;0.8460000000000006;12.0;1.0;Now
20:00:34 09/06/2020;Tuesday;0.8459;0.8460000000000006;1.0;1.0478549517943785;0.41900921989035306;1.0;0.8460000000000006;12.0;1.0;1.0;0.8460000000000006;12.0;1.0;1.0;0.8460000000000006;12.0;1.0;Now
02:51:11 10/06/2020;Wednesday;0.8412;0.8460000000000006;1.0;1.0478549517943785;0.41900921989035306;0.45472222222222225;0.8460000000000006;5.456666666666667;0.45472222222222225;1.0;0.8546666666666672;12.0;1.0;0.45472222222222225;0.8460000000000006;5.456666666666667;0.45472222222222225;Now
08:18:35 10/06/2020;Wednesday;0.8543;0.8550000000000006;1.0;1.0435516278555648;0.3849025966229779;0.43199074074074073;0.8550000000000006;5.183888888888889;0.43199074074074073;1.0;0.8590000000000007;12.0;1.0;1.0;0.8590000000000007;12.0;1.0;Now
13:29:37 10/06/2020;Wednesday;0.8623;0.8630000000000007;1.0;1.0397114984456022;0.3544670893393531;1.0;0.8630000000000007;12.0;1.0;1.0;0.8630000000000007;12.0;1.0;1.0;0.8630000000000007;12.0;1.0;Now
20:55:10 10/06/2020;Wednesday;0.8562;0.8630000000000007;1.0;1.0397114984456022;0.3544670893393531;1.0;0.8630000000000007;12.0;1.0;1.0;0.8600000000000007;12.0;1.0;1.0;0.8630000000000007;12.0;1.0;Now
04:07:13 11/06/2020;Thursday;0.8507;0.8570000000000007;1.0;1.042592921518269;0.37730422932943736;0.41756944444444444;0.8570000000000007;4.893888888888889;0.40782407407407406;1.0;0.860333333333334;12.0;1.0;1.0;0.8595000000000006;12.0;1.0;Now
09:00:51 11/06/2020;Thursday;0.862;0.8620000000000007;1.0;1.0401922899156673;0.3582776724543667;1.0;0.8620000000000007;12.0;1.0;1.0;0.8620000000000007;12.0;1.0;1.0;0.8620000000000007;12.0;1.0;Now
16:00:12 11/06/2020;Thursday;0.8475;0.8620000000000007;1.0;1.0401922899156673;0.3582776724543667;1.0;0.8620000000000007;12.0;1.0;1.0;0.857333333333334;12.0;1.0;1.0;0.857333333333334;12.0;1.0;Now
17:05:21 11/06/2020;Thursday;0.8475;0.8620000000000007;1.0;1.0401922899156673;0.3582776724543667;1.0;0.8620000000000007;12.0;1.0;1.0;0.8526666666666673;12.0;1.0;1.0;0.8550000000000006;12.0;1.0;Now
21:27:42 11/06/2020;Thursday;0.8426;0.8480000000000006;1.0;1.0469001862641916;0.41144208603992355;1.0;0.8480000000000006;12.0;1.0;1.0;0.8480000000000006;12.0;1.0;1.0;0.8480000000000006;12.0;1.0;Now
05:01:42 12/06/2020;Friday;0.8215;0.8480000000000006;1.0;1.0469001862641916;0.41144208603992355;1.0;0.8480000000000006;12.0;1.0;1.0;0.8350000000000006;12.0;1.0;1.0;0.8480000000000006;12.0;1.0;Now
11:03:10 12/06/2020;Friday;0.817;0.8220000000000006;1.0;1.0592450141492287;0.5092828249575739;0.5347685185185185;0.8220000000000006;6.417222222222223;0.5347685185185185;1.0;0.8250000000000006;12.0;1.0;0.5347685185185185;0.8220000000000006;6.417222222222223;0.5347685185185185;Now
17:28:12 12/06/2020;Friday;0.8275;0.8280000000000006;1.0;1.0564090116995402;0.48680567275797837;0.5492824074074074;0.8280000000000006;6.591388888888889;0.5492824074074074;1.0;0.8285000000000007;12.0;1.0;0.5492824074074074;0.8280000000000006;6.591388888888889;0.5492824074074074;Now
00:03:41 13/06/2020;Saturday;0.8289;0.8290000000000006;1.0;1.0559356040971435;0.4830536115661115;0.4892592592592593;0.8290000000000006;5.871111111111111;0.4892592592592593;1.0;0.8320000000000006;12.0;1.0;1.0;0.8320000000000006;12.0;1.0;Now
05:55:57 13/06/2020;Saturday;0.8343;0.8350000000000006;1.0;1.053090689352061;0.4605058236658879;0.525;0.8350000000000006;6.3;0.525;1.0;0.8365000000000007;12.0;1.0;0.525;0.8350000000000006;6.3;0.525;Now
12:13:57 13/06/2020;Saturday;0.8379;0.8380000000000006;1.0;1.0516653460107923;0.4492090565485334;0.6185648148148148;0.8380000000000006;7.422777777777778;0.6185648148148148;1.0;0.8410000000000006;12.0;1.0;0.6185648148148148;0.8380000000000006;7.422777777777778;0.6185648148148148;Now
19:39:19 13/06/2020;Saturday;0.8435;0.8440000000000006;1.0;1.0488088481701512;0.42656946513035293;0.4545138888888889;0.8440000000000006;5.454166666666667;0.4545138888888889;1.0;0.8526666666666673;12.0;1.0;0.4545138888888889;0.8440000000000006;5.454166666666667;0.4545138888888889;Now
01:06:34 14/06/2020;Sunday;0.8523;0.8530000000000006;1.0;1.044509454241559;0.39249398973377875;0.45564814814814814;0.8530000000000006;5.467777777777778;0.45564814814814814;1.0;0.8570000000000007;12.0;1.0;1.0;0.8570000000000007;12.0;1.0;Now
06:34:38 14/06/2020;Sunday;0.8604;0.8610000000000007;1.0;1.0406728592598153;0.36208649507793766;0.6292361111111111;0.8610000000000007;7.550833333333333;0.6292361111111111;1.0;0.8645000000000007;12.0;1.0;0.6292361111111111;0.8610000000000007;7.550833333333333;0.6292361111111111;Now
14:07:41 14/06/2020;Sunday;0.8672;0.8680000000000007;1.0;1.0373041983911948;0.3353876806741906;1.0;0.8680000000000007;12.0;1.0;1.0;0.8680000000000007;12.0;1.0;1.0;0.8680000000000007;12.0;1.0;Now
20:50:41 14/06/2020;Sunday;0.8611;0.8680000000000007;1.0;1.0373041983911948;0.3353876806741906;1.0;0.8680000000000007;12.0;1.0;1.0;0.8665000000000007;12.0;1.0;1.0;0.8680000000000007;12.0;1.0;Now
04:07:07 15/06/2020;Monday;0.8647;0.8650000000000007;1.0;1.038749247893831;0.346840631855622;1.0;0.8650000000000007;12.0;1.0;1.0;0.8650000000000007;12.0;1.0;1.0;0.8650000000000007;12.0;1.0;Now
09:17:46 15/06/2020;Monday;0.8597;0.8650000000000007;1.0;1.038749247893831;0.346840631855622;1.0;0.8650000000000007;12.0;1.0;1.0;0.8625000000000007;12.0;1.0;1.0;0.8650000000000007;12.0;1.0;Now
16:34:04 15/06/2020;Monday;0.8307;0.8600000000000007;1.0;1.0411532067856293;0.36589355964785897;1.0;0.8600000000000007;12.0;1.0;1.0;0.8406666666666673;12.0;1.0;1.0;0.8600000000000007;12.0;1.0;Now
21:36:33 15/06/2020;Monday;0.819;0.8310000000000006;1.0;1.0549881515922344;0.4755444381671006;1.0;0.8310000000000006;12.0;1.0;1.0;0.8303333333333339;12.0;1.0;1.0;0.8310000000000006;12.0;1.0;Now
03:28:44 16/06/2020;Tuesday;0.8211;0.8310000000000006;1.0;1.0549881515922344;0.4755444381671006;0.8906712962962963;0.8310000000000006;10.688055555555556;0.8906712962962963;1.0;0.8346666666666672;12.0;1.0;0.8906712962962963;0.8310000000000006;10.688055555555556;0.8906712962962963;Now
08:39:04 16/06/2020;Tuesday;0.8289;0.8290000000000006;1.0;1.0559356040971435;0.4830536115661115;0.4596527777777778;0.8290000000000006;5.515833333333333;0.4596527777777778;1.0;0.8390000000000007;12.0;1.0;0.4596527777777778;0.8290000000000006;5.515833333333333;0.4596527777777778;Now
14:10:01 16/06/2020;Tuesday;0.8432;0.8440000000000006;1.0;1.0488088481701512;0.42656946513035293;1.0;0.8440000000000006;12.0;1.0;1.0;0.8440000000000006;12.0;1.0;1.0;0.8440000000000006;12.0;1.0;Now
18:40:09 16/06/2020;Tuesday;0.8291;0.8440000000000006;1.0;1.0488088481701512;0.42656946513035293;1.0;0.8440000000000006;12.0;1.0;1.0;0.839333333333334;12.0;1.0;1.0;0.8440000000000006;12.0;1.0;Now
23:35:27 16/06/2020;Tuesday;0.8149;0.8440000000000006;1.0;1.0488088481701512;0.42656946513035293;1.0;0.8440000000000006;12.0;1.0;1.0;0.8370000000000006;12.0;1.0;1.0;0.8370000000000006;12.0;1.0;Now
04:36:38 17/06/2020;Wednesday;0.8103;0.8300000000000006;1.0;1.0554619841567006;0.4792998674580032;1.0;0.8300000000000006;12.0;1.0;1.0;0.8205000000000007;12.0;1.0;1.0;0.8300000000000006;12.0;1.0;Now
11:53:49 17/06/2020;Wednesday;0.804;0.8110000000000006;1.0;1.0644247272588134;0.550335398775754;1.0;0.8110000000000006;12.0;1.0;1.0;0.8075000000000006;12.0;1.0;1.0;0.8110000000000006;12.0;1.0;Now
19:10:46 17/06/2020;Wednesday;0.8025;0.8040000000000006;1.0;1.0677078252031307;0.5763560717087776;1.0;0.8040000000000006;12.0;1.0;1.0;0.803333333333334;12.0;1.0;1.0;0.8040000000000006;12.0;1.0;Now
00:37:33 18/06/2020;Thursday;0.8028;0.8030000000000006;1.0;1.0681760154581263;0.5800667820507454;0.9330555555555555;0.8030000000000006;11.196666666666667;0.9330555555555555;1.0;0.8040000000000006;12.0;1.0;0.9330555555555555;0.8030000000000006;11.196666666666667;0.9330555555555555;Now
05:48:52 18/06/2020;Thursday;0.8013;0.8030000000000006;1.0;1.0681760154581263;0.5800667820507454;0.5006712962962963;0.8030000000000006;6.008055555555556;0.5006712962962963;1.0;0.8045000000000007;12.0;1.0;0.5006712962962963;0.8030000000000006;6.008055555555556;0.5006712962962963;Now
11:49:21 18/06/2020;Thursday;0.8052;0.8060000000000006;1.0;1.0667708282475667;0.568929765295297;0.9911805555555555;0.8060000000000006;11.894166666666667;0.9911805555555555;1.0;0.8063333333333339;12.0;1.0;0.9911805555555555;0.8060000000000006;11.894166666666667;0.9911805555555555;Now
18:32:17 18/06/2020;Thursday;0.8058;0.8060000000000006;1.0;1.0667708282475667;0.568929765295297;0.4315509259259259;0.8060000000000006;5.1786111111111115;0.4315509259259259;1.0;0.8070000000000007;12.0;1.0;0.4315509259259259;0.8060000000000006;5.1786111111111115;0.4315509259259259;Now
23:43:00 18/06/2020;Thursday;0.8064;0.8070000000000006;1.0;1.0663020210053056;0.565214164930518;0.38516203703703705;0.8070000000000006;4.621944444444445;0.38516203703703705;1.0;0.8083333333333339;12.0;1.0;0.38516203703703705;0.8070000000000006;4.621944444444445;0.38516203703703705;Now
04:20:19 19/06/2020;Friday;0.8077;0.8080000000000006;1.0;1.0658330075579379;0.5614969302570081;0.3960648148148148;0.8080000000000006;4.752777777777778;0.3960648148148148;1.0;0.8103333333333339;12.0;1.0;0.9910648148148148;0.8090000000000006;11.892777777777777;0.9910648148148148;Now
09:05:29 19/06/2020;Friday;0.8093;0.8100000000000006;1.0;1.0648943609579307;0.5540575493452208;0.595;0.8100000000000006;7.14;0.595;1.0;0.8115000000000006;12.0;1.0;0.595;0.8100000000000006;7.14;0.595;Now
16:13:53 19/06/2020;Friday;0.8121;0.8130000000000006;1.0;1.0634848376916333;0.542886166545845;0.40791666666666665;0.8130000000000006;4.895;0.40791666666666665;1.0;0.8156666666666673;12.0;1.0;0.8509953703703703;0.8135000000000006;10.211944444444445;0.8509953703703703;Now
21:07:35 19/06/2020;Friday;0.8137;0.8140000000000006;1.0;1.0630145812734646;0.5391590805254592;0.4430787037037037;0.8140000000000006;5.316944444444444;0.4430787037037037;1.0;0.8170000000000006;12.0;1.0;1.0;0.8170000000000006;12.0;1.0;Now
02:26:36 20/06/2020;Saturday;0.8193;0.8200000000000006;1.0;1.0601886624558854;0.5167618476269455;1.0;0.8200000000000006;12.0;1.0;1.0;0.8200000000000006;12.0;1.0;1.0;0.8200000000000006;12.0;1.0;Now
09:42:47 20/06/2020;Saturday;0.8154;0.8200000000000006;1.0;1.0601886624558854;0.5167618476269455;1.0;0.8200000000000006;12.0;1.0;1.0;0.8180000000000006;12.0;1.0;1.0;0.8200000000000006;12.0;1.0;Now
16:35:18 20/06/2020;Saturday;0.8095;0.8160000000000006;1.0;1.0620734437881398;0.5316999577377788;1.0;0.8160000000000006;12.0;1.0;1.0;0.8130000000000006;12.0;1.0;1.0;0.8130000000000006;12.0;1.0;Now
22:34:54 20/06/2020;Saturday;0.8038;0.8100000000000006;1.0;1.0648943609579307;0.5540575493452208;1.0;0.8100000000000006;12.0;1.0;1.0;0.8070000000000006;12.0;1.0;1.0;0.8100000000000006;12.0;1.0;Now
05:26:52 21/06/2020;Sunday;0.7974;0.8040000000000006;1.0;1.0677078252031307;0.5763560717087776;1.0;0.8040000000000006;12.0;1.0;1.0;0.8010000000000006;12.0;1.0;1.0;0.8040000000000006;12.0;1.0;Now
12:43:49 21/06/2020;Sunday;0.7946;0.7980000000000006;1.0;1.0705138952858106;0.5985959905558352;1.0;0.7980000000000006;12.0;1.0;1.0;0.7965000000000007;12.0;1.0;1.0;0.7965000000000007;12.0;1.0;Now
18:27:29 21/06/2020;Sunday;0.7928;0.7950000000000006;1.0;1.071914175668929;0.609694117532741;1.0;0.7950000000000006;12.0;1.0;1.0;0.7950000000000006;12.0;1.0;1.0;0.7950000000000006;12.0;1.0;Now
01:18:22 22/06/2020;Monday;0.7941;0.7950000000000006;1.0;1.071914175668929;0.609694117532741;1.0;0.7950000000000006;12.0;1.0;1.0;0.7950000000000006;12.0;1.0;1.0;0.7950000000000006;12.0;1.0;Now
07:54:10 22/06/2020;Monday;0.7939;0.7950000000000006;1.0;1.071914175668929;0.609694117532741;0.45414351851851853;0.7950000000000006;5.449722222222222;0.45414351851851853;1.0;0.7965000000000007;12.0;1.0;1.0;0.7965000000000007;12.0;1.0;Now
13:21:09 22/06/2020;Monday;0.7974;0.7980000000000006;1.0;1.0705138952858106;0.5985959905558352;0.629837962962963;0.7980000000000006;7.558055555555556;0.629837962962963;1.0;0.7985000000000007;12.0;1.0;0.629837962962963;0.7980000000000006;7.558055555555556;0.629837962962963;Now
20:54:38 22/06/2020;Monday;0.7989;0.7990000000000006;1.0;1.0700467279516346;0.5948933875224324;1.0;0.7990000000000006;12.0;1.0;1.0;0.7990000000000007;12.0;1.0;1.0;0.7990000000000006;12.0;1.0;Now
01:40:10 23/06/2020;Tuesday;0.7977;0.7990000000000006;1.0;1.0700467279516346;0.5948933875224324;1.0;0.7990000000000006;12.0;1.0;1.0;0.7986666666666672;12.0;1.0;1.0;0.7990000000000006;12.0;1.0;Now
07:41:07 23/06/2020;Tuesday;0.7974;0.7990000000000006;1.0;1.0700467279516346;0.5948933875224324;1.0;0.7990000000000006;12.0;1.0;1.0;0.7983333333333339;12.0;1.0;1.0;0.7990000000000006;12.0;1.0;Now
12:27:17 23/06/2020;Tuesday;0.7946;0.7980000000000006;1.0;1.0705138952858106;0.5985959905558352;1.0;0.7980000000000006;12.0;1.0;1.0;0.7980000000000006;12.0;1.0;1.0;0.7980000000000006;12.0;1.0;Now
17:03:51 23/06/2020;Tuesday;0.7963;0.7980000000000006;1.0;1.0705138952858106;0.5985959905558352;0.8373379629629629;0.7980000000000006;10.048055555555555;0.8373379629629629;1.0;0.7983333333333339;12.0;1.0;0.8373379629629629;0.7980000000000006;10.048055555555555;0.8373379629629629;Now
21:40:00 23/06/2020;Tuesday;0.7979;0.7980000000000006;1.0;1.0705138952858106;0.5985959905558352;0.46291666666666664;0.7980000000000006;5.445555555555556;0.4537962962962963;1.0;0.7986666666666672;12.0;1.0;1.0;0.7985000000000007;12.0;1.0;Now
03:06:44 24/06/2020;Wednesday;0.7987;0.7990000000000006;1.0;1.0700467279516346;0.5948933875224324;1.0;0.7990000000000006;12.0;1.0;1.0;0.7990000000000006;12.0;1.0;1.0;0.7990000000000006;12.0;1.0;Now
09:33:26 24/06/2020;Wednesday;0.7965;0.7990000000000006;1.0;1.0700467279516346;0.5948933875224324;1.0;0.7990000000000006;12.0;1.0;1.0;0.7980000000000006;12.0;1.0;1.0;0.7990000000000006;12.0;1.0;Now
15:25:42 24/06/2020;Wednesday;0.7953;0.7970000000000006;1.0;1.070980858839223;0.6022969784949902;0.4090740740740741;0.7970000000000006;4.908888888888889;0.4090740740740741;1.0;0.7986666666666672;12.0;1.0;0.9566435185185185;0.7975000000000005;11.479722222222222;0.9566435185185185;Now
20:20:14 24/06/2020;Wednesday;0.7971;0.7980000000000006;1.0;1.0705138952858106;0.5985959905558352;0.5475694444444444;0.7980000000000006;6.570833333333334;0.5475694444444444;1.0;0.7995000000000005;12.0;1.0;0.5475694444444444;0.7980000000000006;6.570833333333334;0.5475694444444444;Now
02:54:29 25/06/2020;Thursday;0.8003;0.8010000000000006;1.0;1.0691117808723274;0.5874833277030329;1.0;0.8010000000000006;12.0;1.0;1.0;0.8010000000000006;12.0;1.0;1.0;0.8010000000000006;12.0;1.0;Now
09:37:41 25/06/2020;Thursday;0.7963;0.8010000000000006;1.0;1.0691117808723274;0.5874833277030329;1.0;0.8010000000000006;12.0;1.0;1.0;0.8005000000000007;12.0;1.0;1.0;0.8010000000000006;12.0;1.0;Now
17:03:29 25/06/2020;Thursday;0.7994;0.8000000000000006;1.0;1.0695793565696747;0.5911891672784757;0.3843287037037037;0.8000000000000006;4.611944444444444;0.3843287037037037;1.0;0.8026666666666672;12.0;1.0;0.8971527777777778;0.8010000000000006;10.765833333333333;0.8971527777777778;Now
21:40:12 25/06/2020;Thursday;0.8019;0.8020000000000006;1.0;1.0686440005914035;0.5837758666705327;0.512824074074074;0.8020000000000006;6.153888888888889;0.512824074074074;1.0;0.8050000000000006;12.0;1.0;0.512824074074074;0.8020000000000006;6.153888888888889;0.512824074074074;Now
03:49:26 26/06/2020;Friday;0.8057;0.8060000000000006;1.0;1.0667708282475667;0.568929765295297;0.47803240740740743;0.8060000000000006;5.7363888888888885;0.47803240740740743;1.0;0.8076666666666673;12.0;1.0;0.47803240740740743;0.8060000000000006;5.7363888888888885;0.47803240740740743;Now
09:33:37 26/06/2020;Friday;0.8066;0.8070000000000006;1.0;1.0663020210053056;0.565214164930518;0.48983796296296295;0.8070000000000006;5.878055555555555;0.48983796296296295;1.0;0.8093333333333339;12.0;1.0;0.48983796296296295;0.8070000000000006;5.878055555555555;0.48983796296296295;Now
15:26:18 26/06/2020;Friday;0.8098;0.8100000000000006;1.0;1.0648943609579307;0.5540575493452208;0.45513888888888887;0.8100000000000006;5.461666666666667;0.45513888888888887;1.0;0.8105000000000007;12.0;1.0;1.0;0.8105000000000007;12.0;1.0;Now
20:54:00 26/06/2020;Friday;0.811;0.8110000000000006;1.0;1.0644247272588134;0.550335398775754;0.5714814814814815;0.8110000000000006;6.857777777777778;0.5714814814814815;1.0;0.8125000000000007;12.0;1.0;0.5714814814814815;0.8110000000000006;6.857777777777778;0.5714814814814815;Now
03:45:28 27/06/2020;Saturday;0.8133;0.8140000000000006;1.0;1.0630145812734646;0.5391590805254592;0.5948842592592593;0.8140000000000006;7.1386111111111115;0.5948842592592593;1.0;0.8170000000000006;12.0;1.0;0.5948842592592593;0.8140000000000006;7.1386111111111115;0.5948842592592593;Now
10:53:47 27/06/2020;Saturday;0.82;0.8200000000000006;1.0;1.0601886624558854;0.5167618476269455;0.5593981481481481;0.8200000000000006;6.712777777777778;0.5593981481481481;1.0;0.8373333333333339;12.0;1.0;0.5593981481481481;0.8200000000000006;6.712777777777778;0.5593981481481481;Now
17:36:33 27/06/2020;Saturday;0.8387;0.8390000000000006;1.0;1.0511898020814316;0.44544006358486105;0.4086342592592593;0.8390000000000006;4.903611111111111;0.4086342592592593;1.0;0.8540000000000006;12.0;1.0;0.8515046296296296;0.8460000000000006;10.218055555555555;0.8515046296296296;Now
22:30:46 27/06/2020;Saturday;0.8526;0.8530000000000006;1.0;1.044509454241559;0.39249398973377875;0.44287037037037036;0.8530000000000006;5.314444444444445;0.44287037037037036;1.0;0.865333333333334;12.0;1.0;0.9450925925925926;0.8615000000000006;11.341111111111111;0.9450925925925926;Now
03:49:38 28/06/2020;Sunday;0.8694;0.8700000000000007;1.0;1.0363397126425289;0.3277435078105579;0.5022222222222222;0.8700000000000007;6.026666666666666;0.5022222222222222;1.0;0.8730000000000007;12.0;1.0;0.5022222222222222;0.8700000000000007;6.026666666666666;0.5022222222222222;Now
09:51:14 28/06/2020;Sunday;0.8727;0.8730000000000007;1.0;1.0348912986396201;0.316263890790135;0.5443981481481481;0.8730000000000007;5.314722222222223;0.4428935185185185;1.0;0.8750000000000008;12.0;1.0;0.5443981481481481;0.8730000000000007;5.314722222222223;0.4428935185185185;Now
15:10:07 28/06/2020;Sunday;0.8754;0.8760000000000007;1.0;1.0334408546211047;0.30476818458411753;1.0;0.8760000000000007;12.0;1.0;1.0;0.8760000000000007;12.0;1.0;1.0;0.8760000000000007;12.0;1.0;Now
20:38:09 28/06/2020;Sunday;0.8625;0.8760000000000007;1.0;1.0334408546211047;0.30476818458411753;1.0;0.8760000000000007;12.0;1.0;1.0;0.8673333333333341;12.0;1.0;1.0;0.8760000000000007;12.0;1.0;Now
03:20:42 29/06/2020;Monday;0.8615;0.8630000000000007;1.0;1.0397114984456022;0.3544670893393531;1.0;0.8630000000000007;12.0;1.0;1.0;0.8626666666666672;12.0;1.0;1.0;0.8630000000000007;12.0;1.0;Now
07:58:16 29/06/2020;Monday;0.855;0.8630000000000007;1.0;1.0397114984456022;0.3544670893393531;1.0;0.8630000000000007;12.0;1.0;1.0;0.8600000000000007;12.0;1.0;1.0;0.8630000000000007;12.0;1.0;Now
13:42:41 29/06/2020;Monday;0.8479;0.8620000000000007;1.0;1.0401922899156673;0.3582776724543667;0.9860185185185185;0.8620000000000007;11.832222222222223;0.9860185185185185;1.0;0.862333333333334;12.0;1.0;0.9860185185185185;0.8585000000000007;11.832222222222223;0.9860185185185185;Now
18:46:14 29/06/2020;Monday;0.8543;0.8550000000000006;1.0;1.0435516278555648;0.3849025966229779;0.5644212962962963;0.8550000000000006;6.773055555555556;0.5644212962962963;1.0;0.8625000000000007;12.0;1.0;0.5644212962962963;0.8550000000000006;6.773055555555556;0.5644212962962963;Now
01:32:37 30/06/2020;Tuesday;0.8692;0.8700000000000007;1.0;1.0363397126425289;0.3277435078105579;0.6192361111111111;0.8700000000000007;7.430833333333333;0.6192361111111111;1.0;0.8810000000000007;12.0;1.0;0.6192361111111111;0.8700000000000007;7.430833333333333;0.6192361111111111;Now
08:58:28 30/06/2020;Tuesday;0.8916;0.8920000000000007;1.0;1.0256705123966463;0.24318320081893136;0.9053472222222222;0.8920000000000007;10.864166666666666;0.9053472222222222;1.0;0.8923333333333341;12.0;1.0;0.9053472222222222;0.8920000000000007;10.864166666666666;0.9053472222222222;Now
13:35:52 30/06/2020;Tuesday;0.8892;0.8920000000000007;1.0;1.0256705123966463;0.24318320081893136;;;;;;;;;;;;;Now
19:50:19 30/06/2020;Tuesday;0.8926;0.8930000000000007;1.0;1.025182910509144;0.2393186407444485;;;;;;;;;;;;;Now
23:31:25 30/06/2020;Tuesday;0.8926;0.8930000000000007;1.0;1.025182910509144;0.2393186407444485;;;;;;;;;;;;;Now
