23:31:25 30/06/2020;0.8926;;;;;;;
00:49:19 01/07/2020;0.8826;;;;;;;
07:08:02 01/07/2020;0.8939;;;;;;;
12:01:27 01/07/2020;0.8971;0.8980000000000007;1.0;1.0227414140436475;0.8980000000000007;4.756944444444445;0.8990000000000007;12.0
16:46:52 01/07/2020;0.8991;0.9000000000000007;1.0;1.0217631819555837;0.9000000000000007;12.0;0.9000000000000007;12.0
22:30:19 01/07/2020;0.894;0.9000000000000007;1.0;1.0217631819555837;0.9000000000000007;12.0;0.9000000000000007;12.0
05:47:28 02/07/2020;0.8733;0.8940000000000007;1.0;1.0246950765959595;0.8940000000000007;12.0;0.8940000000000007;12.0
12:29:27 02/07/2020;0.8693;0.8740000000000007;1.0;1.0344080432788598;0.8740000000000007;12.0;0.8740000000000007;12.0
18:39:27 02/07/2020;0.8494;0.8700000000000007;1.0;1.0363397126425289;0.8700000000000007;12.0;0.8700000000000007;12.0
00:14:40 03/07/2020;0.8453;0.8700000000000007;1.0;1.0363397126425289;0.8700000000000007;12.0;0.8600000000000007;12.0
04:51:37 03/07/2020;0.8426;0.8500000000000006;1.0;1.0459445491994304;0.8500000000000006;12.0;0.8500000000000006;12.0
11:09:10 03/07/2020;0.8476;0.8480000000000006;1.0;1.0469001862641916;0.8480000000000006;12.0;0.8480000000000006;12.0
00:18:23 04/07/2020;0.8569;0.8570000000000007;1.0;1.042592921518269;0.8570000000000007;5.021944444444444;0.8570000000000007;5.021944444444444
05:19:42 04/07/2020;0.8622;0.8630000000000007;1.0;1.0397114984456022;0.8630000000000007;4.769166666666667;0.8675000000000006;11.199444444444444
10:05:51 04/07/2020;0.8719;0.8720000000000007;1.0;1.0353743284435823;0.8720000000000007;6.4302777777777775;0.8720000000000007;6.4302777777777775
16:31:40 04/07/2020;0.8845;0.8850000000000007;1.0;1.0290772565750343;0.8850000000000007;5.029166666666667;0.8850000000000007;5.029166666666667
21:33:25 04/07/2020;0.8966;0.8970000000000007;1.0;1.0232301793829184;0.8970000000000007;12.0;0.8970000000000007;12.0
03:00:52 05/07/2020;0.8955;0.8970000000000007;1.0;1.0232301793829184;0.8970000000000007;12.0;0.8970000000000007;12.0
09:52:42 05/07/2020;0.8956;0.8960000000000007;1.0;1.0237187113655777;0.8960000000000007;12.0;0.8960000000000007;12.0
16:43:52 05/07/2020;0.8947;0.8960000000000007;1.0;1.0237187113655777;0.8960000000000007;12.0;0.8960000000000007;12.0
23:43:21 05/07/2020;0.8912;0.8950000000000007;1.0;1.024207010325549;0.8950000000000007;10.491666666666667;0.8950000000000007;10.491666666666667
05:10:10 06/07/2020;0.89;0.8920000000000007;1.0;1.0256705123966463;0.8920000000000007;5.044722222222222;0.8955000000000006;12.0
10:12:51 06/07/2020;0.8986;0.8990000000000007;1.0;1.0222524150130432;0.8990000000000007;6.982777777777778;0.8990000000000007;6.982777777777778
17:11:49 06/07/2020;0.8998;0.9000000000000007;1.0;1.0217631819555837;0.9000000000000007;6.847222222222222;0.9000000000000007;6.847222222222222
00:02:39 07/07/2020;0.9112;0.9120000000000007;1.0;1.0158740079360231;0.9120000000000007;11.484166666666667;0.9120000000000007;11.484166666666667
05:47:20 07/07/2020;0.904;0.9120000000000007;1.0;1.0158740079360231;0.9120000000000007;5.739444444444445;0.9120000000000007;5.739444444444445
11:31:42 07/07/2020;0.923;0.9230000000000007;1.0;1.01044544632553;0.9230000000000007;5.730833333333333;0.9270000000000007;11.80638888888889
17:15:33 07/07/2020;0.931;0.9310000000000007;1.0;1.0064790112068902;0.9310000000000007;6.075555555555556;0.9310000000000007;6.075555555555556
23:20:05 07/07/2020;0.9361;0.9370000000000007;1.0;1.0034938963441677;0.9370000000000007;12.0;0.9370000000000007;12.0
03:56:10 08/07/2020;0.9303;0.9370000000000007;1.0;1.0034938963441677;0.9370000000000007;12.0;0.9370000000000007;12.0
09:32:30 08/07/2020;0.9321;0.9370000000000007;1.0;1.0034938963441677;0.9370000000000007;12.0;0.9370000000000007;12.0
16:29:06 08/07/2020;0.9353;0.9360000000000007;1.0;1.0039920318408901;0.9360000000000007;6.756666666666667;0.9360000000000007;6.756666666666667
23:14:30 08/07/2020;0.9447;0.9450000000000007;1.0;0.9994998749374605;0.9450000000000007;7.003333333333333;0.9450000000000007;7.003333333333333
06:14:42 09/07/2020;0.9684;0.9690000000000007;1.0;0.9874208829065746;0.9690000000000007;6.845555555555555;0.9690000000000007;6.845555555555555
13:05:26 09/07/2020;0.9814;0.9820000000000008;1.0;0.9808159868191378;0.9820000000000008;7.289166666666667;0.9820000000000008;7.289166666666667
20:22:47 09/07/2020;1.0009;1.0010000000000006;1.0;0.9710818709048169;1.0010000000000006;6.0072222222222225;1.0010000000000006;6.0072222222222225
02:23:13 10/07/2020;1.0088;1.0089999999999997;1.0;0.9669539802906859;1.0089999999999997;7.424722222222222;1.0089999999999997;7.424722222222222
09:48:42 10/07/2020;1.0229;1.0229999999999981;1.0;0.9596874491208072;1.0229999999999981;6.9825;1.0229999999999981;6.9825
16:47:39 10/07/2020;1.0276;1.0279999999999976;1.0;0.9570788891204332;1.0279999999999976;6.435277777777777;1.0279999999999976;6.435277777777777
23:13:46 10/07/2020;1.0317;1.0319999999999971;1.0;0.9549869109050673;1.0319999999999971;5.319444444444445;1.0319999999999971;5.319444444444445
04:32:56 11/07/2020;1.0414;1.041999999999996;1.0;0.9497368056467033;1.041999999999996;4.612777777777778;1.041999999999996;4.612777777777778
09:09:42 11/07/2020;1.0535;1.0539999999999947;1.0;0.9433981132056631;1.0539999999999947;4.6225;1.0554999999999946;12.0
13:47:03 11/07/2020;1.0569;1.0569999999999944;1.0;0.9418067742376912;1.0569999999999944;12.0;1.0569999999999944;12.0
01:48:27 12/07/2020;1.0515;1.051999999999995;1.0;0.9444575162494102;1.051999999999995;12.0;1.051999999999995;12.0
08:47:40 12/07/2020;1.0236;1.051999999999995;1.0;0.9444575162494102;1.051999999999995;12.0;1.051999999999995;12.0
13:25:03 12/07/2020;1.015;1.051999999999995;1.0;0.9444575162494102;1.051999999999995;12.0;1.051999999999995;12.0
19:43:03 12/07/2020;1.014;1.023999999999998;1.0;0.9591663046625449;1.023999999999998;12.0;1.0199999999999985;12.0
00:53:19 13/07/2020;1.0137;1.015999999999999;1.0;0.9633275663033842;1.015999999999999;12.0;1.015999999999999;12.0
06:53:53 13/07/2020;1.0012;1.014999999999999;1.0;0.9638464608017197;1.014999999999999;11.625555555555556;1.014499999999999;11.625555555555556
12:30:26 13/07/2020;1.0106;1.0139999999999991;1.0;0.9643650760992959;1.0139999999999991;6.016388888888889;1.0139999999999991;6.016388888888889
18:31:25 13/07/2020;1.0177;1.0179999999999987;1.0;0.9622889378975533;1.0179999999999987;12.0;1.0179999999999987;12.0
01:55:15 14/07/2020;1.0112;1.0179999999999987;1.0;0.9622889378975533;1.0179999999999987;12.0;1.0169999999999988;12.0
06:41:13 14/07/2020;1.0154;1.015999999999999;1.0;0.9633275663033842;1.015999999999999;12.0;1.015999999999999;12.0
19:00:25 14/07/2020;1.028;1.0289999999999975;1.0;0.9565563234854508;1.0289999999999975;5.298611111111111;1.0354999999999968;11.603055555555555
00:18:20 15/07/2020;1.0411;1.041999999999996;1.0;0.9497368056467033;1.041999999999996;6.304444444444444;1.041999999999996;6.304444444444444
06:36:36 15/07/2020;1.0617;1.0619999999999938;1.0;0.939148550549915;1.0619999999999938;7.550277777777778;1.0619999999999938;7.550277777777778
14:09:37 15/07/2020;1.0761;1.0769999999999922;1.0;0.9311283477587866;1.0769999999999922;5.325555555555556;1.0774999999999921;12.0
19:29:09 15/07/2020;1.0774;1.077999999999992;1.0;0.9305912099305516;1.077999999999992;7.1194444444444445;1.077999999999992;7.1194444444444445
02:36:19 16/07/2020;1.0835;1.0839999999999914;1.0;0.927361849549575;1.0839999999999914;12.0;1.0839999999999914;12.0
09:36:14 16/07/2020;1.0772;1.0839999999999914;1.0;0.927361849549575;1.0839999999999914;12.0;1.0839999999999914;12.0
14:22:03 16/07/2020;1.068;1.0839999999999914;1.0;0.927361849549575;1.0839999999999914;12.0;1.0839999999999914;12.0
21:46:32 16/07/2020;1.0719;1.0719999999999927;1.0;0.933809402394304;1.0719999999999927;6.0275;1.0769999999999922;12.0
01:44:32 17/07/2020;1.0719;1.0719999999999927;1.0;0.933809402394304;1.0719999999999927;2.0608333333333335;1.0769999999999922;12.0
03:48:11 17/07/2020;1.0818;1.0819999999999916;1.0;0.9284395510748173;1.0819999999999916;12.0;1.0819999999999916;12.0
09:57:00 17/07/2020;1.0788;1.0819999999999916;1.0;0.9284395510748173;1.0819999999999916;7.426944444444445;1.0819999999999916;7.426944444444445
17:22:37 17/07/2020;1.0829;1.0829999999999915;1.0;0.9279008567729682;1.0829999999999915;6.296944444444445;1.0829999999999915;6.296944444444445
23:40:26 17/07/2020;1.0844;1.0849999999999913;1.0;0.9268225288586853;1.0849999999999913;12.0;1.0849999999999913;12.0
05:32:28 18/07/2020;1.0773;1.0849999999999913;1.0;0.9268225288586853;1.0849999999999913;12.0;1.0849999999999913;12.0
12:07:33 18/07/2020;1.0717;1.077999999999992;1.0;0.9305912099305516;1.077999999999992;12.0;1.077999999999992;12.0
18:41:35 18/07/2020;1.0625;1.0719999999999927;1.0;0.933809402394304;1.0719999999999927;12.0;1.0719999999999927;12.0
00:18:19 19/07/2020;1.0611;1.0629999999999937;1.0;0.9386160024205885;1.0629999999999937;5.1594444444444445;1.0664999999999933;12.0
05:27:53 19/07/2020;1.0691;1.069999999999993;1.0;0.9348796714016232;1.069999999999993;7.5616666666666665;1.069999999999993;7.5616666666666665
13:01:35 19/07/2020;1.0731;1.0739999999999925;1.0;0.9327379053088855;1.0739999999999925;5.171666666666667;1.0759999999999923;12.0
18:11:53 19/07/2020;1.0775;1.077999999999992;1.0;0.9305912099305516;1.077999999999992;7.002222222222223;1.077999999999992;7.002222222222223
01:12:01 20/07/2020;1.0789;1.078999999999992;1.0;0.930053761886918;1.078999999999992;12.0;1.078999999999992;12.0
06:06:13 20/07/2020;1.0786;1.078999999999992;1.0;0.930053761886918;1.078999999999992;12.0;1.078999999999992;12.0
12:49:21 20/07/2020;1.0752;1.078999999999992;1.0;0.930053761886918;1.078999999999992;12.0;1.078999999999992;12.0
17:52:29 20/07/2020;1.0693;1.078999999999992;1.0;0.930053761886918;1.078999999999992;12.0;1.0774999999999921;12.0
22:55:53 20/07/2020;1.0692;1.0759999999999923;1.0;0.9316651759081734;1.0759999999999923;7.0119444444444445;1.0759999999999923;7.0119444444444445
05:56:36 21/07/2020;1.0765;1.0769999999999922;1.0;0.9311283477587866;1.0769999999999922;6.4591666666666665;1.0769999999999922;6.4591666666666665
12:24:09 21/07/2020;1.0794;1.0799999999999919;1.0;0.9295160030897844;1.0799999999999919;12.0;1.0799999999999919;12.0
18:02:05 21/07/2020;1.0784;1.0799999999999919;1.0;0.9295160030897844;1.0799999999999919;7.504722222222222;1.0799999999999919;7.504722222222222
01:32:22 22/07/2020;1.0835;1.0839999999999914;1.0;0.927361849549575;1.0839999999999914;6.733333333333333;1.0839999999999914;6.733333333333333
08:16:22 22/07/2020;1.0887;1.0889999999999909;1.0;0.9246621004453514;1.0889999999999909;5.325833333333334;1.0889999999999909;5.325833333333334
13:35:55 22/07/2020;1.1032;1.1039999999999892;1.0;0.9165151389911739;1.1039999999999892;12.0;1.1039999999999892;12.0
18:55:24 22/07/2020;1.0957;1.1039999999999892;1.0;0.9165151389911739;1.1039999999999892;12.0;1.1039999999999892;12.0
01:14:15 23/07/2020;1.0884;1.1039999999999892;1.0;0.9165151389911739;1.1039999999999892;12.0;1.0999999999999897;12.0
06:59:37 23/07/2020;1.0953;1.09599999999999;1.0;0.9208691546577125;1.09599999999999;7.415;1.09599999999999;7.415
14:24:31 23/07/2020;1.1129;1.1129999999999882;1.0;0.9115920140062723;1.1129999999999882;12.0;1.1129999999999882;12.0
19:27:25 23/07/2020;1.1077;1.1129999999999882;1.0;0.9115920140062723;1.1129999999999882;12.0;1.1129999999999882;12.0
00:46:56 24/07/2020;1.1038;1.1129999999999882;1.0;0.9115920140062723;1.1129999999999882;12.0;1.1104999999999885;12.0
06:15:24 24/07/2020;1.1017;1.1079999999999888;1.0;0.914330356053003;1.1079999999999888;12.0;1.1079999999999888;12.0
13:23:28 24/07/2020;1.1016;1.1019999999999894;1.0;0.9176055797563627;1.1019999999999894;12.0;1.1019999999999894;12.0
20:49:18 24/07/2020;1.0959;1.1019999999999894;1.0;0.9176055797563627;1.1019999999999894;12.0;1.1019999999999894;12.0
03:49:50 25/07/2020;1.0835;1.09599999999999;1.0;0.9208691546577125;1.09599999999999;12.0;1.09599999999999;12.0
08:43:46 25/07/2020;1.079;1.09599999999999;1.0;0.9208691546577125;1.09599999999999;12.0;1.09599999999999;12.0
15:19:20 25/07/2020;1.0932;1.0939999999999903;1.0;0.921954445729294;1.0939999999999903;6.726666666666667;1.0939999999999903;6.726666666666667
22:02:56 25/07/2020;1.1054;1.105999999999989;1.0;0.9154233993076706;1.105999999999989;7.441388888888889;1.105999999999989;7.441388888888889
05:29:25 26/07/2020;1.1191;1.1199999999999875;1.0;0.9077444574328243;1.1199999999999875;6.856388888888889;1.1199999999999875;6.856388888888889
12:20:48 26/07/2020;1.1257;1.1259999999999868;1.0;0.9044335243676084;1.1259999999999868;5.185833333333333;1.1294999999999864;10.65638888888889
14:46:45 26/07/2020;1.1257;1.1259999999999868;1.0;0.9044335243676084;1.1259999999999868;2.7533333333333334;1.1294999999999864;8.223888888888888
17:31:57 26/07/2020;1.1321;1.132999999999986;1.0;0.900555384193562;1.132999999999986;5.470555555555555;1.1344999999999859;12.0
23:00:11 26/07/2020;1.1354;1.1359999999999857;1.0;0.8988882021697772;1.1359999999999857;7.299444444444444;1.1359999999999857;7.299444444444444
06:18:09 27/07/2020;1.1443;1.1449999999999847;1.0;0.8938679992034704;1.1449999999999847;7.420277777777778;1.1449999999999847;7.420277777777778
13:43:22 27/07/2020;1.1488;1.1489999999999843;1.0;0.8916277250063592;1.1489999999999843;12.0;1.1489999999999843;12.0
18:30:17 27/07/2020;1.1486;1.1489999999999843;1.0;0.8916277250063592;1.1489999999999843;10.092777777777778;1.1489999999999843;10.092777777777778
21:06:41 27/07/2020;1.1486;1.1489999999999843;1.0;0.8916277250063592;1.1489999999999843;7.486111111111111;1.1489999999999843;7.486111111111111
23:24:47 27/07/2020;1.1444;1.1489999999999843;1.0;0.8916277250063592;1.1489999999999843;5.184444444444445;1.151499999999984;12.0
04:35:51 28/07/2020;1.1532;1.1539999999999837;1.0;0.888819441731568;1.1539999999999837;7.2875;1.1539999999999837;7.2875
11:53:06 28/07/2020;1.1647;1.1649999999999825;1.0;0.882609766544659;1.1649999999999825;5.950277777777778;1.1654999999999824;12.0
17:50:07 28/07/2020;1.1655;1.1659999999999824;1.0;0.8820430828480078;1.1659999999999824;12.0;1.1659999999999824;12.0
00:51:11 29/07/2020;1.1617;1.1659999999999824;1.0;0.8820430828480078;1.1659999999999824;12.0;1.1654999999999824;12.0
06:35:57 29/07/2020;1.1643;1.1649999999999825;1.0;0.882609766544659;1.1649999999999825;12.0;1.1649999999999825;12.0
13:19:21 29/07/2020;1.1414;1.1649999999999825;1.0;0.882609766544659;1.1649999999999825;12.0;1.1649999999999825;12.0
20:28:38 29/07/2020;1.137;1.141999999999985;1.0;0.8955445270895328;1.141999999999985;11.642222222222221;1.141999999999985;11.642222222222221
03:28:56 30/07/2020;1.1394;1.1399999999999852;1.0;0.896660470858404;1.1399999999999852;4.637222222222222;1.142999999999985;10.114444444444445
08:07:10 30/07/2020;1.1454;1.1459999999999846;1.0;0.8933084573651003;1.1459999999999846;5.477222222222222;1.1459999999999846;5.477222222222222
13:35:48 30/07/2020;1.1608;1.160999999999983;1.0;0.8848728722251672;1.160999999999983;4.646388888888889;1.160999999999983;4.646388888888889
18:14:35 30/07/2020;1.1615;1.1619999999999828;1.0;0.8843076387773754;1.1619999999999828;4.904166666666667;1.1623333333333161;12.0
20:10:24 30/07/2020;1.1615;1.1619999999999828;1.0;0.8843076387773754;1.1619999999999828;2.973888888888889;1.1624999999999828;12.0
23:08:50 30/07/2020;1.1626;1.1629999999999827;1.0;0.8837420438114378;1.1629999999999827;12.0;1.1629999999999827;12.0
05:17:29 31/07/2020;1.1571;1.1629999999999827;1.0;0.8837420438114378;1.1629999999999827;12.0;1.1629999999999827;12.0
11:44:22 31/07/2020;1.1545;1.1579999999999833;1.0;0.8865664103720695;1.1579999999999833;7.288611111111111;1.1579999999999833;7.288611111111111
19:01:41 31/07/2020;1.161;1.1619999999999828;1.0;0.8843076387773754;1.1619999999999828;5.199166666666667;1.1619999999999828;5.199166666666667
19:01:41 31/07/2020;1.161;1.1619999999999828;1.0;0.8843076387773754;1.1619999999999828;5.199166666666667;1.1619999999999828;5.199166666666667
00:13:38 01/08/2020;1.1663;1.1669999999999823;1.0;0.8814760348415706;1.1669999999999823;5.736944444444444;1.1669999999999823;5.736944444444444
05:57:51 01/08/2020;1.1823;1.1829999999999805;1.0;0.8723531395025866;1.1829999999999805;12.0;1.1829999999999805;12.0
11:25:44 01/08/2020;1.157;1.1829999999999805;1.0;0.8723531395025866;1.1829999999999805;12.0;1.1829999999999805;12.0
17:52:55 01/08/2020;1.1428;1.1829999999999805;1.0;0.8723531395025866;1.1829999999999805;12.0;1.1829999999999805;12.0
23:13:01 01/08/2020;1.1458;1.1579999999999833;1.0;0.8865664103720695;1.1579999999999833;12.0;1.151999999999984;12.0
05:05:47 02/08/2020;1.145;1.1459999999999846;1.0;0.8933084573651003;1.1459999999999846;6.309166666666667;1.1459999999999846;6.309166666666667
11:24:20 02/08/2020;1.1538;1.1539999999999837;1.0;0.888819441731568;1.1539999999999837;4.898333333333333;1.1589999999999832;11.350555555555555
16:18:14 02/08/2020;1.1638;1.1639999999999826;1.0;0.8831760866327945;1.1639999999999826;6.452222222222222;1.1639999999999826;6.452222222222222
22:45:22 02/08/2020;1.171;1.1719999999999817;1.0;0.8786353054595623;1.1719999999999817;12.0;1.1719999999999817;12.0
05:12:57 03/08/2020;1.1702;1.1719999999999817;1.0;0.8786353054595623;1.1719999999999817;5.883333333333334;1.1719999999999817;5.883333333333334
11:05:57 03/08/2020;1.173;1.1739999999999815;1.0;0.8774964387392227;1.1739999999999815;12.0;1.1739999999999815;12.0
16:42:42 03/08/2020;1.1709;1.1739999999999815;1.0;0.8774964387392227;1.1739999999999815;12.0;1.1739999999999815;12.0
23:17:47 03/08/2020;1.1703;1.1709999999999818;1.0;0.879204185613341;1.1709999999999818;5.611111111111111;1.1724999999999817;12.0
04:54:27 04/08/2020;1.1731;1.1739999999999815;1.0;0.8774964387392227;1.1739999999999815;6.731111111111111;1.1739999999999815;6.731111111111111
11:38:19 04/08/2020;1.1851;1.1859999999999802;1.0;0.870631954387168;1.1859999999999802;11.084722222222222;1.1859999999999802;11.084722222222222
17:31:25 04/08/2020;1.1856;1.1859999999999802;1.0;0.870631954387168;1.1859999999999802;5.199722222222222;1.1859999999999802;5.199722222222222
22:43:24 04/08/2020;1.1866;1.18699999999998;1.0;0.8700574693662597;1.18699999999998;10.097777777777777;1.18699999999998;10.097777777777777
04:02:59 05/08/2020;1.1846;1.18699999999998;1.0;0.8700574693662597;1.18699999999998;4.771388888888889;1.1934999999999794;11.493333333333334
08:49:16 05/08/2020;1.1998;1.1999999999999786;1.0;0.8625543461139253;1.1999999999999786;6.7219444444444445;1.1999999999999786;6.7219444444444445
15:32:35 05/08/2020;1.2041;1.204999999999978;1.0;0.859651092013511;1.204999999999978;5.8902777777777775;1.206499999999978;12.0
21:26:00 05/08/2020;1.2076;1.2079999999999778;1.0;0.8579044235811016;1.2079999999999778;7.1466666666666665;1.2079999999999778;7.1466666666666665
04:34:48 06/08/2020;1.2149;1.214999999999977;1.0;0.8538149682454759;1.214999999999977;12.0;1.214999999999977;12.0
11:51:56 06/08/2020;1.2071;1.214999999999977;1.0;0.8538149682454759;1.214999999999977;12.0;1.214999999999977;12.0
18:01:26 06/08/2020;1.2014;1.2079999999999778;1.0;0.8579044235811016;1.2079999999999778;12.0;1.2079999999999778;12.0
00:37:38 07/08/2020;1.1958;1.2019999999999784;1.0;0.8613942186943336;1.2019999999999784;12.0;1.2019999999999784;12.0
07:29:36 07/08/2020;1.1951;1.195999999999979;1.0;0.8648699324175982;1.195999999999979;12.0;1.195999999999979;12.0
13:14:09 07/08/2020;1.195;1.195999999999979;1.0;0.8648699324175982;1.195999999999979;6.5936111111111115;1.195999999999979;6.5936111111111115
19:49:46 07/08/2020;1.197;1.1979999999999789;1.0;0.8637129152675795;1.1979999999999789;5.7411111111111115;1.1979999999999789;5.7411111111111115
01:34:14 08/08/2020;1.2021;1.2029999999999783;1.0;0.8608135686663063;1.2029999999999783;12.0;1.2029999999999783;12.0
06:25:59 08/08/2020;1.1941;1.2029999999999783;1.0;0.8608135686663063;1.2029999999999783;11.818333333333333;1.2029999999999783;11.818333333333333
11:06:29 08/08/2020;1.2027;1.2029999999999783;1.0;0.8608135686663063;1.2029999999999783;7.1433333333333335;1.2029999999999783;7.1433333333333335
18:15:05 08/08/2020;1.2101;1.2109999999999774;1.0;0.8561541917201728;1.2109999999999774;5.041111111111111;1.213999999999977;12.0
23:17:33 08/08/2020;1.2163;1.2169999999999768;1.0;0.8526429498917019;1.2169999999999768;7.158888888888889;1.2169999999999768;7.158888888888889
06:27:05 09/08/2020;1.2239;1.223999999999976;1.0;0.8485281374238711;1.223999999999976;6.8613888888888885;1.223999999999976;6.8613888888888885
13:18:46 09/08/2020;1.2283;1.2289999999999754;1.0;0.8455767262644026;1.2289999999999754;12.0;1.2289999999999754;12.0
20:52:48 09/08/2020;1.227;1.2289999999999754;1.0;0.8455767262644026;1.2289999999999754;12.0;1.2289999999999754;12.0
04:18:54 10/08/2020;1.2113;1.2279999999999756;1.0;0.8461678320522616;1.2279999999999756;12.0;1.2279999999999756;12.0
09:29:24 10/08/2020;1.1996;1.2119999999999773;1.0;0.8555699854483108;1.2119999999999773;12.0;1.2119999999999773;12.0
14:07:04 10/08/2020;1.2065;1.2119999999999773;1.0;0.8555699854483108;1.2119999999999773;12.0;1.2099999999999775;11.24388888888889
19:09:20 10/08/2020;1.2074;1.2079999999999778;1.0;0.8579044235811016;1.2079999999999778;6.206111111111111;1.2079999999999778;6.206111111111111
01:21:42 11/08/2020;1.2085;1.2089999999999776;1.0;0.8573214099741253;1.2089999999999776;12.0;1.2089999999999776;12.0
08:47:17 11/08/2020;1.2032;1.2089999999999776;1.0;0.8573214099741253;1.2089999999999776;5.614722222222222;1.2089999999999776;5.614722222222222
14:24:10 11/08/2020;1.2116;1.2119999999999773;1.0;0.8555699854483108;1.2119999999999773;4.795;1.2134999999999772;12.0
19:11:52 11/08/2020;1.2148;1.214999999999977;1.0;0.8538149682454759;1.214999999999977;12.0;1.214999999999977;12.0
00:47:13 12/08/2020;1.214;1.214999999999977;1.0;0.8538149682454759;1.214999999999977;12.0;1.214999999999977;12.0
05:42:04 12/08/2020;1.2113;1.214999999999977;1.0;0.8538149682454759;1.214999999999977;12.0;1.214999999999977;12.0
11:34:57 12/08/2020;1.2115;1.214999999999977;1.0;0.8538149682454759;1.214999999999977;12.0;1.214999999999977;12.0
17:43:02 12/08/2020;1.2104;1.2119999999999773;1.0;0.8555699854483108;1.2119999999999773;7.314444444444445;1.2119999999999773;7.314444444444445
01:01:54 13/08/2020;1.2151;1.2159999999999769;1.0;0.8532291603080752;1.2159999999999769;7.285;1.2159999999999769;7.285
08:19:00 13/08/2020;1.2196;1.2199999999999764;1.0;0.8508818954473197;1.2199999999999764;6.8775;1.2199999999999764;6.8775
15:11:39 13/08/2020;1.2293;1.2299999999999753;1.0;0.8449852069711189;1.2299999999999753;7.292222222222223;1.2299999999999753;7.292222222222223
22:29:11 13/08/2020;1.2339;1.233999999999975;1.0;0.8426149773176508;1.233999999999975;6.443333333333333;1.233999999999975;6.443333333333333
04:55:47 14/08/2020;1.2394;1.2399999999999742;1.0;0.8390470785361366;1.2399999999999742;12.0;1.2399999999999742;12.0
12:04:19 14/08/2020;1.2364;1.2399999999999742;1.0;0.8390470785361366;1.2399999999999742;12.0;1.2384999999999744;12.0
17:23:50 14/08/2020;1.2342;1.2369999999999746;1.0;0.8408329203831314;1.2369999999999746;12.0;1.2369999999999746;12.0
00:58:01 15/08/2020;1.2309;1.2349999999999748;1.0;0.8420213774008503;1.2349999999999748;9.826944444444445;1.2349999999999748;9.826944444444445
06:01:36 15/08/2020;1.2267;1.2309999999999752;1.0;0.8443932733033966;1.2309999999999752;4.767222222222222;1.2309999999999752;4.767222222222222
10:47:38 15/08/2020;1.2391;1.2399999999999742;1.0;0.8390470785361366;1.2399999999999742;4.905555555555556;1.2469999999999735;10.796944444444444
15:41:58 15/08/2020;1.2534;1.2539999999999727;1.0;0.8306623862918239;1.2539999999999727;5.891388888888889;1.2539999999999727;5.891388888888889
21:35:27 15/08/2020;1.2587;1.2589999999999721;1.0;0.8276472678623592;1.2589999999999721;5.045;1.2649999999999715;12.0
02:38:09 16/08/2020;1.27;1.2709999999999708;1.0;0.8203657720797651;1.2709999999999708;12.0;1.2709999999999708;12.0
09:47:46 16/08/2020;1.2699;1.2709999999999708;1.0;0.8203657720797651;1.2709999999999708;6.996944444444445;1.2709999999999708;6.996944444444445
16:47:35 16/08/2020;1.2766;1.2769999999999702;1.0;0.816700679563835;1.2769999999999702;6.733611111111111;1.2769999999999702;6.733611111111111
23:31:36 16/08/2020;1.284;1.2849999999999693;1.0;0.8117881497041151;1.2849999999999693;6.591944444444445;1.2849999999999693;6.591944444444445
06:07:07 17/08/2020;1.2918;1.2919999999999685;1.0;0.8074651695274735;1.2919999999999685;6.446666666666666;1.2919999999999685;6.446666666666666
12:33:55 17/08/2020;1.2963;1.296999999999968;1.0;0.8043631020876281;1.296999999999968;4.626666666666667;1.2984999999999678;10.107222222222223
17:11:31 17/08/2020;1.2995;1.2999999999999676;1.0;0.8024961059095753;1.2999999999999676;5.480555555555555;1.2999999999999676;5.480555555555555
22:40:21 17/08/2020;1.3065;1.3069999999999669;1.0;0.7981227975694173;1.3069999999999669;5.881666666666667;1.3069999999999669;5.881666666666667
04:33:15 18/08/2020;1.3133;1.313999999999966;1.0;0.7937253933193985;1.313999999999966;11.498333333333333;1.313999999999966;11.498333333333333
09:27:29 18/08/2020;1.3111;1.313999999999966;1.0;0.7937253933193985;1.313999999999966;6.594444444444444;1.313999999999966;6.594444444444444
16:03:09 18/08/2020;1.316;1.3169999999999658;1.0;0.7918333157931877;1.3169999999999658;7.151666666666666;1.3169999999999658;7.151666666666666
23:12:15 18/08/2020;1.319;1.3199999999999654;1.0;0.7899367063252818;1.3199999999999654;5.185833333333333;1.3199999999999654;5.185833333333333
04:23:24 19/08/2020;1.3234;1.323999999999965;1.0;0.7874007874012033;1.323999999999965;10.235555555555555;1.323999999999965;10.235555555555555
10:00:34 19/08/2020;1.3224;1.323999999999965;1.0;0.7874007874012033;1.323999999999965;4.6161111111111115;1.3249999999999649;12.0
14:37:32 19/08/2020;1.3257;1.3259999999999648;1.0;0.7861297602813643;1.3259999999999648;12.0;1.3259999999999648;12.0
21:46:50 19/08/2020;1.3232;1.3259999999999648;1.0;0.7861297602813643;1.3259999999999648;12.0;1.3259999999999648;12.0
02:50:24 20/08/2020;1.3175;1.323999999999965;1.0;0.7874007874012033;1.323999999999965;12.0;1.323999999999965;12.0
07:44:28 20/08/2020;1.3122;1.323999999999965;1.0;0.7874007874012033;1.323999999999965;12.0;1.323999999999965;12.0
14:12:02 20/08/2020;1.31;1.3179999999999656;1.0;0.791201617794121;1.3179999999999656;12.0;1.315499999999966;11.634722222222223
19:40:17 20/08/2020;1.3101;1.3129999999999662;1.0;0.7943550843294412;1.3129999999999662;6.163888888888889;1.3129999999999662;6.163888888888889
01:50:07 21/08/2020;1.3151;1.3159999999999659;1.0;0.7924645102463794;1.3159999999999659;12.0;1.3159999999999659;12.0
08:34:34 21/08/2020;1.3031;1.3159999999999659;1.0;0.7924645102463794;1.3159999999999659;12.0;1.3159999999999659;12.0
15:51:50 21/08/2020;1.3093;1.3099999999999665;1.0;0.7962411694957963;1.3099999999999665;12.0;1.3099999999999665;12.0
23:09:18 21/08/2020;1.3054;1.3099999999999665;1.0;0.7962411694957963;1.3099999999999665;12.0;1.3099999999999665;12.0
04:54:05 22/08/2020;1.2964;1.305999999999967;1.0;0.7987490219086549;1.305999999999967;12.0;1.305999999999967;12.0
09:56:57 22/08/2020;1.2963;1.305999999999967;1.0;0.7987490219086549;1.305999999999967;12.0;1.3034999999999672;12.0
14:34:44 22/08/2020;1.3007;1.3009999999999675;1.0;0.8018728078691985;1.3009999999999675;12.0;1.3009999999999675;12.0
22:08:42 22/08/2020;1.3002;1.3009999999999675;1.0;0.8018728078691985;1.3009999999999675;6.866944444444444;1.3009999999999675;6.866944444444444
05:00:43 23/08/2020;1.3079;1.3079999999999667;1.0;0.7974960814950962;1.3079999999999667;4.6475;1.3079999999999667;4.6475
09:39:34 23/08/2020;1.3184;1.3189999999999655;1.0;0.7905694150421166;1.3189999999999655;4.623888888888889;1.3199999999999654;10.930555555555555
14:17:00 23/08/2020;1.3207;1.3209999999999653;1.0;0.7893034904268665;1.3209999999999653;6.306666666666667;1.3209999999999653;6.306666666666667
20:35:24 23/08/2020;1.325;1.3259999999999648;1.0;0.7861297602813643;1.3259999999999648;4.909166666666667;1.3289999999999644;10.941944444444445
01:29:57 24/08/2020;1.3311;1.331999999999964;1.0;0.7823042886243408;1.331999999999964;6.032777777777778;1.331999999999964;6.032777777777778
07:31:55 24/08/2020;1.3351;1.3359999999999637;1.0;0.7797435475847404;1.3359999999999637;5.331944444444445;1.3389999999999633;12.0
12:51:50 24/08/2020;1.3415;1.341999999999963;1.0;0.7758865896508568;1.341999999999963;6.730555555555555;1.341999999999963;6.730555555555555
19:35:40 24/08/2020;1.3425;1.342999999999963;1.0;0.7752418977325961;1.342999999999963;12.0;1.342999999999963;12.0
02:11:17 25/08/2020;1.3314;1.342999999999963;1.0;0.7752418977325961;1.342999999999963;12.0;1.342999999999963;12.0
07:22:33 25/08/2020;1.3272;1.342999999999963;1.0;0.7752418977325961;1.342999999999963;12.0;1.342999999999963;12.0
14:40:25 25/08/2020;1.3227;1.3279999999999645;1.0;0.7848566748139659;1.3279999999999645;12.0;1.3279999999999645;12.0
21:59:39 25/08/2020;1.3205;1.322999999999965;1.0;0.7880355321938439;1.322999999999965;12.0;1.322999999999965;12.0
05:08:14 26/08/2020;1.3003;1.3209999999999653;1.0;0.7893034904268665;1.3209999999999653;12.0;1.3209999999999653;12.0
12:00:53 26/08/2020;1.3036;1.3039999999999672;1.0;0.8000000000000205;1.3039999999999672;12.0;1.3039999999999672;12.0
23:56:04 26/08/2020;1.297;1.3039999999999672;1.0;0.8000000000000205;1.3039999999999672;12.0;1.3039999999999672;12.0
05:49:30 27/08/2020;1.2811;1.2979999999999678;1.0;0.8037412518964248;1.2979999999999678;12.0;1.2979999999999678;12.0
10:36:16 27/08/2020;1.2715;1.2979999999999678;1.0;0.8037412518964248;1.2979999999999678;12.0;1.2979999999999678;12.0
16:46:05 27/08/2020;1.2661;1.2819999999999696;1.0;0.8136338242723383;1.2819999999999696;12.0;1.2819999999999696;12.0
23:44:40 27/08/2020;1.2647;1.2669999999999713;1.0;0.822800097228986;1.2669999999999713;12.0;1.2669999999999713;12.0
05:22:21 28/08/2020;1.2607;1.2649999999999715;1.0;0.8240145629781239;1.2649999999999715;12.0;1.2649999999999715;12.0
10:00:38 28/08/2020;1.251;1.2649999999999715;1.0;0.8240145629781239;1.2649999999999715;12.0;1.2649999999999715;12.0
17:27:21 28/08/2020;1.2471;1.251999999999973;1.0;0.8318653737234332;1.251999999999973;10.541666666666666;1.251999999999973;10.541666666666666
22:47:54 28/08/2020;1.2504;1.250999999999973;1.0;0.8324662155307126;1.250999999999973;5.199166666666667;1.2544999999999726;12.0
03:59:51 29/08/2020;1.2578;1.2579999999999723;1.0;0.828251169633963;1.2579999999999723;12.0;1.2579999999999723;12.0
11:26:53 29/08/2020;1.2505;1.2579999999999723;1.0;0.828251169633963;1.2579999999999723;12.0;1.2544999999999726;12.0
17:10:08 29/08/2020;1.2504;1.250999999999973;1.0;0.8324662155307126;1.250999999999973;12.0;1.250999999999973;12.0
03:47:07 30/08/2020;1.2504;1.250999999999973;1.0;0.8324662155307126;1.250999999999973;12.0;1.250999999999973;12.0
06:32:40 30/08/2020;1.2418;1.250999999999973;1.0;0.8324662155307126;1.250999999999973;12.0;1.250999999999973;12.0
13:08:54 30/08/2020;1.2394;1.250999999999973;1.0;0.8324662155307126;1.250999999999973;12.0;1.250999999999973;12.0
19:20:40 30/08/2020;1.2392;1.2399999999999742;1.0;0.8390470785361366;1.2399999999999742;6.595277777777778;1.2399999999999742;6.595277777777778
01:56:23 31/08/2020;1.24;1.2409999999999741;1.0;0.8384509526501988;1.2409999999999741;12.0;1.2409999999999741;12.0
07:50:19 31/08/2020;1.239;1.2409999999999741;1.0;0.8384509526501988;1.2409999999999741;12.0;1.2409999999999741;12.0
13:27:31 31/08/2020;1.2397;1.2409999999999741;1.0;0.8384509526501988;1.2409999999999741;12.0;1.2409999999999741;12.0
20:20:49 31/08/2020;1.2356;1.2399999999999742;1.0;0.8390470785361366;1.2399999999999742;10.971111111111112;1.2399999999999742;10.971111111111112
20:20:49 31/08/2020;1.2356;1.2399999999999742;1.0;0.8390470785361366;1.2399999999999742;10.971111111111112;1.2399999999999742;10.971111111111112
02:32:05 01/09/2020;1.237;1.2379999999999745;1.0;0.8402380615040154;1.2379999999999745;4.783333333333333;1.2434999999999738;12.0
07:19:05 01/09/2020;1.2489;1.2489999999999732;1.0;0.8336666000266694;1.2489999999999732;7.428888888888889;1.2489999999999732;7.428888888888889
14:44:49 01/09/2020;1.2496;1.2499999999999731;1.0;0.8330666239863573;1.2499999999999731;11.689444444444444;1.2499999999999731;11.689444444444444
21:51:16 01/09/2020;1.2481;1.2499999999999731;1.0;0.8330666239863573;1.2499999999999731;4.581944444444445;1.2499999999999731;4.581944444444445
02:26:11 02/09/2020;1.2504;1.250999999999973;1.0;0.8324662155307126;1.250999999999973;4.777222222222222;1.2589999999999721;12.0
07:12:49 02/09/2020;1.266;1.2669999999999713;1.0;0.822800097228986;1.2669999999999713;12.0;1.2669999999999713;12.0
13:14:48 02/09/2020;1.2609;1.2669999999999713;1.0;0.822800097228986;1.2669999999999713;12.0;1.2669999999999713;12.0
19:33:52 02/09/2020;1.2649;1.2649999999999715;1.0;0.8240145629781239;1.2649999999999715;7.036388888888889;1.2649999999999715;7.036388888888889
02:36:03 03/09/2020;1.2766;1.2769999999999702;1.0;0.816700679563835;1.2769999999999702;5.3341666666666665;1.2794999999999699;12.0
07:56:06 03/09/2020;1.2818;1.2819999999999696;1.0;0.8136338242723383;1.2819999999999696;12.0;1.2819999999999696;12.0
14:57:24 03/09/2020;1.2812;1.2819999999999696;1.0;0.8136338242723383;1.2819999999999696;12.0;1.2819999999999696;12.0
21:25:30 03/09/2020;1.281;1.2819999999999696;1.0;0.8136338242723383;1.2819999999999696;12.0;1.2819999999999696;12.0
04:44:14 04/09/2020;1.2719;1.2819999999999696;1.0;0.8136338242723383;1.2819999999999696;7.436111111111111;1.2819999999999696;7.436111111111111
12:10:24 04/09/2020;1.2865;1.286999999999969;1.0;0.8105553651663968;1.286999999999969;12.0;1.286999999999969;12.0
18:47:01 04/09/2020;1.2721;1.286999999999969;1.0;0.8105553651663968;1.286999999999969;12.0;1.286999999999969;12.0
01:49:12 05/09/2020;1.2616;1.2729999999999706;1.0;0.8191458966509136;1.2729999999999706;12.0;1.2729999999999706;12.0
08:58:56 05/09/2020;1.259;1.2619999999999718;1.0;0.8258329128825201;1.2619999999999718;4.913611111111111;1.2674999999999712;10.25
13:53:45 05/09/2020;1.2721;1.2729999999999706;1.0;0.8191458966509136;1.2729999999999706;5.336388888888889;1.2749999999999704;12.0
19:13:56 05/09/2020;1.2767;1.2769999999999702;1.0;0.816700679563835;1.2769999999999702;12.0;1.2769999999999702;12.0
07:27:18 06/09/2020;1.2871;1.287999999999969;1.0;0.8099382692526826;1.287999999999969;12.0;1.287999999999969;12.0
13:38:56 06/09/2020;1.2811;1.287999999999969;1.0;0.8099382692526826;1.287999999999969;12.0;1.287999999999969;12.0
18:33:24 06/09/2020;1.2776;1.287999999999969;1.0;0.8099382692526826;1.287999999999969;12.0;1.287999999999969;12.0
00:19:20 07/09/2020;1.2717;1.2819999999999696;1.0;0.8136338242723383;1.2819999999999696;12.0;1.2799999999999698;12.0
04:52:52 07/09/2020;1.2717;1.27799999999997;1.0;0.8160882305241449;1.27799999999997;12.0;1.2759999999999703;12.0
05:05:48 07/09/2020;1.2671;1.27799999999997;1.0;0.8160882305241449;1.27799999999997;12.0;1.2749999999999704;12.0
10:17:58 07/09/2020;1.2674;1.2719999999999707;1.0;0.8197560612767857;1.2719999999999707;12.0;1.2719999999999707;12.0
17:19:50 07/09/2020;1.2707;1.2709999999999708;1.0;0.8203657720797651;1.2709999999999708;12.0;1.2709999999999708;12.0
22:31:30 07/09/2020;1.2685;1.2709999999999708;1.0;0.8203657720797651;1.2709999999999708;12.0;1.2709999999999708;12.0
04:26:09 08/09/2020;1.2529;1.2709999999999708;1.0;0.8203657720797651;1.2709999999999708;12.0;1.2709999999999708;12.0
11:35:14 08/09/2020;1.2388;1.2529999999999728;1.0;0.8312640976248326;1.2529999999999728;12.0;1.2529999999999728;12.0
18:33:26 08/09/2020;1.2418;1.241999999999974;1.0;0.837854402626152;1.241999999999974;12.0;1.241999999999974;12.0
23:45:35 08/09/2020;1.2367;1.241999999999974;1.0;0.837854402626152;1.241999999999974;11.948333333333334;1.241999999999974;11.948333333333334
06:46:55 09/09/2020;1.241;1.241999999999974;1.0;0.837854402626152;1.241999999999974;4.926111111111111;1.2454999999999736;12.0
11:42:29 09/09/2020;1.2482;1.2489999999999732;1.0;0.8336666000266694;1.2489999999999732;12.0;1.2489999999999732;12.0
17:19:16 09/09/2020;1.2462;1.2489999999999732;1.0;0.8336666000266694;1.2489999999999732;7.033888888888889;1.2489999999999732;7.033888888888889
00:21:18 10/09/2020;1.2531;1.2539999999999727;1.0;0.8306623862918239;1.2539999999999727;6.871388888888889;1.2539999999999727;6.871388888888889
07:13:35 10/09/2020;1.2565;1.2569999999999724;1.0;0.8288546314041007;1.2569999999999724;11.923333333333334;1.2569999999999724;11.923333333333334
11:51:32 10/09/2020;1.2563;1.2569999999999724;1.0;0.8288546314041007;1.2569999999999724;7.2908333333333335;1.2569999999999724;7.2908333333333335
19:08:59 10/09/2020;1.2616;1.2619999999999718;1.0;0.8258329128825201;1.2619999999999718;5.048333333333333;1.2619999999999718;5.048333333333333
00:11:53 11/09/2020;1.2682;1.268999999999971;1.0;0.8215838362577668;1.268999999999971;5.898055555555556;1.2719999999999707;12.0
06:05:46 11/09/2020;1.2745;1.2749999999999704;1.0;0.8179242018671593;1.2749999999999704;6.314722222222223;1.2749999999999704;6.314722222222223
12:24:39 11/09/2020;1.2832;1.2839999999999694;1.0;0.8124038404636148;1.2839999999999694;5.910277777777778;1.2839999999999694;5.910277777777778
18:19:16 11/09/2020;1.2873;1.287999999999969;1.0;0.8099382692526826;1.287999999999969;11.646666666666667;1.287999999999969;11.646666666666667
00:04:26 12/09/2020;1.2874;1.287999999999969;1.0;0.8099382692526826;1.287999999999969;5.893888888888889;1.287999999999969;5.893888888888889
05:58:04 12/09/2020;1.2926;1.2929999999999684;1.0;0.8068457101577919;1.2929999999999684;5.483333333333333;1.2954999999999681;12.0
11:27:04 12/09/2020;1.2971;1.2979999999999678;1.0;0.8037412518964248;1.2979999999999678;7.440555555555555;1.2979999999999678;7.440555555555555
18:53:30 12/09/2020;1.3009;1.3009999999999675;1.0;0.8018728078691985;1.3009999999999675;5.8566666666666665;1.3009999999999675;5.8566666666666665
00:44:54 13/09/2020;1.3012;1.3019999999999674;1.0;0.8012490249604255;1.3019999999999674;12.0;1.3019999999999674;12.0
05:47:34 13/09/2020;1.3005;1.3019999999999674;1.0;0.8012490249604255;1.3019999999999674;12.0;1.3019999999999674;12.0
13:14:11 13/09/2020;1.2888;1.3009999999999675;1.0;0.8018728078691985;1.3009999999999675;12.0;1.3009999999999675;12.0
19:34:25 13/09/2020;1.2887;1.2889999999999688;1.0;0.8093207028119515;1.2889999999999688;7.438888888888889;1.2889999999999688;7.438888888888889
03:00:45 14/09/2020;1.293;1.2939999999999683;1.0;0.8062257748298746;1.2939999999999683;12.0;1.2939999999999683;12.0
07:56:20 14/09/2020;1.2881;1.2939999999999683;1.0;0.8062257748298746;1.2939999999999683;12.0;1.2939999999999683;12.0
13:07:09 14/09/2020;1.2891;1.2939999999999683;1.0;0.8062257748298746;1.2939999999999683;11.244722222222222;1.2939999999999683;11.244722222222222
00:21:50 15/09/2020;1.2946;1.2949999999999682;1.0;0.805605362444933;1.2949999999999682;6.891111111111111;1.2949999999999682;6.891111111111111
07:15:18 15/09/2020;1.3078;1.3079999999999667;1.0;0.7974960814950962;1.3079999999999667;7.441388888888889;1.3079999999999667;7.441388888888889
14:41:47 15/09/2020;1.3086;1.3089999999999666;1.0;0.7968688725254822;1.3089999999999666;7.0525;1.3089999999999666;7.0525
21:44:56 15/09/2020;1.3111;1.3119999999999663;1.0;0.7949842765740928;1.3119999999999663;5.023888888888889;1.3129999999999662;11.774444444444445
02:46:22 16/09/2020;1.3135;1.313999999999966;1.0;0.7937253933193985;1.313999999999966;6.750555555555556;1.313999999999966;6.750555555555556
09:31:24 16/09/2020;1.3205;1.3209999999999653;1.0;0.7893034904268665;1.3209999999999653;7.183888888888889;1.3209999999999653;7.183888888888889
16:42:26 16/09/2020;1.325;1.3259999999999648;1.0;0.7861297602813643;1.3259999999999648;12.0;1.3259999999999648;12.0
23:10:28 16/09/2020;1.3206;1.3259999999999648;1.0;0.7861297602813643;1.3259999999999648;12.0;1.3259999999999648;12.0
05:46:57 17/09/2020;1.3211;1.3219999999999652;1.0;0.7886697661252362;1.3219999999999652;5.494722222222222;1.3224999999999651;12.0
11:16:38 17/09/2020;1.3226;1.322999999999965;1.0;0.7880355321938439;1.322999999999965;11.810555555555556;1.322999999999965;11.810555555555556
17:19:00 17/09/2020;1.3205;1.322999999999965;1.0;0.7880355321938439;1.322999999999965;5.771111111111111;1.322999999999965;5.771111111111111
23:05:16 17/09/2020;1.3263;1.3269999999999647;1.0;0.7854934754662417;1.3269999999999647;5.903888888888889;1.332999999999964;12.0
04:59:30 18/09/2020;1.3386;1.3389999999999633;1.0;0.7778174593052258;1.3389999999999633;12.0;1.3389999999999633;12.0
11:02:15 18/09/2020;1.33;1.3389999999999633;1.0;0.7778174593052258;1.3389999999999633;12.0;1.3389999999999633;12.0
18:29:40 18/09/2020;1.3316;1.331999999999964;1.0;0.7823042886243408;1.331999999999964;6.897777777777778;1.331999999999964;6.897777777777778
01:23:32 19/09/2020;1.3401;1.340999999999963;1.0;0.7765307463327108;1.340999999999963;12.0;1.340999999999963;12.0
05:45:06 19/09/2020;1.3401;1.340999999999963;1.0;0.7765307463327108;1.340999999999963;12.0;1.340999999999963;12.0
07:43:39 19/09/2020;1.3383;1.340999999999963;1.0;0.7765307463327108;1.340999999999963;12.0;1.340999999999963;12.0
15:19:04 19/09/2020;1.3342;1.340999999999963;1.0;0.7765307463327108;1.340999999999963;12.0;1.340999999999963;12.0
21:56:31 19/09/2020;1.3328;1.3349999999999638;1.0;0.78038452060509;1.3349999999999638;12.0;1.3349999999999638;12.0
02:51:37 20/09/2020;1.3129;1.3349999999999638;1.0;0.78038452060509;1.3349999999999638;12.0;1.3349999999999638;12.0
09:30:59 20/09/2020;1.2884;1.332999999999964;1.0;0.7816648898345352;1.332999999999964;12.0;1.322999999999965;12.0
14:25:52 20/09/2020;1.2937;1.3129999999999662;1.0;0.7943550843294412;1.3129999999999662;12.0;1.3129999999999662;12.0
20:45:43 20/09/2020;1.2936;1.2939999999999683;1.0;0.8062257748298746;1.2939999999999683;4.775555555555556;1.2944999999999682;12.0
01:32:15 21/09/2020;1.2944;1.2949999999999682;1.0;0.805605362444933;1.2949999999999682;7.468055555555556;1.2949999999999682;7.468055555555556
09:00:20 21/09/2020;1.2995;1.2999999999999676;1.0;0.8024961059095753;1.2999999999999676;12.0;1.2999999999999676;12.0
15:11:29 21/09/2020;1.2967;1.2999999999999676;1.0;0.8024961059095753;1.2999999999999676;6.3341666666666665;1.2999999999999676;6.3341666666666665
21:31:32 21/09/2020;1.3024;1.3029999999999673;1.0;0.8006247560499442;1.3029999999999673;6.473333333333334;1.3029999999999673;6.473333333333334
03:59:56 22/09/2020;1.3106;1.3109999999999664;1.0;0.7956129712366645;1.3109999999999664;6.89;1.3109999999999664;6.89
10:53:20 22/09/2020;1.3205;1.3209999999999653;1.0;0.7893034904268665;1.3209999999999653;6.621666666666667;1.3209999999999653;6.621666666666667
17:30:38 22/09/2020;1.3285;1.3289999999999644;1.0;0.7842193570679288;1.3289999999999644;6.474166666666667;1.3289999999999644;6.474166666666667
23:59:05 22/09/2020;1.3301;1.3309999999999642;1.0;0.7829431652425581;1.3309999999999642;6.600555555555555;1.3309999999999642;6.600555555555555
06:35:07 23/09/2020;1.3372;1.3379999999999634;1.0;0.778460018241166;1.3379999999999634;5.629444444444444;1.3379999999999634;5.629444444444444
12:12:53 23/09/2020;1.3403;1.340999999999963;1.0;0.7765307463327108;1.340999999999963;4.927222222222222;1.341999999999963;12.0
17:08:31 23/09/2020;1.342;1.342999999999963;1.0;0.7752418977325961;1.342999999999963;7.448333333333333;1.342999999999963;7.448333333333333
00:35:25 24/09/2020;1.3569;1.3569999999999613;1.0;0.7661592523751434;1.3569999999999613;6.758055555555556;1.3569999999999613;6.758055555555556
07:20:54 24/09/2020;1.3702;1.3709999999999598;1.0;0.756967634711049;1.3709999999999598;7.165;1.3709999999999598;7.165
14:30:48 24/09/2020;1.3712;1.3719999999999597;1.0;0.7563068160475881;1.3719999999999597;6.620555555555556;1.3719999999999597;6.620555555555556
21:08:02 24/09/2020;1.3722;1.3729999999999596;1.0;0.7556454194925292;1.3729999999999596;9.852222222222222;1.3729999999999596;9.852222222222222
02:20:21 25/09/2020;1.3718;1.3729999999999596;1.0;0.7556454194925292;1.3729999999999596;4.646944444444444;1.3734999999999595;12.0
06:59:10 25/09/2020;1.3738;1.3739999999999595;1.0;0.7549834435271018;1.3739999999999595;12.0;1.3739999999999595;12.0
12:18:59 25/09/2020;1.3708;1.3739999999999595;1.0;0.7549834435271018;1.3739999999999595;12.0;1.3739999999999595;12.0
19:20:51 25/09/2020;1.3631;1.3709999999999598;1.0;0.756967634711049;1.3709999999999598;12.0;1.3709999999999598;12.0
02:31:55 26/09/2020;1.3582;1.3639999999999606;1.0;0.7615773105864166;1.3639999999999606;12.0;1.3639999999999606;12.0
08:59:56 26/09/2020;1.3465;1.3589999999999611;1.0;0.7648529270389431;1.3589999999999611;12.0;1.3529999999999618;12.0
14:38:18 26/09/2020;1.335;1.3469999999999624;1.0;0.7726577508832986;1.3469999999999624;12.0;1.3469999999999624;12.0
21:40:23 26/09/2020;1.3097;1.3359999999999637;1.0;0.7797435475847404;1.3359999999999637;12.0;1.3359999999999637;12.0
03:50:26 27/09/2020;1.2979;1.3099999999999665;1.0;0.7962411694957963;1.3099999999999665;12.0;1.3099999999999665;12.0
09:28:51 27/09/2020;1.2888;1.3099999999999665;1.0;0.7962411694957963;1.3099999999999665;12.0;1.3099999999999665;12.0
16:38:34 27/09/2020;1.2661;1.2889999999999688;1.0;0.8093207028119515;1.2889999999999688;12.0;1.2889999999999688;12.0
21:26:18 27/09/2020;1.2556;1.2889999999999688;1.0;0.8093207028119515;1.2889999999999688;12.0;1.2889999999999688;12.0
03:12:23 28/09/2020;1.25;1.2669999999999713;1.0;0.822800097228986;1.2669999999999713;12.0;1.2669999999999713;12.0
08:40:51 28/09/2020;1.2319;1.2559999999999725;1.0;0.8294576541331254;1.2559999999999725;12.0;1.2534999999999727;12.0
14:01:47 28/09/2020;1.221;1.250999999999973;1.0;0.8324662155307126;1.250999999999973;12.0;1.250999999999973;12.0
21:20:31 28/09/2020;1.217;1.2219999999999762;1.0;0.8497058314499341;1.2219999999999762;12.0;1.2219999999999762;12.0
04:22:05 29/09/2020;1.2119;1.2179999999999767;1.0;0.8520563361656454;1.2179999999999767;12.0;1.2179999999999767;12.0
10:33:32 29/09/2020;1.1979;1.2119999999999773;1.0;0.8555699854483108;1.2119999999999773;12.0;1.2119999999999773;12.0
15:28:58 29/09/2020;1.2001;1.2119999999999773;1.0;0.8555699854483108;1.2119999999999773;12.0;1.2119999999999773;12.0
21:32:03 29/09/2020;1.2019;1.2019999999999784;1.0;0.8613942186943336;1.2019999999999784;12.0;1.2019999999999784;12.0
04:59:15 30/09/2020;1.1951;1.2019999999999784;1.0;0.8613942186943336;1.2019999999999784;12.0;1.2019999999999784;12.0
12:10:03 30/09/2020;1.19;1.195999999999979;1.0;0.8648699324175982;;;;
18:20:51 30/09/2020;1.1828;1.1909999999999796;1.0;0.8677557259966772;;;;
