18:37:40 31/03/2020;0.2671;;;;;;;
00:29:53 01/04/2020;0.2693;;;;;;;
07:38:12 01/04/2020;0.2695;0.2700000000000002;1.0;0.4024922359499619;0.2700000000000002;12.0;0.2700000000000002;12.0
13:37:49 01/04/2020;0.2696;0.2700000000000002;1.0;0.4024922359499619;0.2700000000000002;6.009722222222222;0.2700000000000002;6.009722222222222
19:38:24 01/04/2020;0.2714;0.2720000000000002;1.0;0.39999999999999974;0.2720000000000002;5.317222222222222;0.2725000000000002;12.0
00:57:26 02/04/2020;0.2728;0.2730000000000002;1.0;0.3987480407475375;0.2730000000000002;12.0;0.2730000000000002;12.0
08:13:05 02/04/2020;0.272;0.2730000000000002;1.0;0.3987480407475375;0.2730000000000002;12.0;0.2730000000000002;12.0
14:38:51 02/04/2020;0.2715;0.2720000000000002;1.0;0.39999999999999974;0.2720000000000002;5.450833333333334;0.2725000000000002;12.0
20:05:54 02/04/2020;0.2726;0.2730000000000002;1.0;0.3987480407475375;0.2730000000000002;12.0;0.2730000000000002;12.0
03:29:54 03/04/2020;0.2681;0.2730000000000002;1.0;0.3987480407475375;0.2730000000000002;12.0;0.2730000000000002;12.0
09:55:56 03/04/2020;0.2665;0.2690000000000002;1.0;0.40373258476372675;0.2690000000000002;12.0;0.2690000000000002;12.0
14:32:25 03/04/2020;0.2633;0.2690000000000002;1.0;0.40373258476372675;0.2690000000000002;12.0;0.2680000000000002;12.0
19:26:04 03/04/2020;0.264;0.2670000000000002;1.0;0.4062019202317978;0.2670000000000002;12.0;0.2670000000000002;12.0
02:50:28 04/04/2020;0.2605;0.2640000000000002;1.0;0.4098780306383837;0.2640000000000002;12.0;0.2640000000000002;12.0
09:57:53 04/04/2020;0.2546;0.2610000000000002;1.0;0.41352146256270644;0.2610000000000002;12.0;0.2610000000000002;12.0
16:15:37 04/04/2020;0.2532;0.25500000000000017;1.0;0.42071367935925236;0.25500000000000017;12.0;0.25500000000000017;12.0
21:09:16 04/04/2020;0.2526;0.25500000000000017;1.0;0.42071367935925236;0.25500000000000017;12.0;0.25500000000000017;12.0
02:10:27 05/04/2020;0.254;0.25400000000000017;1.0;0.4219004621945795;0.25400000000000017;5.743611111111111;0.25400000000000017;5.743611111111111
07:55:04 05/04/2020;0.255;0.25500000000000017;1.0;0.42071367935925236;0.25500000000000017;12.0;0.25500000000000017;12.0
12:39:28 05/04/2020;0.2547;0.25500000000000017;1.0;0.42071367935925236;0.25500000000000017;12.0;0.25500000000000017;12.0
18:31:12 05/04/2020;0.2549;0.25500000000000017;1.0;0.42071367935925236;0.25500000000000017;12.0;0.25500000000000017;12.0
23:25:01 05/04/2020;0.2537;0.25500000000000017;1.0;0.42071367935925236;0.25500000000000017;12.0;0.25500000000000017;12.0
04:09:49 06/04/2020;0.2508;0.25500000000000017;1.0;0.42071367935925236;0.25500000000000017;12.0;0.25500000000000017;12.0
10:52:17 06/04/2020;0.2515;0.25400000000000017;1.0;0.4219004621945795;0.25400000000000017;12.0;0.25400000000000017;12.0
16:19:10 06/04/2020;0.2526;0.25300000000000017;1.0;0.4230839160261234;0.25300000000000017;5.318888888888889;0.25350000000000017;12.0
20:44:26 06/04/2020;0.2526;0.25300000000000017;1.0;0.4230839160261234;0.25300000000000017;0.8977777777777778;0.25350000000000017;12.0
21:38:18 06/04/2020;0.2539;0.25400000000000017;1.0;0.4219004621945795;0.25400000000000017;12.0;0.25400000000000017;12.0
04:12:34 07/04/2020;0.2523;0.25400000000000017;1.0;0.4219004621945795;0.25400000000000017;12.0;0.25400000000000017;12.0
08:48:53 07/04/2020;0.2511;0.25400000000000017;1.0;0.4219004621945795;0.25400000000000017;12.0;0.25400000000000017;12.0
15:39:49 07/04/2020;0.2505;0.25300000000000017;1.0;0.4230839160261234;0.25300000000000017;12.0;0.25300000000000017;12.0
20:43:50 07/04/2020;0.2509;0.25200000000000017;1.0;0.4242640687119283;0.25200000000000017;12.0;0.25150000000000017;12.0
01:29:16 08/04/2020;0.2481;0.25100000000000017;1.0;0.42544094772365276;0.25100000000000017;12.0;0.25100000000000017;12.0
07:47:13 08/04/2020;0.2475;0.25100000000000017;1.0;0.42544094772365276;0.25100000000000017;12.0;0.25100000000000017;12.0
14:04:33 08/04/2020;0.2476;0.2480000000000002;1.0;0.4289522117905441;0.2480000000000002;12.0;0.2480000000000002;12.0
20:29:52 08/04/2020;0.244;0.2480000000000002;1.0;0.4289522117905441;0.2480000000000002;12.0;0.2480000000000002;12.0
02:39:21 09/04/2020;0.2385;0.2440000000000002;1.0;0.43358966777357577;0.2440000000000002;12.0;0.2440000000000002;12.0
10:04:19 09/04/2020;0.2374;0.23900000000000018;1.0;0.4393176527297757;0.23900000000000018;12.0;0.23850000000000018;12.0
15:56:31 09/04/2020;0.2356;0.23800000000000018;1.0;0.4404543109109046;0.23800000000000018;12.0;0.23800000000000018;12.0
22:22:18 09/04/2020;0.2321;0.23600000000000018;1.0;0.4427188724235729;0.23600000000000018;12.0;0.23600000000000018;12.0
04:39:13 10/04/2020;0.2295;0.23300000000000018;1.0;0.44609416046390904;0.23300000000000018;12.0;0.23300000000000018;12.0
12:04:11 10/04/2020;0.2265;0.23000000000000018;1.0;0.4494441010848844;0.23000000000000018;12.0;0.23000000000000018;12.0
18:38:24 10/04/2020;0.2246;0.22700000000000017;1.0;0.45276925690687064;0.22700000000000017;12.0;0.22700000000000017;12.0
00:39:52 11/04/2020;0.2184;0.22500000000000017;1.0;0.45497252664309284;0.22500000000000017;12.0;0.22500000000000017;12.0
07:30:31 11/04/2020;0.2156;0.21900000000000017;1.0;0.46151923036857284;0.21900000000000017;12.0;0.21900000000000017;12.0
14:30:25 11/04/2020;0.209;0.21600000000000016;1.0;0.46475800154488983;0.21600000000000016;12.0;0.21600000000000016;12.0
21:21:23 11/04/2020;0.2078;0.20900000000000016;1.0;0.4722287581247036;0.20900000000000016;12.0;0.20900000000000016;12.0
01:57:38 12/04/2020;0.2056;0.20900000000000016;1.0;0.4722287581247036;0.20900000000000016;12.0;0.20900000000000016;12.0
09:05:52 12/04/2020;0.2044;0.20800000000000016;1.0;0.47328638264796913;0.20800000000000016;9.787777777777778;0.20750000000000016;9.787777777777778
13:50:20 12/04/2020;0.2067;0.20700000000000016;1.0;0.4743416490252567;0.20700000000000016;5.046666666666667;0.20700000000000016;5.046666666666667
18:53:08 12/04/2020;0.2083;0.20900000000000016;1.0;0.4722287581247036;0.20900000000000016;10.074722222222222;0.20900000000000016;10.074722222222222
23:46:57 12/04/2020;0.2085;0.20900000000000016;1.0;0.4722287581247036;0.20900000000000016;5.177777777777778;0.20900000000000016;5.177777777777778
04:57:37 13/04/2020;0.21;0.21000000000000016;1.0;0.4711687595755897;0.21000000000000016;5.443611111111111;0.21050000000000016;12.0
10:24:14 13/04/2020;0.211;0.21100000000000016;1.0;0.47010637094172614;0.21100000000000016;12.0;0.21100000000000016;12.0
16:41:39 13/04/2020;0.2105;0.21100000000000016;1.0;0.47010637094172614;0.21100000000000016;12.0;0.21100000000000016;12.0
22:50:40 13/04/2020;0.2084;0.21100000000000016;1.0;0.47010637094172614;0.21100000000000016;12.0;0.21100000000000016;12.0
05:41:51 14/04/2020;0.2088;0.20900000000000016;1.0;0.4722287581247036;0.20900000000000016;12.0;0.20900000000000016;12.0
11:33:43 14/04/2020;0.2077;0.20900000000000016;1.0;0.4722287581247036;0.20900000000000016;12.0;0.20900000000000016;12.0
16:44:18 14/04/2020;0.2063;0.20900000000000016;1.0;0.4722287581247036;0.20900000000000016;12.0;0.20850000000000016;12.0
21:21:23 14/04/2020;0.2062;0.20800000000000016;1.0;0.47328638264796913;0.20800000000000016;12.0;0.20800000000000016;12.0
04:53:41 15/04/2020;0.2032;0.20700000000000016;1.0;0.4743416490252567;0.20700000000000016;12.0;0.20700000000000016;12.0
11:36:41 15/04/2020;0.2007;0.20400000000000015;1.0;0.4774934554525327;0.20400000000000015;12.0;0.20400000000000015;12.0
16:46:39 15/04/2020;0.1993;0.20400000000000015;1.0;0.4774934554525327;0.20400000000000015;12.0;0.20400000000000015;12.0
23:55:00 15/04/2020;0.1988;0.20000000000000015;1.0;0.48166378315169167;0.20000000000000015;6.2875;0.20000000000000015;6.2875
06:12:15 16/04/2020;0.2018;0.20200000000000015;1.0;0.4795831523312718;0.20200000000000015;7.4075;0.20200000000000015;7.4075
13:36:42 16/04/2020;0.2031;0.20400000000000015;1.0;0.4774934554525327;0.20400000000000015;4.653888888888889;0.20500000000000015;11.761388888888888
18:15:56 16/04/2020;0.2052;0.20600000000000016;1.0;0.47539457296018833;0.20600000000000016;7.1075;0.20600000000000016;7.1075
01:22:23 17/04/2020;0.207;0.20700000000000016;1.0;0.4743416490252567;0.20700000000000016;12.0;0.20700000000000016;12.0
06:18:42 17/04/2020;0.2019;0.20700000000000016;1.0;0.4743416490252567;0.20700000000000016;12.0;0.20700000000000016;12.0
11:03:23 17/04/2020;0.2008;0.20700000000000016;1.0;0.4743416490252567;0.20700000000000016;12.0;0.20450000000000015;12.0
16:14:09 17/04/2020;0.2014;0.20200000000000015;1.0;0.4795831523312718;0.20200000000000015;7.550277777777778;0.20200000000000015;7.550277777777778
23:47:10 17/04/2020;0.2059;0.20600000000000016;1.0;0.47539457296018833;0.20600000000000016;6.291944444444445;0.20600000000000016;6.291944444444445
06:04:41 18/04/2020;0.2093;0.21000000000000016;1.0;0.4711687595755897;0.21000000000000016;12.0;0.21000000000000016;12.0
12:04:53 18/04/2020;0.2088;0.21000000000000016;1.0;0.4711687595755897;0.21000000000000016;12.0;0.21000000000000016;12.0
18:47:53 18/04/2020;0.2066;0.20900000000000016;1.0;0.4722287581247036;0.20900000000000016;12.0;0.20900000000000016;12.0
01:13:58 19/04/2020;0.2049;0.20700000000000016;1.0;0.4743416490252567;0.20700000000000016;12.0;0.20700000000000016;12.0
06:49:42 19/04/2020;0.2034;0.20500000000000015;1.0;0.4764451699828637;0.20500000000000015;12.0;0.20500000000000015;12.0
11:59:45 19/04/2020;0.2037;0.20500000000000015;1.0;0.4764451699828637;0.20500000000000015;12.0;0.20500000000000015;12.0
19:08:33 19/04/2020;0.2009;0.20400000000000015;1.0;0.4774934554525327;0.20400000000000015;12.0;0.20400000000000015;12.0
02:24:18 20/04/2020;0.1986;0.20100000000000015;1.0;0.4806245936279165;0.20100000000000015;12.0;0.20100000000000015;12.0
08:07:39 20/04/2020;0.1998;0.20000000000000015;1.0;0.48166378315169167;0.20000000000000015;12.0;0.20000000000000015;12.0
13:09:08 20/04/2020;0.1993;0.20000000000000015;1.0;0.48166378315169167;0.20000000000000015;12.0;0.20000000000000015;12.0
18:19:59 20/04/2020;0.1976;0.20000000000000015;1.0;0.48166378315169167;0.20000000000000015;11.304166666666667;0.20000000000000015;11.304166666666667
23:37:08 20/04/2020;0.1997;0.20000000000000015;1.0;0.48166378315169167;0.20000000000000015;6.0183333333333335;0.20000000000000015;6.0183333333333335
05:38:14 21/04/2020;0.2037;0.20400000000000015;1.0;0.4774934554525327;0.20400000000000015;4.608333333333333;0.20500000000000015;12.0
10:14:44 21/04/2020;0.2052;0.20600000000000016;1.0;0.47539457296018833;0.20600000000000016;12.0;0.20600000000000016;12.0
15:50:19 21/04/2020;0.2031;0.20600000000000016;1.0;0.47539457296018833;0.20600000000000016;12.0;0.20600000000000016;12.0
21:51:11 21/04/2020;0.2054;0.20600000000000016;1.0;0.47539457296018833;0.20600000000000016;12.0;0.20600000000000016;12.0
04:08:37 22/04/2020;0.204;0.20600000000000016;1.0;0.47539457296018833;0.20600000000000016;6.151111111111111;0.20600000000000016;6.151111111111111
10:17:41 22/04/2020;0.2093;0.21000000000000016;1.0;0.4711687595755897;0.21000000000000016;5.727222222222222;0.21000000000000016;5.727222222222222
16:01:19 22/04/2020;0.2105;0.21100000000000016;1.0;0.47010637094172614;0.21100000000000016;5.165555555555556;0.21200000000000016;12.0
21:11:15 22/04/2020;0.2128;0.21300000000000016;1.0;0.4679743582719034;0.21300000000000016;12.0;0.21300000000000016;12.0
03:53:45 23/04/2020;0.2102;0.21300000000000016;1.0;0.4679743582719034;0.21300000000000016;6.848333333333334;0.21300000000000016;6.848333333333334
10:44:39 23/04/2020;0.216;0.21600000000000016;1.0;0.46475800154488983;0.21600000000000016;6.569444444444445;0.21600000000000016;6.569444444444445
17:18:49 23/04/2020;0.2176;0.21800000000000017;1.0;0.46260134024881494;0.21800000000000017;12.0;0.21800000000000017;12.0
22:54:21 23/04/2020;0.2172;0.21800000000000017;1.0;0.46260134024881494;0.21800000000000017;6.703611111111111;0.21800000000000017;6.703611111111111
05:36:34 24/04/2020;0.2195;0.22000000000000017;1.0;0.46043457732885334;0.22000000000000017;4.751666666666667;0.22000000000000017;4.751666666666667
10:21:40 24/04/2020;0.2215;0.22200000000000017;1.0;0.4582575694955838;0.22200000000000017;12.0;0.22200000000000017;12.0
15:06:31 24/04/2020;0.2217;0.22200000000000017;1.0;0.4582575694955838;0.22200000000000017;12.0;0.22200000000000017;12.0
21:40:32 24/04/2020;0.2185;0.22200000000000017;1.0;0.4582575694955838;0.22200000000000017;12.0;0.22200000000000017;12.0
02:51:05 25/04/2020;0.2186;0.22200000000000017;1.0;0.4582575694955838;0.22200000000000017;12.0;0.22050000000000017;12.0
04:14:04 25/04/2020;0.2186;0.21900000000000017;1.0;0.46151923036857284;0.21900000000000017;12.0;0.21900000000000017;12.0
09:33:23 25/04/2020;0.21;0.21900000000000017;1.0;0.46151923036857284;0.21900000000000017;12.0;0.21900000000000017;12.0
16:16:05 25/04/2020;0.2076;0.21000000000000016;1.0;0.4711687595755897;0.21000000000000016;12.0;0.21000000000000016;12.0
23:23:24 25/04/2020;0.2069;0.20800000000000016;1.0;0.47328638264796913;0.20800000000000016;12.0;0.20800000000000016;12.0
04:00:37 26/04/2020;0.2044;0.20800000000000016;1.0;0.47328638264796913;0.20800000000000016;12.0;0.20800000000000016;12.0
10:17:53 26/04/2020;0.2007;0.20700000000000016;1.0;0.4743416490252567;0.20700000000000016;12.0;0.20600000000000016;12.0
15:10:45 26/04/2020;0.2006;0.20500000000000015;1.0;0.4764451699828637;0.20500000000000015;12.0;0.20300000000000015;12.0
20:29:46 26/04/2020;0.1988;0.20100000000000015;1.0;0.4806245936279165;0.20100000000000015;12.0;0.20100000000000015;12.0
03:45:47 27/04/2020;0.1947;0.19900000000000015;1.0;0.48270073544588665;0.19900000000000015;12.0;0.19900000000000015;12.0
09:38:57 27/04/2020;0.1941;0.19500000000000015;1.0;0.48682645778552325;0.19500000000000015;12.0;0.19500000000000015;12.0
14:32:14 27/04/2020;0.1937;0.19500000000000015;1.0;0.48682645778552325;0.19500000000000015;12.0;0.19500000000000015;12.0
19:33:46 27/04/2020;0.1931;0.19500000000000015;1.0;0.48682645778552325;0.19500000000000015;12.0;0.19500000000000015;12.0
02:50:21 28/04/2020;0.1925;0.19400000000000014;1.0;0.4878524367060186;0.19400000000000014;12.0;0.19400000000000014;12.0
09:49:32 28/04/2020;0.1917;0.19300000000000014;1.0;0.48887626246321253;0.19300000000000014;7.539444444444444;0.19300000000000014;7.539444444444444
17:21:54 28/04/2020;0.1953;0.19600000000000015;1.0;0.48579831205964463;0.19600000000000015;12.0;0.19600000000000015;12.0
00:21:31 29/04/2020;0.1948;0.19600000000000015;1.0;0.48579831205964463;0.19600000000000015;12.0;0.19600000000000015;12.0
05:15:09 29/04/2020;0.1933;0.19600000000000015;1.0;0.48579831205964463;0.19600000000000015;12.0;0.19600000000000015;12.0
12:48:27 29/04/2020;0.1916;0.19400000000000014;1.0;0.4878524367060186;0.19400000000000014;12.0;0.19400000000000014;12.0
18:15:26 29/04/2020;0.1882;0.19200000000000014;1.0;0.4898979485566355;0.19200000000000014;12.0;0.19200000000000014;12.0
23:01:20 29/04/2020;0.188;0.19200000000000014;1.0;0.4898979485566355;0.19200000000000014;12.0;0.19200000000000014;12.0
05:43:38 30/04/2020;0.1822;0.18900000000000014;1.0;0.4929503017546494;0.18900000000000014;12.0;0.18850000000000014;12.0
10:37:38 30/04/2020;0.181;0.18800000000000014;1.0;0.4939635614091386;0.18800000000000014;12.0;0.18800000000000014;12.0
17:59:59 30/04/2020;0.1806;0.18100000000000013;1.0;0.5009990019950138;0.18100000000000013;12.0;0.18100000000000013;12.0
22:36:18 30/04/2020;0.1799;0.18100000000000013;1.0;0.5009990019950138;0.18100000000000013;12.0;0.18100000000000013;12.0
23:02:33 30/04/2020;0.1799;0.18100000000000013;1.0;0.5009990019950138;0.18100000000000013;12.0;0.18100000000000013;12.0
23:02:33 30/04/2020;0.1799;0.18100000000000013;1.0;0.5009990019950138;0.18100000000000013;12.0;0.18100000000000013;12.0
04:20:02 01/05/2020;0.1787;0.18100000000000013;1.0;0.5009990019950138;0.18100000000000013;12.0;0.18100000000000013;12.0
11:02:53 01/05/2020;0.1768;0.17900000000000013;1.0;0.5029910535983716;0.17900000000000013;12.0;0.17900000000000013;12.0
15:47:52 01/05/2020;0.1764;0.17900000000000013;1.0;0.5029910535983716;0.17900000000000013;12.0;0.17900000000000013;12.0
20:48:25 01/05/2020;0.1755;0.17700000000000013;1.0;0.5049752469181038;0.17700000000000013;11.990833333333333;0.17700000000000013;11.990833333333333
02:22:44 02/05/2020;0.1765;0.17700000000000013;1.0;0.5049752469181038;0.17700000000000013;6.418888888888889;0.17700000000000013;6.418888888888889
08:47:52 02/05/2020;0.1774;0.17800000000000013;1.0;0.503984126734166;0.17800000000000013;7.1369444444444445;0.17800000000000013;7.1369444444444445
15:56:05 02/05/2020;0.1791;0.18000000000000013;1.0;0.5019960159204452;0.18000000000000013;10.494722222222222;0.18000000000000013;10.494722222222222
20:57:41 02/05/2020;0.1799;0.18000000000000013;1.0;0.5019960159204452;0.18000000000000013;5.468055555555556;0.18050000000000013;12.0
02:25:46 03/05/2020;0.1805;0.18100000000000013;1.0;0.5009990019950138;0.18100000000000013;12.0;0.18100000000000013;12.0
09:07:41 03/05/2020;0.1808;0.18100000000000013;1.0;0.5009990019950138;0.18100000000000013;5.314722222222223;0.18100000000000013;5.314722222222223
14:26:34 03/05/2020;0.1814;0.18200000000000013;1.0;0.4999999999999999;0.18200000000000013;5.872222222222222;0.18200000000000013;5.872222222222222
20:18:54 03/05/2020;0.1853;0.18600000000000014;1.0;0.49598387070548966;0.18600000000000014;4.884166666666666;0.18800000000000014;12.0
01:11:57 04/05/2020;0.1891;0.19000000000000014;1.0;0.4919349550499536;0.19000000000000014;7.408611111111111;0.19000000000000014;7.408611111111111
08:36:28 04/05/2020;0.1944;0.19500000000000015;1.0;0.48682645778552325;0.19500000000000015;5.874722222222222;0.19500000000000015;5.874722222222222
14:28:57 04/05/2020;0.1965;0.19700000000000015;1.0;0.48476798574163277;0.19700000000000015;5.3213888888888885;0.19900000000000015;12.0
19:48:14 04/05/2020;0.2005;0.20100000000000015;1.0;0.4806245936279165;0.20100000000000015;12.0;0.20100000000000015;12.0
02:39:58 05/05/2020;0.1921;0.20100000000000015;1.0;0.4806245936279165;0.20100000000000015;12.0;0.20100000000000015;12.0
08:07:55 05/05/2020;0.1879;0.19300000000000014;1.0;0.48887626246321253;0.19300000000000014;12.0;0.19300000000000014;12.0
13:25:49 05/05/2020;0.1872;0.19300000000000014;1.0;0.48887626246321253;0.19300000000000014;12.0;0.19100000000000014;12.0
18:44:28 05/05/2020;0.189;0.18900000000000014;1.0;0.4929503017546494;0.18900000000000014;7.54;0.18900000000000014;7.54
02:16:52 06/05/2020;0.1952;0.19600000000000015;1.0;0.48579831205964463;0.19600000000000015;12.0;0.19600000000000015;12.0
08:26:14 06/05/2020;0.1876;0.19600000000000015;1.0;0.48579831205964463;0.19600000000000015;12.0;0.19600000000000015;12.0
15:33:53 06/05/2020;0.1924;0.19300000000000014;1.0;0.48887626246321253;0.19300000000000014;5.453055555555555;0.19700000000000015;12.0
21:01:04 06/05/2020;0.2001;0.20100000000000015;1.0;0.4806245936279165;0.20100000000000015;12.0;0.20100000000000015;12.0
03:01:50 07/05/2020;0.1937;0.20100000000000015;1.0;0.4806245936279165;0.20100000000000015;12.0;0.20100000000000015;12.0
10:34:23 07/05/2020;0.1935;0.19400000000000014;1.0;0.4878524367060186;0.19400000000000014;10.757777777777777;0.19400000000000014;10.757777777777777
16:43:09 07/05/2020;0.1878;0.19400000000000014;1.0;0.4878524367060186;0.19400000000000014;4.611666666666666;0.19500000000000015;12.0
21:19:51 07/05/2020;0.1954;0.19600000000000015;1.0;0.48579831205964463;0.19600000000000015;12.0;0.19600000000000015;12.0
02:39:14 08/05/2020;0.1867;0.19600000000000015;1.0;0.48579831205964463;0.19600000000000015;12.0;0.19600000000000015;12.0
10:11:18 08/05/2020;0.1928;0.19300000000000014;1.0;0.48887626246321253;0.19300000000000014;12.0;0.19300000000000014;12.0
15:04:59 08/05/2020;0.1868;0.19300000000000014;1.0;0.48887626246321253;0.19300000000000014;12.0;0.19300000000000014;12.0
21:47:22 08/05/2020;0.1927;0.19300000000000014;1.0;0.48887626246321253;0.19300000000000014;12.0;0.19300000000000014;12.0
03:56:35 09/05/2020;0.191;0.19300000000000014;1.0;0.48887626246321253;0.19300000000000014;12.0;0.19300000000000014;12.0
08:58:45 09/05/2020;0.1887;0.19300000000000014;1.0;0.48887626246321253;0.19300000000000014;12.0;0.19300000000000014;12.0
20:42:21 09/05/2020;0.1799;0.18900000000000014;1.0;0.4929503017546494;0.18900000000000014;12.0;0.18900000000000014;12.0
03:33:31 10/05/2020;0.1829;0.18300000000000013;1.0;0.4989989979949858;0.18300000000000013;12.0;0.18300000000000013;12.0
09:33:35 10/05/2020;0.1795;0.18300000000000013;1.0;0.4989989979949858;0.18300000000000013;12.0;0.18300000000000013;12.0
14:52:02 10/05/2020;0.1796;0.18300000000000013;1.0;0.4989989979949858;0.18300000000000013;12.0;0.18300000000000013;12.0
21:18:56 10/05/2020;0.1798;0.18000000000000013;1.0;0.5019960159204452;0.18000000000000013;10.336666666666666;0.18000000000000013;10.336666666666666
02:37:30 11/05/2020;0.18;0.18000000000000013;1.0;0.5019960159204452;0.18000000000000013;5.027222222222222;0.18000000000000013;5.027222222222222
07:39:08 11/05/2020;0.1821;0.18300000000000013;1.0;0.4989989979949858;0.18300000000000013;12.0;0.18300000000000013;12.0
12:24:15 11/05/2020;0.1823;0.18300000000000013;1.0;0.4989989979949858;0.18300000000000013;12.0;0.18300000000000013;12.0
17:17:18 11/05/2020;0.1828;0.18300000000000013;1.0;0.4989989979949858;0.18300000000000013;12.0;0.18300000000000013;12.0
23:26:28 11/05/2020;0.1813;0.18300000000000013;1.0;0.4989989979949858;0.18300000000000013;10.90638888888889;0.18300000000000013;10.90638888888889
04:02:53 12/05/2020;0.1821;0.18300000000000013;1.0;0.4989989979949858;0.18300000000000013;6.299444444444444;0.18300000000000013;6.299444444444444
10:20:51 12/05/2020;0.1842;0.18500000000000014;1.0;0.4969909455915669;0.18500000000000014;12.0;0.18500000000000014;12.0
15:22:07 12/05/2020;0.1848;0.18500000000000014;1.0;0.4969909455915669;0.18500000000000014;12.0;0.18500000000000014;12.0
22:24:14 12/05/2020;0.1844;0.18500000000000014;1.0;0.4969909455915669;0.18500000000000014;12.0;0.18500000000000014;12.0
03:26:42 13/05/2020;0.1811;0.18500000000000014;1.0;0.4969909455915669;0.18500000000000014;12.0;0.18500000000000014;12.0
09:35:43 13/05/2020;0.1812;0.18500000000000014;1.0;0.4969909455915669;0.18500000000000014;12.0;0.18500000000000014;12.0
16:25:44 13/05/2020;0.1825;0.18300000000000013;1.0;0.4989989979949858;0.18300000000000013;5.601111111111111;0.18500000000000014;12.0
22:01:48 13/05/2020;0.187;0.18700000000000014;1.0;0.4949747468305831;0.18700000000000014;6.847222222222222;0.18700000000000014;6.847222222222222
04:52:38 14/05/2020;0.192;0.19200000000000014;1.0;0.4898979485566355;0.19200000000000014;7.417222222222223;0.19200000000000014;7.417222222222223
12:17:40 14/05/2020;0.1976;0.19800000000000015;1.0;0.4837354648979128;0.19800000000000015;6.707777777777777;0.19800000000000015;6.707777777777777
19:00:08 14/05/2020;0.2016;0.20200000000000015;1.0;0.4795831523312718;0.20200000000000015;6.150555555555556;0.20200000000000015;6.150555555555556
01:09:10 15/05/2020;0.2058;0.20600000000000016;1.0;0.47539457296018833;0.20600000000000016;6.4286111111111115;0.20600000000000016;6.4286111111111115
07:34:53 15/05/2020;0.2087;0.20900000000000016;1.0;0.4722287581247036;0.20900000000000016;7.260555555555555;0.20900000000000016;7.260555555555555
14:50:31 15/05/2020;0.213;0.21300000000000016;1.0;0.4679743582719034;0.21300000000000016;6.995;0.21300000000000016;6.995
21:50:13 15/05/2020;0.2163;0.21700000000000016;1.0;0.463680924774785;0.21700000000000016;5.740833333333334;0.21700000000000016;5.740833333333334
03:34:40 16/05/2020;0.2187;0.21900000000000017;1.0;0.46151923036857284;0.21900000000000017;5.183055555555556;0.21900000000000017;5.183055555555556
08:45:39 16/05/2020;0.22;0.22000000000000017;1.0;0.46043457732885334;0.22000000000000017;5.3025;0.22000000000000017;5.3025
14:03:48 16/05/2020;0.2217;0.22200000000000017;1.0;0.4582575694955838;0.22200000000000017;5.035277777777778;0.22300000000000017;12.0
19:05:55 16/05/2020;0.2232;0.22400000000000017;1.0;0.456070170039655;0.22400000000000017;12.0;0.22400000000000017;12.0
02:22:32 17/05/2020;0.2237;0.22400000000000017;1.0;0.456070170039655;0.22400000000000017;7.404444444444445;0.22400000000000017;7.404444444444445
09:46:48 17/05/2020;0.2246;0.22500000000000017;1.0;0.45497252664309284;0.22500000000000017;5.453611111111111;0.22500000000000017;5.453611111111111
15:14:01 17/05/2020;0.226;0.22600000000000017;1.0;0.4538722287164085;0.22600000000000017;6.303888888888889;0.22600000000000017;6.303888888888889
20:17:37 17/05/2020;0.226;0.22600000000000017;1.0;0.4538722287164085;0.22600000000000017;1.2438888888888888;0.22700000000000017;7.665277777777778
21:32:15 17/05/2020;0.2279;0.22800000000000017;1.0;0.4516635916254484;0.22800000000000017;6.421388888888889;0.22800000000000017;6.421388888888889
03:57:32 18/05/2020;0.2288;0.22900000000000018;1.0;0.4505552130427522;0.22900000000000018;6.973611111111111;0.22900000000000018;6.973611111111111
10:55:57 18/05/2020;0.2299;0.23000000000000018;1.0;0.4494441010848844;0.23000000000000018;7.416388888888889;0.23000000000000018;7.416388888888889
18:20:56 18/05/2020;0.2319;0.23200000000000018;1.0;0.44721359549995776;0.23200000000000018;11.046111111111111;0.23200000000000018;11.046111111111111
05:23:42 19/05/2020;0.233;0.23300000000000018;1.0;0.44609416046390904;0.23300000000000018;5.86;0.23400000000000018;12.0
10:17:37 19/05/2020;0.233;0.23300000000000018;1.0;0.44609416046390904;0.23300000000000018;0.9613888888888888;0.23400000000000018;7.398333333333333
11:15:18 19/05/2020;0.2344;0.23500000000000018;1.0;0.4438468204234427;0.23500000000000018;6.436944444444444;0.23500000000000018;6.436944444444444
17:41:31 19/05/2020;0.2355;0.23600000000000018;1.0;0.4427188724235729;0.23600000000000018;6.0088888888888885;0.23600000000000018;6.0088888888888885
23:42:03 19/05/2020;0.2368;0.23700000000000018;1.0;0.4415880433163921;0.23700000000000018;6.7188888888888885;0.23700000000000018;6.7188888888888885
06:25:11 20/05/2020;0.2385;0.23900000000000018;1.0;0.4393176527297757;0.23900000000000018;5.585833333333333;0.23950000000000018;12.0
12:00:20 20/05/2020;0.2392;0.24000000000000019;1.0;0.4381780460041327;0.24000000000000019;7.138888888888889;0.24000000000000019;7.138888888888889
19:08:40 20/05/2020;0.2414;0.2420000000000002;1.0;0.4358898943540671;0.2420000000000002;5.306388888888889;0.2420000000000002;5.306388888888889
00:27:03 21/05/2020;0.2423;0.2430000000000002;1.0;0.4347413023856829;0.2430000000000002;12.0;0.2430000000000002;12.0
05:11:41 21/05/2020;0.2415;0.2430000000000002;1.0;0.4347413023856829;0.2430000000000002;12.0;0.2430000000000002;12.0
15:40:42 21/05/2020;0.2417;0.2420000000000002;1.0;0.4358898943540671;0.2420000000000002;6.998055555555555;0.2420000000000002;6.998055555555555
22:40:35 21/05/2020;0.2437;0.2440000000000002;1.0;0.43358966777357577;0.2440000000000002;5.033333333333333;0.2445000000000002;11.319444444444445
03:42:35 22/05/2020;0.2443;0.2450000000000002;1.0;0.43243496620879285;0.2450000000000002;6.286111111111111;0.2450000000000002;6.286111111111111
09:59:45 22/05/2020;0.2472;0.2480000000000002;1.0;0.4289522117905441;0.2480000000000002;5.593055555555556;0.24950000000000017;11.741388888888888
15:35:20 22/05/2020;0.2505;0.25100000000000017;1.0;0.42544094772365276;0.25100000000000017;6.148333333333333;0.25100000000000017;6.148333333333333
21:44:14 22/05/2020;0.2515;0.25200000000000017;1.0;0.4242640687119283;0.25200000000000017;5.873611111111111;0.25300000000000017;12.0
03:36:39 23/05/2020;0.2539;0.25400000000000017;1.0;0.4219004621945795;0.25400000000000017;6.29;0.25400000000000017;6.29
09:54:03 23/05/2020;0.2574;0.2580000000000002;1.0;0.41713307229228397;0.2580000000000002;7.413611111111111;0.2580000000000002;7.413611111111111
17:18:52 23/05/2020;0.261;0.2610000000000002;1.0;0.41352146256270644;0.2610000000000002;6.985555555555556;0.2610000000000002;6.985555555555556
00:18:00 24/05/2020;0.2627;0.2630000000000002;1.0;0.4110960958218891;0.2630000000000002;6.709444444444444;0.2630000000000002;6.709444444444444
07:00:34 24/05/2020;0.2662;0.2670000000000002;1.0;0.4062019202317978;0.2670000000000002;5.853888888888889;0.2680000000000002;12.0
12:51:48 24/05/2020;0.2689;0.2690000000000002;1.0;0.40373258476372675;0.2690000000000002;6.853888888888889;0.2690000000000002;6.853888888888889
19:43:02 24/05/2020;0.2706;0.2710000000000002;1.0;0.40124805295477733;0.2710000000000002;4.888055555555556;0.2720000000000002;11.738611111111112
00:36:19 25/05/2020;0.2725;0.2730000000000002;1.0;0.3987480407475375;0.2730000000000002;6.850555555555555;0.2730000000000002;6.850555555555555
07:27:21 25/05/2020;0.2749;0.2750000000000002;1.0;0.3962322551231787;0.2750000000000002;5.3069444444444445;0.2760000000000002;12.0
12:45:46 25/05/2020;0.2767;0.2770000000000002;1.0;0.3937003937005903;0.2770000000000002;6.993611111111111;0.2770000000000002;6.993611111111111
19:45:23 25/05/2020;0.2784;0.2790000000000002;1.0;0.39115214431215867;0.2790000000000002;7.131388888888889;0.2790000000000002;7.131388888888889
02:53:16 26/05/2020;0.2793;0.2800000000000002;1.0;0.3898717737923583;0.2800000000000002;12.0;0.2800000000000002;12.0
09:52:26 26/05/2020;0.2773;0.2800000000000002;1.0;0.3898717737923583;0.2800000000000002;12.0;0.2790000000000002;12.0
15:28:07 26/05/2020;0.2779;0.2780000000000002;1.0;0.3924283374069714;0.2780000000000002;12.0;0.2780000000000002;12.0
22:26:20 26/05/2020;0.2778;0.2780000000000002;1.0;0.3924283374069714;0.2780000000000002;12.0;0.2780000000000002;12.0
05:51:28 27/05/2020;0.2763;0.2780000000000002;1.0;0.3924283374069714;0.2780000000000002;5.575277777777778;0.2780000000000002;5.575277777777778
11:25:59 27/05/2020;0.2787;0.2790000000000002;1.0;0.39115214431215867;0.2790000000000002;5.315833333333333;0.2795000000000002;12.0
16:44:56 27/05/2020;0.2793;0.2800000000000002;1.0;0.3898717737923583;0.2800000000000002;7.270277777777777;0.2800000000000002;7.270277777777777
00:01:09 28/05/2020;0.2817;0.2820000000000002;1.0;0.3872983346207414;0.2820000000000002;6.566944444444444;0.2820000000000002;6.566944444444444
06:35:10 28/05/2020;0.286;0.2860000000000002;1.0;0.3820994634908557;0.2860000000000002;7.538055555555555;0.2860000000000002;7.538055555555555
14:07:27 28/05/2020;0.2865;0.2870000000000002;1.0;0.38078865529319517;0.2870000000000002;12.0;0.2870000000000002;12.0
21:01:54 28/05/2020;0.2867;0.2870000000000002;1.0;0.38078865529319517;0.2870000000000002;12.0;0.2870000000000002;12.0
02:37:59 29/05/2020;0.2856;0.2870000000000002;1.0;0.38078865529319517;0.2870000000000002;12.0;0.2870000000000002;12.0
09:28:36 29/05/2020;0.2813;0.2860000000000002;1.0;0.3820994634908557;0.2860000000000002;12.0;0.2860000000000002;12.0
14:46:50 29/05/2020;0.2809;0.2820000000000002;1.0;0.3872983346207414;0.2820000000000002;12.0;0.2820000000000002;12.0
20:13:27 29/05/2020;0.279;0.2820000000000002;1.0;0.3872983346207414;0.2820000000000002;12.0;0.2820000000000002;12.0
02:30:43 30/05/2020;0.2762;0.2810000000000002;1.0;0.3885871845545087;0.2810000000000002;12.0;0.2800000000000002;12.0
07:25:32 30/05/2020;0.2707;0.2790000000000002;1.0;0.39115214431215867;0.2790000000000002;12.0;0.2780000000000002;12.0
12:35:40 30/05/2020;0.2641;0.2770000000000002;1.0;0.3937003937005903;0.2770000000000002;12.0;0.2770000000000002;12.0
18:52:44 30/05/2020;0.2572;0.2710000000000002;1.0;0.40124805295477733;0.2710000000000002;12.0;0.2710000000000002;12.0
01:35:29 31/05/2020;0.2542;0.2580000000000002;1.0;0.41713307229228397;0.2580000000000002;12.0;0.2580000000000002;12.0
08:09:47 31/05/2020;0.2535;0.25500000000000017;1.0;0.42071367935925236;0.25500000000000017;12.0;0.25500000000000017;12.0
15:08:27 31/05/2020;0.2524;0.25400000000000017;1.0;0.4219004621945795;0.25400000000000017;6.583333333333333;0.25400000000000017;6.583333333333333
21:43:27 31/05/2020;0.2545;0.25500000000000017;1.0;0.42071367935925236;0.25500000000000017;5.854166666666667;0.25500000000000017;5.854166666666667
21:43:27 31/05/2020;0.2545;0.25500000000000017;1.0;0.42071367935925236;0.25500000000000017;5.854166666666667;0.25500000000000017;5.854166666666667
03:34:42 01/06/2020;0.2559;0.25600000000000017;1.0;0.4195235392680604;0.25600000000000017;10.766944444444444;0.25600000000000017;10.766944444444444
08:45:25 01/06/2020;0.2558;0.25600000000000017;1.0;0.4195235392680604;0.25600000000000017;5.588333333333333;0.2565000000000002;12.0
14:20:43 01/06/2020;0.2565;0.2570000000000002;1.0;0.41833001326703756;0.2570000000000002;12.0;0.2570000000000002;12.0
21:28:31 01/06/2020;0.2539;0.2570000000000002;1.0;0.41833001326703756;0.2570000000000002;12.0;0.25550000000000017;12.0
02:30:16 02/06/2020;0.2522;0.25400000000000017;1.0;0.4219004621945795;0.25400000000000017;12.0;0.25400000000000017;12.0
08:56:59 02/06/2020;0.2507;0.25400000000000017;1.0;0.4219004621945795;0.25400000000000017;12.0;0.25400000000000017;12.0
16:20:41 02/06/2020;0.251;0.25100000000000017;1.0;0.42544094772365276;0.25100000000000017;4.809444444444445;0.25250000000000017;11.189722222222223
21:09:15 02/06/2020;0.2537;0.25400000000000017;1.0;0.4219004621945795;0.25400000000000017;6.380277777777778;0.25400000000000017;6.380277777777778
03:32:04 03/06/2020;0.2584;0.2590000000000002;1.0;0.4159326868617082;0.2590000000000002;12.0;0.2590000000000002;12.0
08:35:13 03/06/2020;0.2572;0.2590000000000002;1.0;0.4159326868617082;0.2590000000000002;12.0;0.2590000000000002;12.0
13:37:09 03/06/2020;0.2571;0.2590000000000002;1.0;0.4159326868617082;0.2590000000000002;12.0;0.2590000000000002;12.0
19:37:37 03/06/2020;0.257;0.2580000000000002;1.0;0.41713307229228397;0.2580000000000002;12.0;0.2580000000000002;12.0
01:46:21 04/06/2020;0.2552;0.2570000000000002;1.0;0.41833001326703756;0.2570000000000002;11.338611111111112;0.2570000000000002;11.338611111111112
07:47:06 04/06/2020;0.2563;0.2570000000000002;1.0;0.41833001326703756;0.2570000000000002;5.3261111111111115;0.2575000000000002;12.0
13:06:40 04/06/2020;0.2578;0.2580000000000002;1.0;0.41713307229228397;0.2580000000000002;12.0;0.2580000000000002;12.0
19:48:55 04/06/2020;0.2558;0.2580000000000002;1.0;0.41713307229228397;0.2580000000000002;12.0;0.2580000000000002;12.0
01:58:25 05/06/2020;0.2546;0.25600000000000017;1.0;0.4195235392680604;0.25600000000000017;12.0;0.25600000000000017;12.0
06:44:48 05/06/2020;0.2515;0.25600000000000017;1.0;0.4195235392680604;0.25600000000000017;12.0;0.25550000000000017;12.0
11:20:59 05/06/2020;0.2469;0.25500000000000017;1.0;0.42071367935925236;0.25500000000000017;12.0;0.25350000000000017;12.0
16:40:14 05/06/2020;0.2455;0.25200000000000017;1.0;0.4242640687119283;0.25200000000000017;12.0;0.25200000000000017;12.0
02:36:53 06/06/2020;0.2479;0.2480000000000002;1.0;0.4289522117905441;0.2480000000000002;12.0;0.2480000000000002;12.0
08:45:01 06/06/2020;0.2465;0.2480000000000002;1.0;0.4289522117905441;0.2480000000000002;12.0;0.2480000000000002;12.0
15:45:03 06/06/2020;0.2455;0.2470000000000002;1.0;0.4301162633521311;0.2470000000000002;12.0;0.2470000000000002;12.0
22:44:35 06/06/2020;0.245;0.2460000000000002;1.0;0.4312771730569563;0.2460000000000002;12.0;0.2460000000000002;12.0
05:44:34 07/06/2020;0.2429;0.2450000000000002;1.0;0.43243496620879285;0.2450000000000002;12.0;0.2450000000000002;12.0
11:53:30 07/06/2020;0.2411;0.2430000000000002;1.0;0.4347413023856829;0.2430000000000002;12.0;0.2430000000000002;12.0
17:12:58 07/06/2020;0.2402;0.2430000000000002;1.0;0.4347413023856829;0.2430000000000002;12.0;0.2425000000000002;12.0
23:05:39 07/06/2020;0.24;0.2420000000000002;1.0;0.4358898943540671;0.2420000000000002;12.0;0.2420000000000002;12.0
05:31:21 08/06/2020;0.2384;0.24000000000000019;1.0;0.4381780460041327;0.24000000000000019;12.0;0.24000000000000019;12.0
10:17:06 08/06/2020;0.2382;0.24000000000000019;1.0;0.4381780460041327;0.24000000000000019;12.0;0.24000000000000019;12.0
15:27:07 08/06/2020;0.2392;0.24000000000000019;1.0;0.4381780460041327;0.24000000000000019;7.144166666666667;0.24000000000000019;7.144166666666667
22:35:46 08/06/2020;0.2409;0.2410000000000002;1.0;0.4370354676682429;0.2410000000000002;6.995;0.2410000000000002;6.995
05:35:28 09/06/2020;0.2433;0.2440000000000002;1.0;0.43358966777357577;0.2440000000000002;5.884166666666666;0.2440000000000002;5.884166666666666
11:28:31 09/06/2020;0.246;0.2460000000000002;1.0;0.4312771730569563;0.2460000000000002;4.610277777777778;0.2465000000000002;12.0
16:05:08 09/06/2020;0.2466;0.2470000000000002;1.0;0.4301162633521311;0.2470000000000002;12.0;0.2470000000000002;12.0
23:21:56 09/06/2020;0.2461;0.2470000000000002;1.0;0.4301162633521311;0.2470000000000002;12.0;0.2470000000000002;12.0
01:17:08 10/06/2020;0.2461;0.2470000000000002;1.0;0.4301162633521311;0.2470000000000002;12.0;0.2470000000000002;12.0
04:40:56 10/06/2020;0.2469;0.2470000000000002;1.0;0.4301162633521311;0.2470000000000002;12.0;0.2470000000000002;12.0
10:57:54 10/06/2020;0.2448;0.2470000000000002;1.0;0.4301162633521311;0.2470000000000002;12.0;0.2470000000000002;12.0
15:35:32 10/06/2020;0.2458;0.2470000000000002;1.0;0.4301162633521311;0.2470000000000002;7.476666666666667;0.2470000000000002;7.476666666666667
23:04:08 10/06/2020;0.2474;0.2480000000000002;1.0;0.4289522117905441;0.2480000000000002;12.0;0.2480000000000002;12.0
04:15:50 11/06/2020;0.2469;0.2480000000000002;1.0;0.4289522117905441;0.2480000000000002;10.908888888888889;0.2480000000000002;10.908888888888889
08:52:29 11/06/2020;0.2467;0.2480000000000002;1.0;0.4289522117905441;0.2480000000000002;6.298055555555556;0.2480000000000002;6.298055555555556
15:10:22 11/06/2020;0.2485;0.2490000000000002;1.0;0.4277849927241485;0.2490000000000002;5.0375;0.24950000000000017;11.749722222222223
20:12:37 11/06/2020;0.2496;0.25000000000000017;1.0;0.42661458015403064;0.25000000000000017;6.7122222222222225;0.25000000000000017;6.7122222222222225
02:55:21 12/06/2020;0.2526;0.25300000000000017;1.0;0.4230839160261234;0.25300000000000017;5.470277777777778;0.25500000000000017;12.0
08:23:34 12/06/2020;0.2568;0.2570000000000002;1.0;0.41833001326703756;0.2570000000000002;6.702222222222222;0.2570000000000002;6.702222222222222
15:05:42 12/06/2020;0.2599;0.2600000000000002;1.0;0.4147288270665542;0.2600000000000002;5.613888888888889;0.2605000000000002;12.0
20:42:32 12/06/2020;0.2603;0.2610000000000002;1.0;0.41352146256270644;0.2610000000000002;6.433333333333334;0.2610000000000002;6.433333333333334
03:08:32 13/06/2020;0.2619;0.2620000000000002;1.0;0.41231056256176585;0.2620000000000002;6.989444444444445;0.2620000000000002;6.989444444444445
10:07:54 13/06/2020;0.268;0.2680000000000002;1.0;0.4049691346263315;0.2680000000000002;6.5841666666666665;0.2680000000000002;6.5841666666666665
16:42:57 13/06/2020;0.2715;0.2720000000000002;1.0;0.39999999999999974;0.2720000000000002;6.159722222222222;0.2720000000000002;6.159722222222222
22:52:32 13/06/2020;0.2739;0.2740000000000002;1.0;0.39749213828703556;0.2740000000000002;4.8875;0.2745000000000002;12.0
03:45:47 14/06/2020;0.2745;0.2750000000000002;1.0;0.3962322551231787;0.2750000000000002;12.0;0.2750000000000002;12.0
09:55:20 14/06/2020;0.2734;0.2750000000000002;1.0;0.3962322551231787;0.2750000000000002;12.0;0.2750000000000002;12.0
15:31:56 14/06/2020;0.2746;0.2750000000000002;1.0;0.3962322551231787;0.2750000000000002;12.0;0.2750000000000002;12.0
22:56:20 14/06/2020;0.2747;0.2750000000000002;1.0;0.3962322551231787;0.2750000000000002;7.434722222222222;0.2750000000000002;7.434722222222222
06:22:25 15/06/2020;0.2757;0.2760000000000002;1.0;0.39496835316262974;0.2760000000000002;5.437222222222222;0.2760000000000002;5.437222222222222
11:48:39 15/06/2020;0.2767;0.2770000000000002;1.0;0.3937003937005903;0.2770000000000002;5.745555555555556;0.2770000000000002;5.745555555555556
17:33:23 15/06/2020;0.2773;0.2780000000000002;1.0;0.3924283374069714;0.2780000000000002;12.0;0.2780000000000002;12.0
22:59:34 15/06/2020;0.2768;0.2780000000000002;1.0;0.3924283374069714;0.2780000000000002;12.0;0.2780000000000002;12.0
05:09:41 16/06/2020;0.2767;0.2780000000000002;1.0;0.3924283374069714;0.2780000000000002;7.1402777777777775;0.2780000000000002;7.1402777777777775
12:18:06 16/06/2020;0.2782;0.2790000000000002;1.0;0.39115214431215867;0.2790000000000002;12.0;0.2790000000000002;12.0
18:48:47 16/06/2020;0.2789;0.2790000000000002;1.0;0.39115214431215867;0.2790000000000002;6.446666666666666;0.2790000000000002;6.446666666666666
01:15:35 17/06/2020;0.2801;0.2810000000000002;1.0;0.3885871845545087;0.2810000000000002;5.595;0.2815000000000002;12.0
06:51:17 17/06/2020;0.2815;0.2820000000000002;1.0;0.3872983346207414;0.2820000000000002;7.423611111111111;0.2820000000000002;7.423611111111111
14:16:42 17/06/2020;0.2837;0.2840000000000002;1.0;0.38470768123342663;0.2840000000000002;5.7347222222222225;0.2840000000000002;5.7347222222222225
20:00:47 17/06/2020;0.2845;0.2850000000000002;1.0;0.38340579025361604;0.2850000000000002;5.316666666666666;0.2850000000000002;5.316666666666666
01:19:47 18/06/2020;0.2861;0.2870000000000002;1.0;0.38078865529319517;0.2870000000000002;5.4511111111111115;0.2880000000000002;12.0
06:46:51 18/06/2020;0.2887;0.2890000000000002;1.0;0.37815340802378045;0.2890000000000002;6.580555555555556;0.2890000000000002;6.580555555555556
13:21:41 18/06/2020;0.2892;0.2900000000000002;1.0;0.37682887362833517;0.2900000000000002;12.0;0.2900000000000002;12.0
19:48:08 18/06/2020;0.2886;0.2900000000000002;1.0;0.37682887362833517;0.2900000000000002;12.0;0.2900000000000002;12.0
02:30:39 19/06/2020;0.2852;0.2890000000000002;1.0;0.37815340802378045;0.2890000000000002;12.0;0.2890000000000002;12.0
08:14:49 19/06/2020;0.2869;0.2870000000000002;1.0;0.38078865529319517;0.2870000000000002;5.598611111111111;0.2880000000000002;12.0
13:50:44 19/06/2020;0.2889;0.2890000000000002;1.0;0.37815340802378045;0.2890000000000002;12.0;0.2890000000000002;12.0
19:51:57 19/06/2020;0.2882;0.2890000000000002;1.0;0.37815340802378045;0.2890000000000002;12.0;0.2890000000000002;12.0
02:34:47 20/06/2020;0.2879;0.2890000000000002;1.0;0.37815340802378045;0.2890000000000002;12.0;0.2890000000000002;12.0
09:09:02 20/06/2020;0.2861;0.2880000000000002;1.0;0.3794733192202053;0.2880000000000002;12.0;0.2880000000000002;12.0
16:43:19 20/06/2020;0.2864;0.2870000000000002;1.0;0.38078865529319517;0.2870000000000002;7.260833333333333;0.2870000000000002;7.260833333333333
23:58:58 20/06/2020;0.2889;0.2890000000000002;1.0;0.37815340802378045;0.2890000000000002;6.299722222222222;0.2890000000000002;6.299722222222222
06:16:57 21/06/2020;0.2915;0.2920000000000002;1.0;0.37416573867739383;0.2920000000000002;12.0;0.2920000000000002;12.0
11:53:45 21/06/2020;0.2916;0.2920000000000002;1.0;0.37416573867739383;0.2920000000000002;12.0;0.2920000000000002;12.0
17:20:08 21/06/2020;0.2913;0.2920000000000002;1.0;0.37416573867739383;0.2920000000000002;12.0;0.2920000000000002;12.0
00:11:42 22/06/2020;0.2918;0.2920000000000002;1.0;0.37416573867739383;0.2920000000000002;5.746388888888889;0.2920000000000002;5.746388888888889
05:56:29 22/06/2020;0.2929;0.2930000000000002;1.0;0.37282703764614467;0.2930000000000002;5.166111111111111;0.2935000000000002;12.0
11:06:27 22/06/2020;0.2933;0.2940000000000002;1.0;0.37148351242013394;0.2940000000000002;12.0;0.2940000000000002;12.0
17:41:46 22/06/2020;0.2922;0.2940000000000002;1.0;0.37148351242013394;0.2940000000000002;12.0;0.2940000000000002;12.0
00:58:26 23/06/2020;0.2918;0.2930000000000002;1.0;0.37282703764614467;0.2930000000000002;7.548333333333333;0.2930000000000002;7.548333333333333
08:31:20 23/06/2020;0.2936;0.2940000000000002;1.0;0.37148351242013394;0.2940000000000002;12.0;0.2940000000000002;12.0
13:59:44 23/06/2020;0.2925;0.2940000000000002;1.0;0.37148351242013394;0.2940000000000002;12.0;0.2940000000000002;12.0
20:10:41 23/06/2020;0.2915;0.2940000000000002;1.0;0.37148351242013394;0.2940000000000002;12.0;0.2935000000000002;12.0
01:00:49 24/06/2020;0.2922;0.2930000000000002;1.0;0.37282703764614467;0.2930000000000002;12.0;0.2930000000000002;12.0
07:27:33 24/06/2020;0.2909;0.2930000000000002;1.0;0.37282703764614467;0.2930000000000002;12.0;0.2930000000000002;12.0
13:37:10 24/06/2020;0.2908;0.2910000000000002;1.0;0.37549966711037147;0.2910000000000002;12.0;0.2910000000000002;12.0
19:37:53 24/06/2020;0.2888;0.2910000000000002;1.0;0.37549966711037147;0.2910000000000002;12.0;0.2910000000000002;12.0
00:23:27 25/06/2020;0.2877;0.2910000000000002;1.0;0.37549966711037147;0.2910000000000002;12.0;0.2910000000000002;12.0
07:39:19 25/06/2020;0.2824;0.2880000000000002;1.0;0.3794733192202053;0.2880000000000002;12.0;0.2880000000000002;12.0
12:50:32 25/06/2020;0.2811;0.2830000000000002;1.0;0.3860051813123754;0.2830000000000002;12.0;0.2830000000000002;12.0
18:09:33 25/06/2020;0.2799;0.2830000000000002;1.0;0.3860051813123754;0.2830000000000002;12.0;0.2830000000000002;12.0
01:43:28 26/06/2020;0.2824;0.2830000000000002;1.0;0.3860051813123754;0.2830000000000002;12.0;0.2830000000000002;12.0
07:52:45 26/06/2020;0.2811;0.2830000000000002;1.0;0.3860051813123754;0.2830000000000002;12.0;0.2830000000000002;12.0
14:10:31 26/06/2020;0.2802;0.2820000000000002;1.0;0.3872983346207414;0.2820000000000002;12.0;0.2820000000000002;12.0
21:35:35 26/06/2020;0.2798;0.2810000000000002;1.0;0.3885871845545087;0.2810000000000002;12.0;0.2810000000000002;12.0
03:03:45 27/06/2020;0.2801;0.2810000000000002;1.0;0.3885871845545087;0.2810000000000002;12.0;0.2810000000000002;12.0
08:39:22 27/06/2020;0.2763;0.2810000000000002;1.0;0.3885871845545087;0.2810000000000002;12.0;0.2810000000000002;12.0
16:13:04 27/06/2020;0.2724;0.2770000000000002;1.0;0.3937003937005903;0.2770000000000002;12.0;0.2750000000000002;12.0
21:48:44 27/06/2020;0.2703;0.2730000000000002;1.0;0.3987480407475375;0.2730000000000002;12.0;0.2730000000000002;12.0
04:31:40 28/06/2020;0.266;0.2710000000000002;1.0;0.40124805295477733;0.2710000000000002;12.0;0.2710000000000002;12.0
11:57:21 28/06/2020;0.2614;0.2660000000000002;1.0;0.407430975749267;0.2660000000000002;12.0;0.2660000000000002;12.0
18:40:56 28/06/2020;0.2629;0.2630000000000002;1.0;0.4110960958218891;0.2630000000000002;11.043055555555556;0.2630000000000002;11.043055555555556
23:51:28 28/06/2020;0.2628;0.2630000000000002;1.0;0.4110960958218891;0.2630000000000002;5.8675;0.2630000000000002;5.8675
05:43:31 29/06/2020;0.2635;0.2640000000000002;1.0;0.4098780306383837;0.2640000000000002;12.0;0.2640000000000002;12.0
10:20:54 29/06/2020;0.2625;0.2640000000000002;1.0;0.4098780306383837;0.2640000000000002;11.699166666666667;0.2640000000000002;11.699166666666667
17:29:48 29/06/2020;0.264;0.2640000000000002;1.0;0.4098780306383837;0.2640000000000002;4.550833333333333;0.2640000000000002;4.550833333333333
22:02:51 29/06/2020;0.266;0.2660000000000002;1.0;0.407430975749267;0.2660000000000002;6.025555555555556;0.2675000000000002;11.2
02:36:02 30/06/2020;0.266;0.2660000000000002;1.0;0.407430975749267;0.2660000000000002;1.4725;0.2675000000000002;6.646944444444444
04:04:23 30/06/2020;0.2689;0.2690000000000002;1.0;0.40373258476372675;0.2690000000000002;5.174444444444444;0.2690000000000002;5.174444444444444
09:14:51 30/06/2020;0.2696;0.2700000000000002;1.0;0.4024922359499619;;;;
14:00:08 30/06/2020;0.2707;0.2710000000000002;1.0;0.40124805295477733;;;;
16:14:57 30/06/2020;0.2707;0.2710000000000002;1.0;0.40124805295477733;;;;
19:25:28 30/06/2020;0.2721;0.2730000000000002;1.0;0.3987480407475375;;;;
