19:25:28 30/06/2020;0.2721;;;;;;;
02:55:16 01/07/2020;0.2744;;;;;;;
09:46:37 01/07/2020;0.2769;0.2770000000000002;1.0;0.3937003937005903;0.2770000000000002;7.141111111111111;0.2770000000000002;7.141111111111111
16:55:05 01/07/2020;0.2781;0.2790000000000002;1.0;0.39115214431215867;0.2790000000000002;6.8436111111111115;0.2790000000000002;6.8436111111111115
23:45:42 01/07/2020;0.2804;0.2810000000000002;1.0;0.3885871845545087;0.2810000000000002;5.456388888888889;0.2820000000000002;12.0
05:13:05 02/07/2020;0.283;0.2830000000000002;1.0;0.3860051813123754;0.2830000000000002;6.864166666666667;0.2830000000000002;6.864166666666667
12:04:56 02/07/2020;0.2838;0.2840000000000002;1.0;0.38470768123342663;0.2840000000000002;7.4063888888888885;0.2840000000000002;7.4063888888888885
19:29:19 02/07/2020;0.2864;0.2870000000000002;1.0;0.38078865529319517;0.2870000000000002;7.276666666666666;0.2870000000000002;7.276666666666666
02:45:55 03/07/2020;0.2885;0.2890000000000002;1.0;0.37815340802378045;0.2890000000000002;11.605555555555556;0.2890000000000002;11.605555555555556
09:28:22 03/07/2020;0.2889;0.2890000000000002;1.0;0.37815340802378045;0.2890000000000002;4.898055555555556;0.2895000000000002;11.055
14:22:15 03/07/2020;0.2897;0.2900000000000002;1.0;0.37682887362833517;0.2900000000000002;6.156944444444444;0.2900000000000002;6.156944444444444
20:31:40 03/07/2020;0.2903;0.2910000000000002;1.0;0.37549966711037147;0.2910000000000002;12.0;0.2910000000000002;12.0
09:48:52 04/07/2020;0.2951;0.2960000000000002;1.0;0.3687817782917152;0.2960000000000002;6.846388888888889;0.2960000000000002;6.846388888888889
16:39:39 04/07/2020;0.2974;0.2980000000000002;1.0;0.36606010435446223;0.2980000000000002;5.0472222222222225;0.2990000000000002;11.611944444444445
21:42:29 04/07/2020;0.2996;0.3000000000000002;1.0;0.3633180424916987;0.3000000000000002;6.564722222222223;0.3000000000000002;6.564722222222223
04:16:22 05/07/2020;0.303;0.3030000000000002;1.0;0.3591656999213591;0.3030000000000002;7.409722222222222;0.3030000000000002;7.409722222222222
11:40:57 05/07/2020;0.3052;0.3060000000000002;1.0;0.35496478698597667;0.3060000000000002;12.0;0.3060000000000002;12.0
17:25:29 05/07/2020;0.3055;0.3060000000000002;1.0;0.35496478698597667;0.3060000000000002;12.0;0.3060000000000002;12.0
00:41:21 06/07/2020;0.3037;0.3060000000000002;1.0;0.35496478698597667;0.3060000000000002;12.0;0.3050000000000002;12.0
06:17:46 06/07/2020;0.3016;0.3040000000000002;1.0;0.357770876399966;0.3040000000000002;12.0;0.3040000000000002;12.0
12:35:41 06/07/2020;0.3002;0.3040000000000002;1.0;0.357770876399966;0.3040000000000002;12.0;0.3040000000000002;12.0
18:18:51 06/07/2020;0.3006;0.3010000000000002;1.0;0.36193922141707685;0.3010000000000002;5.874444444444444;0.3010000000000002;5.874444444444444
00:11:19 07/07/2020;0.3021;0.3030000000000002;1.0;0.3591656999213591;0.3030000000000002;12.0;0.3030000000000002;12.0
05:05:35 07/07/2020;0.3028;0.3030000000000002;1.0;0.3591656999213591;0.3030000000000002;12.0;0.3030000000000002;12.0
12:04:45 07/07/2020;0.303;0.3030000000000002;1.0;0.3591656999213591;0.3030000000000002;5.468333333333334;0.3040000000000002;12.0
17:32:51 07/07/2020;0.3042;0.3050000000000002;1.0;0.35637059362410894;0.3050000000000002;12.0;0.3050000000000002;12.0
00:59:30 08/07/2020;0.3016;0.3050000000000002;1.0;0.35637059362410894;0.3050000000000002;12.0;0.3050000000000002;12.0
08:33:36 08/07/2020;0.3007;0.3020000000000002;1.0;0.3605551275463986;0.3020000000000002;12.0;0.3020000000000002;12.0
14:18:32 08/07/2020;0.301;0.3010000000000002;1.0;0.36193922141707685;0.3010000000000002;4.877777777777778;0.3015000000000002;12.0
19:11:12 08/07/2020;0.3014;0.3020000000000002;1.0;0.3605551275463986;0.3020000000000002;12.0;0.3020000000000002;12.0
02:10:52 09/07/2020;0.302;0.3020000000000002;1.0;0.3605551275463986;0.3020000000000002;6.300277777777778;0.3020000000000002;6.300277777777778
08:28:53 09/07/2020;0.3034;0.3040000000000002;1.0;0.357770876399966;0.3040000000000002;12.0;0.3040000000000002;12.0
14:21:44 09/07/2020;0.3036;0.3040000000000002;1.0;0.357770876399966;0.3040000000000002;12.0;0.3040000000000002;12.0
21:20:57 09/07/2020;0.3038;0.3040000000000002;1.0;0.357770876399966;0.3040000000000002;5.885833333333333;0.3040000000000002;5.885833333333333
03:14:06 10/07/2020;0.3044;0.3050000000000002;1.0;0.35637059362410894;0.3050000000000002;4.61;0.3055000000000002;12.0
07:50:42 10/07/2020;0.3056;0.3060000000000002;1.0;0.35496478698597667;0.3060000000000002;7.416666666666667;0.3060000000000002;7.416666666666667
15:15:42 10/07/2020;0.3073;0.3080000000000002;1.0;0.3521363372331799;0.3080000000000002;7.263333333333334;0.3080000000000002;7.263333333333334
22:31:30 10/07/2020;0.3089;0.3090000000000002;1.0;0.35071355833500334;0.3090000000000002;7.424444444444444;0.3090000000000002;7.424444444444444
05:56:58 11/07/2020;0.3111;0.3120000000000002;1.0;0.34641016151377513;0.3120000000000002;5.176388888888889;0.3135000000000002;11.471666666666666
11:07:33 11/07/2020;0.3143;0.3150000000000002;1.0;0.3420526275297411;0.3150000000000002;6.295277777777778;0.3150000000000002;6.295277777777778
17:25:16 11/07/2020;0.3168;0.3170000000000002;1.0;0.3391164991562631;0.3170000000000002;5.739166666666667;0.3180000000000002;12.0
23:09:37 11/07/2020;0.3181;0.31900000000000023;1.0;0.3361547262794319;0.31900000000000023;7.1375;0.31900000000000023;7.1375
06:17:52 12/07/2020;0.3211;0.32200000000000023;1.0;0.33166247903553964;0.32200000000000023;5.875555555555556;0.32350000000000023;12.0
12:10:24 12/07/2020;0.3241;0.32500000000000023;1.0;0.32710854467592215;0.32500000000000023;12.0;0.32500000000000023;12.0
18:18:55 12/07/2020;0.3248;0.32500000000000023;1.0;0.32710854467592215;0.32500000000000023;12.0;0.32500000000000023;12.0
01:35:12 13/07/2020;0.3237;0.32500000000000023;1.0;0.32710854467592215;0.32500000000000023;6.858055555555556;0.32500000000000023;6.858055555555556
08:26:41 13/07/2020;0.326;0.32600000000000023;1.0;0.32557641192199377;0.32600000000000023;6.006666666666667;0.32600000000000023;6.006666666666667
14:27:05 13/07/2020;0.3265;0.32700000000000023;1.0;0.32403703492039265;0.32700000000000023;12.0;0.32700000000000023;12.0
20:11:05 13/07/2020;0.326;0.32700000000000023;1.0;0.32403703492039265;0.32700000000000023;12.0;0.32700000000000023;12.0
03:11:00 14/07/2020;0.3266;0.32700000000000023;1.0;0.32403703492039265;0.32700000000000023;12.0;0.32700000000000023;12.0
07:48:09 14/07/2020;0.3265;0.32700000000000023;1.0;0.32403703492039265;0.32700000000000023;12.0;0.32700000000000023;12.0
13:31:59 14/07/2020;0.3261;0.32700000000000023;1.0;0.32403703492039265;0.32700000000000023;12.0;0.32700000000000023;12.0
19:16:10 14/07/2020;0.326;0.32700000000000023;1.0;0.32403703492039265;0.32700000000000023;7.563611111111111;0.32700000000000023;7.563611111111111
02:49:59 15/07/2020;0.3281;0.32900000000000024;1.0;0.3209361307176239;0.32900000000000024;12.0;0.32900000000000024;12.0
08:58:45 15/07/2020;0.3282;0.32900000000000024;1.0;0.3209361307176239;0.32900000000000024;12.0;0.32900000000000024;12.0
15:24:41 15/07/2020;0.328;0.32900000000000024;1.0;0.3209361307176239;0.32900000000000024;12.0;0.32900000000000024;12.0
22:58:15 15/07/2020;0.3274;0.32800000000000024;1.0;0.3224903099319416;0.32800000000000024;10.776944444444444;0.32800000000000024;10.776944444444444
09:44:52 16/07/2020;0.3281;0.32900000000000024;1.0;0.3209361307176239;0.32900000000000024;12.0;0.32900000000000024;12.0
16:44:43 16/07/2020;0.3282;0.32900000000000024;1.0;0.3209361307176239;0.32900000000000024;12.0;0.32900000000000024;12.0
22:45:26 16/07/2020;0.3287;0.32900000000000024;1.0;0.3209361307176239;0.32900000000000024;7.275277777777778;0.32900000000000024;7.275277777777778
06:01:57 17/07/2020;0.3303;0.33100000000000024;1.0;0.3178049716414137;0.33100000000000024;12.0;0.33100000000000024;12.0
13:35:05 17/07/2020;0.331;0.33100000000000024;1.0;0.3178049716414137;0.33100000000000024;7.144444444444445;0.33100000000000024;7.144444444444445
20:43:45 17/07/2020;0.332;0.33200000000000024;1.0;0.31622776601683755;0.33200000000000024;5.73;0.33250000000000024;11.752777777777778
02:27:33 18/07/2020;0.3326;0.33300000000000024;1.0;0.31464265445104506;0.33300000000000024;6.022777777777778;0.33300000000000024;6.022777777777778
08:28:55 18/07/2020;0.3342;0.33500000000000024;1.0;0.31144823004794836;0.33500000000000024;7.411388888888889;0.33500000000000024;7.411388888888889
15:53:36 18/07/2020;0.3351;0.33600000000000024;1.0;0.30983866769659296;0.33600000000000024;12.0;0.33600000000000024;12.0
21:54:32 18/07/2020;0.3344;0.33600000000000024;1.0;0.30983866769659296;0.33600000000000024;12.0;0.33600000000000024;12.0
03:55:23 19/07/2020;0.334;0.33500000000000024;1.0;0.31144823004794836;0.33500000000000024;12.0;0.33500000000000024;12.0
08:40:53 19/07/2020;0.3319;0.33500000000000024;1.0;0.31144823004794836;0.33500000000000024;12.0;0.33500000000000024;12.0
14:17:18 19/07/2020;0.3279;0.33400000000000024;1.0;0.3130495168499702;0.33400000000000024;12.0;0.33400000000000024;12.0
19:52:56 19/07/2020;0.3254;0.33200000000000024;1.0;0.31622776601683755;0.33200000000000024;12.0;0.33200000000000024;12.0
01:20:30 20/07/2020;0.3267;0.32800000000000024;1.0;0.3224903099319416;0.32800000000000024;12.0;0.32800000000000024;12.0
07:13:34 20/07/2020;0.327;0.32700000000000023;1.0;0.32403703492039265;0.32700000000000023;12.0;0.32700000000000023;12.0
12:31:49 20/07/2020;0.326;0.32700000000000023;1.0;0.32403703492039265;0.32700000000000023;12.0;0.32700000000000023;12.0
18:00:32 20/07/2020;0.3263;0.32700000000000023;1.0;0.32403703492039265;0.32700000000000023;7.167222222222223;0.32700000000000023;7.167222222222223
01:10:34 21/07/2020;0.3272;0.32800000000000024;1.0;0.3224903099319416;0.32800000000000024;12.0;0.32800000000000024;12.0
05:56:17 21/07/2020;0.3238;0.32800000000000024;1.0;0.3224903099319416;0.32800000000000024;12.0;0.32800000000000024;12.0
12:56:59 21/07/2020;0.323;0.32800000000000024;1.0;0.3224903099319416;0.32800000000000024;12.0;0.32600000000000023;11.330277777777777
17:36:51 21/07/2020;0.3236;0.32400000000000023;1.0;0.3286335345030993;0.32400000000000023;6.6658333333333335;0.32400000000000023;6.6658333333333335
00:16:48 22/07/2020;0.3244;0.32500000000000023;1.0;0.32710854467592215;0.32500000000000023;12.0;0.32500000000000023;12.0
05:44:42 22/07/2020;0.3245;0.32500000000000023;1.0;0.32710854467592215;0.32500000000000023;12.0;0.32500000000000023;12.0
10:30:44 22/07/2020;0.3242;0.32500000000000023;1.0;0.32710854467592215;0.32500000000000023;10.524722222222222;0.32500000000000023;10.524722222222222
15:50:49 22/07/2020;0.3246;0.32500000000000023;1.0;0.32710854467592215;0.32500000000000023;5.19;0.32550000000000023;12.0
21:02:13 22/07/2020;0.3255;0.32600000000000023;1.0;0.32557641192199377;0.32600000000000023;7.2877777777777775;0.32600000000000023;7.2877777777777775
04:19:29 23/07/2020;0.3274;0.32800000000000024;1.0;0.3224903099319416;0.32800000000000024;12.0;0.32800000000000024;12.0
09:30:29 23/07/2020;0.3262;0.32800000000000024;1.0;0.3224903099319416;0.32800000000000024;12.0;0.32800000000000024;12.0
14:33:01 23/07/2020;0.325;0.32800000000000024;1.0;0.3224903099319416;0.32800000000000024;12.0;0.32800000000000024;12.0
20:51:04 23/07/2020;0.3248;0.32700000000000023;1.0;0.32403703492039265;0.32700000000000023;12.0;0.32700000000000023;12.0
03:26:46 24/07/2020;0.3231;0.32500000000000023;1.0;0.32710854467592215;0.32500000000000023;12.0;0.32500000000000023;12.0
08:04:23 24/07/2020;0.322;0.32500000000000023;1.0;0.32710854467592215;0.32500000000000023;12.0;0.32500000000000023;12.0
14:30:40 24/07/2020;0.3207;0.32400000000000023;1.0;0.3286335345030993;0.32400000000000023;12.0;0.32400000000000023;12.0
22:05:11 24/07/2020;0.3195;0.32100000000000023;1.0;0.3331666249791533;0.32100000000000023;12.0;0.32100000000000023;12.0
03:16:15 25/07/2020;0.3172;0.32000000000000023;1.0;0.3346640106136299;0.32000000000000023;12.0;0.32000000000000023;12.0
09:00:54 25/07/2020;0.3187;0.32000000000000023;1.0;0.3346640106136299;0.32000000000000023;6.585277777777778;0.32000000000000023;6.585277777777778
15:36:01 25/07/2020;0.321;0.32100000000000023;1.0;0.3331666249791533;0.32100000000000023;6.870555555555556;0.32100000000000023;6.870555555555556
22:28:15 25/07/2020;0.3218;0.32200000000000023;1.0;0.33166247903553964;0.32200000000000023;12.0;0.32200000000000023;12.0
05:03:28 26/07/2020;0.3213;0.32200000000000023;1.0;0.33166247903553964;0.32200000000000023;6.448055555555555;0.32200000000000023;6.448055555555555
11:30:21 26/07/2020;0.3249;0.32500000000000023;1.0;0.32710854467592215;0.32500000000000023;12.0;0.32500000000000023;12.0
18:47:44 26/07/2020;0.3239;0.32500000000000023;1.0;0.32710854467592215;0.32500000000000023;12.0;0.32500000000000023;12.0
00:46:45 27/07/2020;0.3239;0.32400000000000023;1.0;0.3286335345030993;0.32400000000000023;12.0;0.32400000000000023;12.0
02:05:17 27/07/2020;0.3219;0.32400000000000023;1.0;0.3286335345030993;0.32400000000000023;12.0;0.32400000000000023;12.0
06:59:32 27/07/2020;0.3218;0.32400000000000023;1.0;0.3286335345030993;0.32400000000000023;12.0;0.32400000000000023;12.0
12:11:13 27/07/2020;0.3197;0.32400000000000023;1.0;0.3286335345030993;0.32400000000000023;12.0;0.32400000000000023;12.0
19:11:39 27/07/2020;0.3178;0.32000000000000023;1.0;0.3346640106136299;0.32000000000000023;12.0;0.32000000000000023;12.0
02:12:39 28/07/2020;0.3162;0.3180000000000002;1.0;0.3376388603226823;0.3180000000000002;12.0;0.3180000000000002;12.0
09:05:14 28/07/2020;0.3179;0.3180000000000002;1.0;0.3376388603226823;0.3180000000000002;12.0;0.3180000000000002;12.0
13:50:26 28/07/2020;0.316;0.3180000000000002;1.0;0.3376388603226823;0.3180000000000002;12.0;0.3180000000000002;12.0
21:20:00 28/07/2020;0.3144;0.3160000000000002;1.0;0.3405877273185277;0.3160000000000002;12.0;0.3160000000000002;12.0
04:21:01 29/07/2020;0.3142;0.3150000000000002;1.0;0.3420526275297411;0.3150000000000002;12.0;0.3150000000000002;12.0
10:05:32 29/07/2020;0.313;0.3150000000000002;1.0;0.3420526275297411;0.3150000000000002;12.0;0.3150000000000002;12.0
15:42:20 29/07/2020;0.312;0.3150000000000002;1.0;0.3420526275297411;0.3150000000000002;12.0;0.3150000000000002;12.0
21:44:04 29/07/2020;0.3105;0.3130000000000002;1.0;0.34496376621320646;0.3130000000000002;12.0;0.3130000000000002;12.0
04:36:43 30/07/2020;0.3075;0.3110000000000002;1.0;0.3478505426185214;0.3110000000000002;12.0;0.3110000000000002;12.0
12:02:39 30/07/2020;0.3029;0.3080000000000002;1.0;0.3521363372331799;0.3080000000000002;12.0;0.3080000000000002;12.0
18:39:31 30/07/2020;0.3023;0.3030000000000002;1.0;0.3591656999213591;0.3030000000000002;12.0;0.3030000000000002;12.0
00:14:46 31/07/2020;0.3021;0.3030000000000002;1.0;0.3591656999213591;0.3030000000000002;12.0;0.3030000000000002;12.0
06:24:37 31/07/2020;0.3012;0.3030000000000002;1.0;0.3591656999213591;0.3030000000000002;12.0;0.3030000000000002;12.0
11:02:07 31/07/2020;0.3016;0.3030000000000002;1.0;0.3591656999213591;0.3030000000000002;12.0;0.3025000000000002;12.0
16:47:26 31/07/2020;0.3014;0.3020000000000002;1.0;0.3605551275463986;0.3020000000000002;12.0;0.3020000000000002;12.0
23:05:23 31/07/2020;0.3013;0.3020000000000002;1.0;0.3605551275463986;0.3020000000000002;12.0;0.3020000000000002;12.0
23:05:23 31/07/2020;0.3013;0.3020000000000002;1.0;0.3605551275463986;0.3020000000000002;12.0;0.3020000000000002;12.0
04:08:25 01/08/2020;0.2991;0.3020000000000002;1.0;0.3605551275463986;0.3020000000000002;12.0;0.3020000000000002;12.0
10:09:51 01/08/2020;0.2959;0.3020000000000002;1.0;0.3605551275463986;0.3020000000000002;12.0;0.3020000000000002;12.0
14:48:07 01/08/2020;0.2956;0.3000000000000002;1.0;0.3633180424916987;0.3000000000000002;12.0;0.2985000000000002;11.501388888888888
19:33:27 01/08/2020;0.2963;0.2970000000000002;1.0;0.36742346141747645;0.2970000000000002;6.745833333333334;0.2970000000000002;6.745833333333334
02:18:12 02/08/2020;0.2977;0.2980000000000002;1.0;0.36606010435446223;0.2980000000000002;4.754166666666666;0.2985000000000002;10.919444444444444
07:03:27 02/08/2020;0.2989;0.2990000000000002;1.0;0.36469165057620906;0.2990000000000002;6.165277777777778;0.2990000000000002;6.165277777777778
13:13:22 02/08/2020;0.3012;0.3020000000000002;1.0;0.3605551275463986;0.3020000000000002;6.038888888888889;0.3020000000000002;6.038888888888889
19:15:42 02/08/2020;0.3042;0.3050000000000002;1.0;0.35637059362410894;0.3050000000000002;4.6130555555555555;0.3055000000000002;11.9075
23:52:29 02/08/2020;0.3055;0.3060000000000002;1.0;0.35496478698597667;0.3060000000000002;7.294444444444444;0.3060000000000002;7.294444444444444
07:10:09 03/08/2020;0.3076;0.3080000000000002;1.0;0.3521363372331799;0.3080000000000002;7.440833333333333;0.3080000000000002;7.440833333333333
14:36:36 03/08/2020;0.3093;0.3100000000000002;1.0;0.3492849839314593;0.3100000000000002;12.0;0.3100000000000002;12.0
18:12:58 03/08/2020;0.3093;0.3100000000000002;1.0;0.3492849839314593;0.3100000000000002;12.0;0.3100000000000002;12.0
20:46:56 03/08/2020;0.3081;0.3100000000000002;1.0;0.3492849839314593;0.3100000000000002;12.0;0.3100000000000002;12.0
04:12:37 04/08/2020;0.3074;0.3100000000000002;1.0;0.3492849839314593;0.3100000000000002;12.0;0.3100000000000002;12.0
10:14:26 04/08/2020;0.3069;0.3080000000000002;1.0;0.3521363372331799;0.3080000000000002;12.0;0.3080000000000002;12.0
15:34:10 04/08/2020;0.3068;0.3080000000000002;1.0;0.3521363372331799;0.3080000000000002;12.0;0.3080000000000002;12.0
22:18:25 04/08/2020;0.3065;0.3070000000000002;1.0;0.35355339059327345;0.3070000000000002;6.0152777777777775;0.3070000000000002;6.0152777777777775
04:19:20 05/08/2020;0.3078;0.3080000000000002;1.0;0.3521363372331799;0.3080000000000002;6.593055555555556;0.3080000000000002;6.593055555555556
10:54:55 05/08/2020;0.3099;0.3100000000000002;1.0;0.3492849839314593;0.3100000000000002;12.0;0.3100000000000002;12.0
14:14:43 05/08/2020;0.3099;0.3100000000000002;1.0;0.3492849839314593;0.3100000000000002;12.0;0.3100000000000002;12.0
17:38:22 05/08/2020;0.3088;0.3100000000000002;1.0;0.3492849839314593;0.3100000000000002;12.0;0.3100000000000002;12.0
23:23:35 05/08/2020;0.3093;0.3100000000000002;1.0;0.3492849839314593;0.3100000000000002;6.585277777777778;0.3100000000000002;6.585277777777778
05:58:42 06/08/2020;0.3115;0.3120000000000002;1.0;0.34641016151377513;0.3120000000000002;7.011666666666667;0.3120000000000002;7.011666666666667
12:59:24 06/08/2020;0.3147;0.3150000000000002;1.0;0.3420526275297411;0.3150000000000002;12.0;0.3150000000000002;12.0
00:03:52 07/08/2020;0.3144;0.3150000000000002;1.0;0.3420526275297411;0.3150000000000002;12.0;0.3150000000000002;12.0
06:47:18 07/08/2020;0.3137;0.3150000000000002;1.0;0.3420526275297411;0.3150000000000002;12.0;0.3150000000000002;12.0
13:22:35 07/08/2020;0.3119;0.3140000000000002;1.0;0.343511280746353;0.3140000000000002;12.0;0.3140000000000002;12.0
19:32:22 07/08/2020;0.3126;0.3130000000000002;1.0;0.34496376621320646;0.3130000000000002;12.0;0.3130000000000002;12.0
00:43:56 08/08/2020;0.3125;0.3130000000000002;1.0;0.34496376621320646;0.3130000000000002;12.0;0.3130000000000002;12.0
07:08:03 08/08/2020;0.3088;0.3130000000000002;1.0;0.34496376621320646;0.3130000000000002;12.0;0.3130000000000002;12.0
13:45:46 08/08/2020;0.3051;0.3090000000000002;1.0;0.35071355833500334;0.3090000000000002;12.0;0.3090000000000002;12.0
20:54:52 08/08/2020;0.3049;0.3060000000000002;1.0;0.35496478698597667;0.3060000000000002;12.0;0.3060000000000002;12.0
01:32:39 09/08/2020;0.3057;0.3060000000000002;1.0;0.35496478698597667;0.3060000000000002;7.418611111111111;0.3060000000000002;7.418611111111111
08:57:46 09/08/2020;0.3062;0.3070000000000002;1.0;0.35355339059327345;0.3070000000000002;12.0;0.3070000000000002;12.0
14:43:15 09/08/2020;0.3041;0.3070000000000002;1.0;0.35355339059327345;0.3070000000000002;12.0;0.3070000000000002;12.0
19:54:04 09/08/2020;0.3048;0.3070000000000002;1.0;0.35355339059327345;0.3070000000000002;12.0;0.3070000000000002;12.0
01:47:06 10/08/2020;0.3027;0.3050000000000002;1.0;0.35637059362410894;0.3050000000000002;12.0;0.3050000000000002;12.0
07:39:55 10/08/2020;0.2997;0.3050000000000002;1.0;0.35637059362410894;0.3050000000000002;12.0;0.3040000000000002;12.0
12:17:29 10/08/2020;0.2984;0.3030000000000002;1.0;0.3591656999213591;0.3030000000000002;12.0;0.3030000000000002;12.0
19:51:00 10/08/2020;0.2988;0.2990000000000002;1.0;0.36469165057620906;0.2990000000000002;12.0;0.2990000000000002;12.0
05:42:12 11/08/2020;0.2983;0.2990000000000002;1.0;0.36469165057620906;0.2990000000000002;6.873611111111111;0.2990000000000002;6.873611111111111
07:15:03 11/08/2020;0.2983;0.2990000000000002;1.0;0.36469165057620906;0.2990000000000002;5.3261111111111115;0.2990000000000002;5.3261111111111115
12:34:37 11/08/2020;0.2997;0.3000000000000002;1.0;0.3633180424916987;0.3000000000000002;12.0;0.3000000000000002;12.0
17:56:03 11/08/2020;0.2997;0.3000000000000002;1.0;0.3633180424916987;0.3000000000000002;12.0;0.3000000000000002;12.0
20:10:26 11/08/2020;0.2993;0.3000000000000002;1.0;0.3633180424916987;0.3000000000000002;12.0;0.3000000000000002;12.0
01:46:02 12/08/2020;0.2989;0.3000000000000002;1.0;0.3633180424916987;0.3000000000000002;12.0;0.3000000000000002;12.0
09:11:56 12/08/2020;0.2996;0.3000000000000002;1.0;0.3633180424916987;0.3000000000000002;6.860555555555556;0.3000000000000002;6.860555555555556
16:03:34 12/08/2020;0.3005;0.3010000000000002;1.0;0.36193922141707685;0.3010000000000002;12.0;0.3010000000000002;12.0
03:50:05 13/08/2020;0.2997;0.3010000000000002;1.0;0.36193922141707685;0.3010000000000002;7.419444444444444;0.3010000000000002;7.419444444444444
11:15:15 13/08/2020;0.3019;0.3020000000000002;1.0;0.3605551275463986;0.3020000000000002;7.431111111111111;0.3020000000000002;7.431111111111111
18:41:07 13/08/2020;0.3034;0.3040000000000002;1.0;0.357770876399966;0.3040000000000002;12.0;0.3040000000000002;12.0
00:09:11 14/08/2020;0.3033;0.3040000000000002;1.0;0.357770876399966;0.3040000000000002;12.0;0.3040000000000002;12.0
07:01:52 14/08/2020;0.3015;0.3040000000000002;1.0;0.357770876399966;0.3040000000000002;12.0;0.3040000000000002;12.0
14:10:12 14/08/2020;0.2989;0.3020000000000002;1.0;0.3605551275463986;0.3020000000000002;12.0;0.3020000000000002;12.0
01:15:19 15/08/2020;0.2973;0.2990000000000002;1.0;0.36469165057620906;0.2990000000000002;12.0;0.2990000000000002;12.0
06:34:48 15/08/2020;0.2952;0.2980000000000002;1.0;0.36606010435446223;0.2980000000000002;12.0;0.2980000000000002;12.0
11:12:20 15/08/2020;0.2916;0.2980000000000002;1.0;0.36606010435446223;0.2980000000000002;12.0;0.2980000000000002;12.0
16:57:08 15/08/2020;0.2875;0.2960000000000002;1.0;0.3687817782917152;0.2960000000000002;12.0;0.2940000000000002;12.0
22:08:46 15/08/2020;0.2858;0.2920000000000002;1.0;0.37416573867739383;0.2920000000000002;12.0;0.2920000000000002;12.0
05:34:38 16/08/2020;0.2837;0.2860000000000002;1.0;0.3820994634908557;0.2860000000000002;12.0;0.2850000000000002;12.0
10:21:33 16/08/2020;0.2833;0.2840000000000002;1.0;0.38470768123342663;0.2840000000000002;11.345;0.2840000000000002;11.345
16:06:10 16/08/2020;0.2832;0.2840000000000002;1.0;0.38470768123342663;0.2840000000000002;5.601388888888889;0.2845000000000002;12.0
21:42:15 16/08/2020;0.2843;0.2850000000000002;1.0;0.38340579025361604;0.2850000000000002;7.146388888888889;0.2850000000000002;7.146388888888889
04:51:02 17/08/2020;0.2851;0.2860000000000002;1.0;0.3820994634908557;0.2860000000000002;12.0;0.2860000000000002;12.0
10:44:19 17/08/2020;0.2845;0.2860000000000002;1.0;0.3820994634908557;0.2860000000000002;6.3116666666666665;0.2860000000000002;6.3116666666666665
17:03:01 17/08/2020;0.2862;0.2870000000000002;1.0;0.38078865529319517;0.2870000000000002;12.0;0.2870000000000002;12.0
23:55:21 17/08/2020;0.2863;0.2870000000000002;1.0;0.38078865529319517;0.2870000000000002;12.0;0.2870000000000002;12.0
05:48:40 18/08/2020;0.2861;0.2870000000000002;1.0;0.38078865529319517;0.2870000000000002;12.0;0.2870000000000002;12.0
13:14:46 18/08/2020;0.2841;0.2870000000000002;1.0;0.38078865529319517;0.2870000000000002;12.0;0.2870000000000002;12.0
19:22:16 18/08/2020;0.2853;0.2860000000000002;1.0;0.3820994634908557;0.2860000000000002;12.0;0.2860000000000002;12.0
00:36:11 19/08/2020;0.2841;0.2860000000000002;1.0;0.3820994634908557;0.2860000000000002;12.0;0.2860000000000002;12.0
06:04:59 19/08/2020;0.2808;0.2860000000000002;1.0;0.3820994634908557;0.2860000000000002;12.0;0.2855000000000002;12.0
11:15:42 19/08/2020;0.2783;0.2850000000000002;1.0;0.38340579025361604;0.2850000000000002;12.0;0.2850000000000002;12.0
17:25:40 19/08/2020;0.2793;0.2810000000000002;1.0;0.3885871845545087;0.2810000000000002;12.0;0.2810000000000002;12.0
22:28:52 19/08/2020;0.2799;0.2800000000000002;1.0;0.3898717737923583;0.2800000000000002;12.0;0.2800000000000002;12.0
03:31:49 20/08/2020;0.2795;0.2800000000000002;1.0;0.3898717737923583;0.2800000000000002;12.0;0.2800000000000002;12.0
08:51:39 20/08/2020;0.276;0.2800000000000002;1.0;0.3898717737923583;0.2800000000000002;12.0;0.2800000000000002;12.0
12:58:11 20/08/2020;0.276;0.2800000000000002;1.0;0.3898717737923583;0.2800000000000002;12.0;0.27866666666666684;11.18138888888889
14:03:18 20/08/2020;0.2746;0.2800000000000002;1.0;0.3898717737923583;0.2800000000000002;12.0;0.2780000000000002;10.096111111111112
18:40:44 20/08/2020;0.2759;0.2760000000000002;1.0;0.39496835316262974;0.2760000000000002;5.472222222222222;0.2760000000000002;5.472222222222222
00:09:04 21/08/2020;0.277;0.2770000000000002;1.0;0.3937003937005903;0.2770000000000002;5.884722222222222;0.2775000000000002;12.0
06:02:09 21/08/2020;0.2771;0.2780000000000002;1.0;0.3924283374069714;0.2780000000000002;12.0;0.2780000000000002;12.0
12:21:24 21/08/2020;0.2775;0.2780000000000002;1.0;0.3924283374069714;0.2780000000000002;6.036388888888889;0.2780000000000002;6.036388888888889
18:23:35 21/08/2020;0.2783;0.2790000000000002;1.0;0.39115214431215867;0.2790000000000002;6.856388888888889;0.2790000000000002;6.856388888888889
01:14:58 22/08/2020;0.2798;0.2800000000000002;1.0;0.3898717737923583;0.2800000000000002;6.445;0.2800000000000002;6.445
07:41:40 22/08/2020;0.2811;0.2820000000000002;1.0;0.3872983346207414;0.2820000000000002;5.052777777777778;0.2825000000000002;12.0
12:44:50 22/08/2020;0.2821;0.2830000000000002;1.0;0.3860051813123754;0.2830000000000002;12.0;0.2830000000000002;12.0
19:03:09 22/08/2020;0.28;0.2830000000000002;1.0;0.3860051813123754;0.2830000000000002;12.0;0.2830000000000002;12.0
19:58:12 22/08/2020;0.28;0.2830000000000002;1.0;0.3860051813123754;0.2830000000000002;12.0;0.2830000000000002;12.0
00:48:17 23/08/2020;0.2796;0.2800000000000002;1.0;0.3898717737923583;0.2800000000000002;12.0;0.2800000000000002;12.0
05:26:16 23/08/2020;0.2793;0.2800000000000002;1.0;0.3898717737923583;0.2800000000000002;12.0;0.2800000000000002;12.0
11:37:11 23/08/2020;0.2792;0.2800000000000002;1.0;0.3898717737923583;0.2800000000000002;10.233333333333333;0.2800000000000002;10.233333333333333
16:14:20 23/08/2020;0.2796;0.2800000000000002;1.0;0.3898717737923583;0.2800000000000002;5.614166666666667;0.2805000000000002;11.781944444444445
21:51:11 23/08/2020;0.2805;0.2810000000000002;1.0;0.3885871845545087;0.2810000000000002;6.167777777777777;0.2810000000000002;6.167777777777777
04:01:15 24/08/2020;0.2821;0.2830000000000002;1.0;0.3860051813123754;0.2830000000000002;5.609444444444445;0.2835000000000002;12.0
09:37:49 24/08/2020;0.2837;0.2840000000000002;1.0;0.38470768123342663;0.2840000000000002;6.7316666666666665;0.2840000000000002;6.7316666666666665
16:21:43 24/08/2020;0.2855;0.2860000000000002;1.0;0.3820994634908557;0.2860000000000002;9.257777777777777;0.2860000000000002;9.257777777777777
20:59:44 24/08/2020;0.2856;0.2860000000000002;1.0;0.3820994634908557;0.2860000000000002;4.6241666666666665;0.2865000000000002;12.0
01:37:11 25/08/2020;0.2863;0.2870000000000002;1.0;0.38078865529319517;0.2870000000000002;12.0;0.2870000000000002;12.0
08:38:35 25/08/2020;0.2862;0.2870000000000002;1.0;0.38078865529319517;0.2870000000000002;6.716944444444445;0.2870000000000002;6.716944444444445
15:21:36 25/08/2020;0.2872;0.2880000000000002;1.0;0.3794733192202053;0.2880000000000002;12.0;0.2880000000000002;12.0
22:07:53 25/08/2020;0.2875;0.2880000000000002;1.0;0.3794733192202053;0.2880000000000002;6.460555555555556;0.2880000000000002;6.460555555555556
04:35:31 26/08/2020;0.29;0.2900000000000002;1.0;0.37682887362833517;0.2900000000000002;6.438611111111111;0.2900000000000002;6.438611111111111
11:01:50 26/08/2020;0.2928;0.2930000000000002;1.0;0.37282703764614467;0.2930000000000002;12.0;0.2930000000000002;12.0
18:11:07 26/08/2020;0.2924;0.2930000000000002;1.0;0.37282703764614467;0.2930000000000002;12.0;0.2930000000000002;12.0
23:22:55 26/08/2020;0.2905;0.2930000000000002;1.0;0.37282703764614467;0.2930000000000002;12.0;0.2930000000000002;12.0
04:34:00 27/08/2020;0.2872;0.2930000000000002;1.0;0.37282703764614467;0.2930000000000002;12.0;0.2930000000000002;12.0
09:28:15 27/08/2020;0.2857;0.2910000000000002;1.0;0.37549966711037147;0.2910000000000002;12.0;0.2895000000000002;12.0
12:49:03 27/08/2020;0.2857;0.2880000000000002;1.0;0.3794733192202053;0.2880000000000002;12.0;0.2880000000000002;12.0
15:30:15 27/08/2020;0.2865;0.2880000000000002;1.0;0.3794733192202053;0.2880000000000002;12.0;0.2875000000000002;12.0
20:33:03 27/08/2020;0.2864;0.2870000000000002;1.0;0.38078865529319517;0.2870000000000002;11.784166666666666;0.2870000000000002;11.784166666666666
03:32:17 28/08/2020;0.2862;0.2870000000000002;1.0;0.38078865529319517;0.2870000000000002;4.796944444444445;0.2875000000000002;12.0
08:20:06 28/08/2020;0.2872;0.2880000000000002;1.0;0.3794733192202053;0.2880000000000002;11.786111111111111;0.2880000000000002;11.786111111111111
14:46:43 28/08/2020;0.2876;0.2880000000000002;1.0;0.3794733192202053;0.2880000000000002;5.3425;0.2880000000000002;5.3425
20:07:16 28/08/2020;0.2882;0.2890000000000002;1.0;0.37815340802378045;0.2890000000000002;11.3825;0.2890000000000002;11.3825
00:45:51 29/08/2020;0.2889;0.2890000000000002;1.0;0.37815340802378045;0.2890000000000002;6.739444444444445;0.2890000000000002;6.739444444444445
07:30:13 29/08/2020;0.2894;0.2900000000000002;1.0;0.37682887362833517;0.2900000000000002;7.048611111111111;0.2900000000000002;7.048611111111111
14:33:08 29/08/2020;0.2924;0.2930000000000002;1.0;0.37282703764614467;0.2930000000000002;7.141388888888889;0.2930000000000002;7.141388888888889
21:41:37 29/08/2020;0.2937;0.2940000000000002;1.0;0.37148351242013394;0.2940000000000002;12.0;0.2940000000000002;12.0
02:45:17 30/08/2020;0.2935;0.2940000000000002;1.0;0.37148351242013394;0.2940000000000002;7.02;0.2940000000000002;7.02
09:46:29 30/08/2020;0.2943;0.2950000000000002;1.0;0.37013511046643466;0.2950000000000002;4.776666666666666;0.2955000000000002;12.0
14:33:05 30/08/2020;0.2951;0.2960000000000002;1.0;0.3687817782917152;0.2960000000000002;12.0;0.2960000000000002;12.0
21:26:06 30/08/2020;0.2959;0.2960000000000002;1.0;0.3687817782917152;0.2960000000000002;12.0;0.2960000000000002;12.0
04:02:31 31/08/2020;0.2951;0.2960000000000002;1.0;0.3687817782917152;0.2960000000000002;12.0;0.2960000000000002;12.0
11:29:18 31/08/2020;0.291;0.2960000000000002;1.0;0.3687817782917152;0.2960000000000002;12.0;0.2960000000000002;12.0
17:31:46 31/08/2020;0.2906;0.2910000000000002;1.0;0.37549966711037147;0.2910000000000002;7.45;0.2910000000000002;7.45
17:31:46 31/08/2020;0.2906;0.2910000000000002;1.0;0.37549966711037147;0.2910000000000002;7.45;0.2910000000000002;7.45
00:58:46 01/09/2020;0.292;0.2920000000000002;1.0;0.37416573867739383;0.2920000000000002;12.0;0.2920000000000002;12.0
06:10:53 01/09/2020;0.2898;0.2920000000000002;1.0;0.37416573867739383;0.2920000000000002;12.0;0.2920000000000002;12.0
18:16:50 01/09/2020;0.2902;0.2910000000000002;1.0;0.37549966711037147;0.2910000000000002;6.460277777777778;0.2910000000000002;6.460277777777778
00:44:27 02/09/2020;0.2912;0.2920000000000002;1.0;0.37416573867739383;0.2920000000000002;12.0;0.2920000000000002;12.0
06:12:57 02/09/2020;0.2918;0.2920000000000002;1.0;0.37416573867739383;0.2920000000000002;12.0;0.2920000000000002;12.0
13:48:36 02/09/2020;0.2914;0.2920000000000002;1.0;0.37416573867739383;0.2920000000000002;6.886388888888889;0.2920000000000002;6.886388888888889
20:41:47 02/09/2020;0.2925;0.2930000000000002;1.0;0.37282703764614467;0.2930000000000002;6.596666666666667;0.2930000000000002;6.596666666666667
03:17:35 03/09/2020;0.2948;0.2950000000000002;1.0;0.37013511046643466;0.2950000000000002;5.484166666666667;0.2970000000000002;12.0
08:46:38 03/09/2020;0.2984;0.2990000000000002;1.0;0.36469165057620906;0.2990000000000002;7.3052777777777775;0.2990000000000002;7.3052777777777775
16:04:57 03/09/2020;0.3008;0.3010000000000002;1.0;0.36193922141707685;0.3010000000000002;5.616666666666666;0.3015000000000002;12.0
21:41:57 03/09/2020;0.302;0.3020000000000002;1.0;0.3605551275463986;0.3020000000000002;7.456388888888889;0.3020000000000002;7.456388888888889
05:09:20 04/09/2020;0.3036;0.3040000000000002;1.0;0.357770876399966;0.3040000000000002;12.0;0.3040000000000002;12.0
10:45:52 04/09/2020;0.3039;0.3040000000000002;1.0;0.357770876399966;0.3040000000000002;12.0;0.3040000000000002;12.0
16:57:20 04/09/2020;0.304;0.3040000000000002;1.0;0.357770876399966;0.3040000000000002;10.956944444444444;0.3040000000000002;10.956944444444444
03:54:45 05/09/2020;0.3054;0.3060000000000002;1.0;0.35496478698597667;0.3060000000000002;5.481111111111111;0.3060000000000002;5.481111111111111
09:23:37 05/09/2020;0.3071;0.3080000000000002;1.0;0.3521363372331799;0.3080000000000002;12.0;0.3080000000000002;12.0
14:01:46 05/09/2020;0.3072;0.3080000000000002;1.0;0.3521363372331799;0.3080000000000002;12.0;0.3080000000000002;12.0
21:20:12 05/09/2020;0.3059;0.3080000000000002;1.0;0.3521363372331799;0.3080000000000002;12.0;0.3070000000000002;11.799722222222222
03:05:43 06/09/2020;0.3053;0.3060000000000002;1.0;0.35496478698597667;0.3060000000000002;6.041111111111111;0.3060000000000002;6.041111111111111
09:08:11 06/09/2020;0.3063;0.3070000000000002;1.0;0.35355339059327345;0.3070000000000002;12.0;0.3070000000000002;12.0
15:02:16 06/09/2020;0.3061;0.3070000000000002;1.0;0.35355339059327345;0.3070000000000002;12.0;0.3070000000000002;12.0
21:30:21 06/09/2020;0.3062;0.3070000000000002;1.0;0.35355339059327345;0.3070000000000002;10.684166666666666;0.3070000000000002;10.684166666666666
03:24:11 07/09/2020;0.3061;0.3070000000000002;1.0;0.35355339059327345;0.3070000000000002;4.786944444444444;0.3075000000000002;10.685833333333333
08:11:24 07/09/2020;0.3074;0.3080000000000002;1.0;0.3521363372331799;0.3080000000000002;5.898888888888889;0.3080000000000002;5.898888888888889
14:05:20 07/09/2020;0.3093;0.3100000000000002;1.0;0.3492849839314593;0.3100000000000002;12.0;0.3100000000000002;12.0
19:17:12 07/09/2020;0.3094;0.3100000000000002;1.0;0.3492849839314593;0.3100000000000002;12.0;0.3100000000000002;12.0
00:12:14 08/09/2020;0.3091;0.3100000000000002;1.0;0.3492849839314593;0.3100000000000002;11.803055555555556;0.3100000000000002;11.803055555555556
12:00:25 08/09/2020;0.3105;0.3110000000000002;1.0;0.3478505426185214;0.3110000000000002;5.413055555555555;0.3110000000000002;5.413055555555555
17:25:12 08/09/2020;0.3112;0.3120000000000002;1.0;0.34641016151377513;0.3120000000000002;12.0;0.3120000000000002;12.0
22:46:11 08/09/2020;0.3105;0.3120000000000002;1.0;0.34641016151377513;0.3120000000000002;12.0;0.3120000000000002;12.0
05:39:24 09/09/2020;0.3103;0.3110000000000002;1.0;0.3478505426185214;0.3110000000000002;12.0;0.3110000000000002;12.0
11:33:16 09/09/2020;0.3092;0.3110000000000002;1.0;0.3478505426185214;0.3110000000000002;12.0;0.3110000000000002;12.0
17:52:52 09/09/2020;0.3096;0.3100000000000002;1.0;0.3492849839314593;0.3100000000000002;4.776666666666666;0.3105000000000002;12.0
21:08:20 09/09/2020;0.3096;0.3100000000000002;1.0;0.3492849839314593;0.3100000000000002;1.518888888888889;0.3105000000000002;12.0
22:39:28 09/09/2020;0.3106;0.3110000000000002;1.0;0.3478505426185214;0.3110000000000002;12.0;0.3110000000000002;12.0
05:32:43 10/09/2020;0.3109;0.3110000000000002;1.0;0.3478505426185214;0.3110000000000002;12.0;0.3110000000000002;12.0
11:01:08 10/09/2020;0.3104;0.3110000000000002;1.0;0.3478505426185214;0.3110000000000002;12.0;0.3110000000000002;12.0
17:19:26 10/09/2020;0.31;0.3110000000000002;1.0;0.3478505426185214;0.3110000000000002;11.505555555555556;0.3110000000000002;11.505555555555556
22:13:48 10/09/2020;0.3109;0.3110000000000002;1.0;0.3478505426185214;0.3110000000000002;6.599444444444444;0.3110000000000002;6.599444444444444
04:49:46 11/09/2020;0.3116;0.3120000000000002;1.0;0.34641016151377513;0.3120000000000002;12.0;0.3120000000000002;12.0
12:07:56 11/09/2020;0.3083;0.3120000000000002;1.0;0.34641016151377513;0.3120000000000002;12.0;0.3105000000000002;11.516666666666667
16:54:26 11/09/2020;0.3088;0.3090000000000002;1.0;0.35071355833500334;0.3090000000000002;6.741666666666666;0.3090000000000002;6.741666666666666
23:38:56 11/09/2020;0.3091;0.3100000000000002;1.0;0.3492849839314593;0.3100000000000002;12.0;0.3100000000000002;12.0
06:23:23 12/09/2020;0.3083;0.3100000000000002;1.0;0.3492849839314593;0.3100000000000002;12.0;0.3100000000000002;12.0
11:09:13 12/09/2020;0.3079;0.3100000000000002;1.0;0.3492849839314593;0.3100000000000002;12.0;0.3100000000000002;12.0
18:02:25 12/09/2020;0.3056;0.3090000000000002;1.0;0.35071355833500334;0.3090000000000002;12.0;0.3090000000000002;12.0
00:10:20 13/09/2020;0.3041;0.3060000000000002;1.0;0.35496478698597667;0.3060000000000002;12.0;0.3060000000000002;12.0
07:03:27 13/09/2020;0.3024;0.3050000000000002;1.0;0.35637059362410894;0.3050000000000002;12.0;0.3050000000000002;12.0
14:12:43 13/09/2020;0.3037;0.3040000000000002;1.0;0.357770876399966;0.3040000000000002;11.531666666666666;0.3040000000000002;11.531666666666666
20:49:59 13/09/2020;0.3032;0.3040000000000002;1.0;0.357770876399966;0.3040000000000002;4.910555555555556;0.3045000000000002;12.0
01:44:37 14/09/2020;0.3041;0.3050000000000002;1.0;0.35637059362410894;0.3050000000000002;12.0;0.3050000000000002;12.0
07:29:58 14/09/2020;0.303;0.3050000000000002;1.0;0.35637059362410894;0.3050000000000002;12.0;0.3050000000000002;12.0
13:58:11 14/09/2020;0.3044;0.3050000000000002;1.0;0.35637059362410894;0.3050000000000002;12.0;0.3050000000000002;12.0
19:26:43 14/09/2020;0.3041;0.3050000000000002;1.0;0.35637059362410894;0.3050000000000002;11.7975;0.3050000000000002;11.7975
07:14:34 15/09/2020;0.3059;0.3060000000000002;1.0;0.35496478698597667;0.3060000000000002;12.0;0.3060000000000002;12.0
14:16:02 15/09/2020;0.3055;0.3060000000000002;1.0;0.35496478698597667;0.3060000000000002;12.0;0.3060000000000002;12.0
20:14:30 15/09/2020;0.306;0.3060000000000002;1.0;0.35496478698597667;0.3060000000000002;7.511388888888889;0.3060000000000002;7.511388888888889
03:45:11 16/09/2020;0.3077;0.3080000000000002;1.0;0.3521363372331799;0.3080000000000002;6.049722222222222;0.3080000000000002;6.049722222222222
09:48:10 16/09/2020;0.3094;0.3100000000000002;1.0;0.3492849839314593;0.3100000000000002;12.0;0.3100000000000002;12.0
16:59:05 16/09/2020;0.3093;0.3100000000000002;1.0;0.3492849839314593;0.3100000000000002;12.0;0.3100000000000002;12.0
23:52:14 16/09/2020;0.3084;0.3100000000000002;1.0;0.3492849839314593;0.3100000000000002;7.034166666666667;0.3100000000000002;7.034166666666667
06:54:17 17/09/2020;0.3106;0.3110000000000002;1.0;0.3478505426185214;0.3110000000000002;12.0;0.3110000000000002;12.0
14:21:19 17/09/2020;0.3089;0.3110000000000002;1.0;0.3478505426185214;0.3110000000000002;12.0;0.3100000000000002;12.0
19:50:47 17/09/2020;0.3076;0.3090000000000002;1.0;0.35071355833500334;0.3090000000000002;12.0;0.3090000000000002;12.0
01:53:21 18/09/2020;0.3077;0.3090000000000002;1.0;0.35071355833500334;0.3090000000000002;11.403888888888888;0.3090000000000002;11.403888888888888
08:22:14 18/09/2020;0.3083;0.3090000000000002;1.0;0.35071355833500334;0.3090000000000002;4.9225;0.3105000000000002;12.0
13:17:35 18/09/2020;0.3112;0.3120000000000002;1.0;0.34641016151377513;0.3120000000000002;12.0;0.3120000000000002;12.0
20:53:11 18/09/2020;0.311;0.3120000000000002;1.0;0.34641016151377513;0.3120000000000002;12.0;0.3115000000000002;11.392222222222221
01:48:49 19/09/2020;0.3101;0.3110000000000002;1.0;0.3478505426185214;0.3110000000000002;6.465;0.3110000000000002;6.465
08:16:43 19/09/2020;0.3112;0.3120000000000002;1.0;0.34641016151377513;0.3120000000000002;12.0;0.3120000000000002;12.0
14:19:40 19/09/2020;0.3116;0.3120000000000002;1.0;0.34641016151377513;0.3120000000000002;12.0;0.3120000000000002;12.0
19:57:16 19/09/2020;0.3101;0.3120000000000002;1.0;0.34641016151377513;0.3120000000000002;12.0;0.3120000000000002;12.0
01:26:43 20/09/2020;0.3115;0.3120000000000002;1.0;0.34641016151377513;0.3120000000000002;12.0;0.3120000000000002;12.0
08:32:03 20/09/2020;0.311;0.3120000000000002;1.0;0.34641016151377513;0.3120000000000002;12.0;0.3115000000000002;12.0
14:25:42 20/09/2020;0.3076;0.3110000000000002;1.0;0.3478505426185214;0.3110000000000002;12.0;0.3110000000000002;12.0
20:37:35 20/09/2020;0.3068;0.3080000000000002;1.0;0.3521363372331799;0.3080000000000002;12.0;0.3080000000000002;12.0
08:59:46 21/09/2020;0.3055;0.3060000000000002;1.0;0.35496478698597667;0.3060000000000002;12.0;0.3060000000000002;12.0
15:27:57 21/09/2020;0.3057;0.3060000000000002;1.0;0.35496478698597667;0.3060000000000002;5.626666666666667;0.3065000000000002;12.0
21:05:33 21/09/2020;0.3066;0.3070000000000002;1.0;0.35355339059327345;0.3070000000000002;7.61;0.3070000000000002;7.61
04:42:09 22/09/2020;0.3075;0.3080000000000002;1.0;0.3521363372331799;0.3080000000000002;4.780555555555556;0.3085000000000002;12.0
09:28:59 22/09/2020;0.3081;0.3090000000000002;1.0;0.35071355833500334;0.3090000000000002;12.0;0.3090000000000002;12.0
16:14:03 22/09/2020;0.307;0.3090000000000002;1.0;0.35071355833500334;0.3090000000000002;12.0;0.30833333333333357;12.0
17:46:52 22/09/2020;0.307;0.3090000000000002;1.0;0.35071355833500334;0.3090000000000002;12.0;0.3080000000000002;12.0
21:43:14 22/09/2020;0.3061;0.3070000000000002;1.0;0.35355339059327345;0.3070000000000002;12.0;0.3070000000000002;12.0
02:30:10 23/09/2020;0.3052;0.3070000000000002;1.0;0.35355339059327345;0.3070000000000002;12.0;0.3070000000000002;12.0
09:32:26 23/09/2020;0.3069;0.3070000000000002;1.0;0.35355339059327345;0.3070000000000002;12.0;0.3070000000000002;12.0
16:25:48 23/09/2020;0.3064;0.3070000000000002;1.0;0.35355339059327345;0.3070000000000002;12.0;0.3070000000000002;12.0
22:54:29 23/09/2020;0.3062;0.3070000000000002;1.0;0.35355339059327345;0.3070000000000002;10.963333333333333;0.3070000000000002;10.963333333333333
09:52:17 24/09/2020;0.3098;0.3100000000000002;1.0;0.3492849839314593;0.3100000000000002;12.0;0.3100000000000002;12.0
15:38:16 24/09/2020;0.3097;0.3100000000000002;1.0;0.3492849839314593;0.3100000000000002;12.0;0.3100000000000002;12.0
20:16:45 24/09/2020;0.3093;0.3100000000000002;1.0;0.3492849839314593;0.3100000000000002;12.0;0.3100000000000002;12.0
01:37:47 25/09/2020;0.3083;0.3100000000000002;1.0;0.3492849839314593;0.3100000000000002;12.0;0.3100000000000002;12.0
08:56:35 25/09/2020;0.31;0.3100000000000002;1.0;0.3492849839314593;0.3100000000000002;12.0;0.3100000000000002;12.0
14:09:24 25/09/2020;0.3096;0.3100000000000002;1.0;0.3492849839314593;0.3100000000000002;12.0;0.3100000000000002;12.0
21:10:35 25/09/2020;0.3081;0.3100000000000002;1.0;0.3492849839314593;0.3100000000000002;10.706666666666667;0.3100000000000002;10.706666666666667
02:06:12 26/09/2020;0.3094;0.3100000000000002;1.0;0.3492849839314593;0.3100000000000002;5.779722222222222;0.3100000000000002;5.779722222222222
07:52:59 26/09/2020;0.3105;0.3110000000000002;1.0;0.3478505426185214;0.3110000000000002;5.611111111111111;0.3130000000000002;12.0
13:29:39 26/09/2020;0.3141;0.3150000000000002;1.0;0.3420526275297411;0.3150000000000002;6.619166666666667;0.3150000000000002;6.619166666666667
20:06:48 26/09/2020;0.3207;0.32100000000000023;1.0;0.3331666249791533;0.32100000000000023;7.032222222222222;0.32100000000000023;7.032222222222222
03:08:44 27/09/2020;0.3221;0.32300000000000023;1.0;0.3301514803843832;0.32300000000000023;5.6275;0.32300000000000023;5.6275
08:46:23 27/09/2020;0.3241;0.32500000000000023;1.0;0.32710854467592215;0.32500000000000023;5.3425;0.32500000000000023;5.3425
14:06:56 27/09/2020;0.3264;0.32700000000000023;1.0;0.32403703492039265;0.32700000000000023;5.478055555555556;0.32700000000000023;5.478055555555556
19:35:37 27/09/2020;0.3273;0.32800000000000024;1.0;0.3224903099319416;0.32800000000000024;12.0;0.32800000000000024;12.0
01:13:30 28/09/2020;0.3272;0.32800000000000024;1.0;0.3224903099319416;0.32800000000000024;6.468333333333334;0.32800000000000024;6.468333333333334
07:41:36 28/09/2020;0.3297;0.33000000000000024;1.0;0.31937438845342586;0.33000000000000024;12.0;0.33000000000000024;12.0
13:44:17 28/09/2020;0.3295;0.33000000000000024;1.0;0.31937438845342586;0.33000000000000024;12.0;0.33000000000000024;12.0
18:23:08 28/09/2020;0.3279;0.33000000000000024;1.0;0.31937438845342586;0.33000000000000024;12.0;0.33000000000000024;12.0
01:44:43 29/09/2020;0.3279;0.32800000000000024;1.0;0.3224903099319416;0.32800000000000024;12.0;0.32800000000000024;12.0
01:50:14 29/09/2020;0.3273;0.32800000000000024;1.0;0.3224903099319416;0.32800000000000024;12.0;0.32800000000000024;12.0
08:18:17 29/09/2020;0.3274;0.32800000000000024;1.0;0.3224903099319416;0.32800000000000024;12.0;0.32800000000000024;12.0
15:46:11 29/09/2020;0.328;0.32800000000000024;1.0;0.3224903099319416;0.32800000000000024;12.0;0.32800000000000024;12.0
22:22:30 29/09/2020;0.3277;0.32800000000000024;1.0;0.3224903099319416;0.32800000000000024;12.0;0.32800000000000024;12.0
04:42:15 30/09/2020;0.3264;0.32800000000000024;1.0;0.3224903099319416;0.32800000000000024;12.0;0.32800000000000024;12.0
05:27:27 30/09/2020;0.3264;0.32800000000000024;1.0;0.3224903099319416;0.32800000000000024;12.0;0.32800000000000024;12.0
11:35:48 30/09/2020;0.3258;0.32700000000000023;1.0;0.32403703492039265;;;;
19:03:33 30/09/2020;0.3266;0.32700000000000023;1.0;0.32403703492039265;;;;
