08:24:23 01/01/2020;Wednesday;0.1681;0.16900000000000012;1.0;0.5128352561983233;0.9031344258536862;1.0;0.16900000000000012;12.0;1.0;1.0;0.16900000000000012;12.0;1.0;1.0;0.16900000000000012;12.0;1.0;Now
15:06:33 01/01/2020;Wednesday;0.1678;0.16900000000000012;1.0;0.5128352561983233;0.9031344258536862;1.0;0.16900000000000012;12.0;1.0;1.0;0.16850000000000012;12.0;1.0;1.0;0.16900000000000012;12.0;1.0;Now
01:18:02 02/01/2020;Thursday;0.1677;0.16800000000000012;1.0;0.5138093031466051;0.9112898625985212;1.0;0.16800000000000012;12.0;1.0;1.0;0.16800000000000012;12.0;1.0;1.0;0.16800000000000012;12.0;1.0;Now
14:08:17 02/01/2020;Thursday;0.1675;0.16800000000000012;1.0;0.5138093031466051;0.9112898625985212;1.0;0.16800000000000012;12.0;1.0;1.0;0.16800000000000012;12.0;1.0;1.0;0.16800000000000012;12.0;1.0;Now
20:58:38 02/01/2020;Thursday;0.1671;0.16800000000000012;1.0;0.5138093031466051;0.9112898625985212;1.0;0.16800000000000012;12.0;1.0;1.0;0.16800000000000012;12.0;1.0;1.0;0.16800000000000012;12.0;1.0;Now
02:42:05 03/01/2020;Friday;0.1672;0.16800000000000012;1.0;0.5138093031466051;0.9112898625985212;1.0;0.16800000000000012;12.0;1.0;1.0;0.16800000000000012;12.0;1.0;1.0;0.16800000000000012;12.0;1.0;Now
10:14:31 03/01/2020;Friday;0.1675;0.16800000000000012;1.0;0.5138093031466051;0.9112898625985212;1.0;0.16800000000000012;12.0;1.0;1.0;0.16800000000000012;12.0;1.0;1.0;0.16800000000000012;12.0;1.0;Now
17:21:25 03/01/2020;Friday;0.1671;0.16800000000000012;1.0;0.5138093031466051;0.9112898625985212;1.0;0.16800000000000012;12.0;1.0;1.0;0.16800000000000012;12.0;1.0;1.0;0.16800000000000012;12.0;1.0;Now
23:39:13 03/01/2020;Friday;0.1666;0.16800000000000012;1.0;0.5138093031466051;0.9112898625985212;1.0;0.16800000000000012;12.0;1.0;1.0;0.16750000000000012;12.0;1.0;1.0;0.16800000000000012;12.0;1.0;Now
06:54:31 04/01/2020;Saturday;0.1659;0.16700000000000012;1.0;0.5147815070493499;0.9194298680119178;1.0;0.16700000000000012;12.0;1.0;1.0;0.16633333333333344;12.0;1.0;1.0;0.16650000000000012;12.0;1.0;Now
12:45:17 04/01/2020;Saturday;0.1658;0.16600000000000012;1.0;0.515751878329105;0.9275545293591009;1.0;0.16600000000000012;12.0;1.0;1.0;0.16600000000000012;12.0;1.0;1.0;0.16600000000000012;12.0;1.0;Now
18:46:03 04/01/2020;Saturday;0.1653;0.16600000000000012;1.0;0.515751878329105;0.9275545293591009;1.0;0.16600000000000012;12.0;1.0;1.0;0.16600000000000012;12.0;1.0;1.0;0.16600000000000012;12.0;1.0;Now
00:46:44 05/01/2020;Sunday;0.165;0.16600000000000012;1.0;0.515751878329105;0.9275545293591009;1.0;0.16600000000000012;12.0;1.0;1.0;0.16566666666666677;12.0;1.0;1.0;0.16600000000000012;12.0;1.0;Now
06:04:57 05/01/2020;Sunday;0.1648;0.16600000000000012;1.0;0.515751878329105;0.9275545293591009;1.0;0.16600000000000012;12.0;1.0;1.0;0.16533333333333344;12.0;1.0;1.0;0.16600000000000012;12.0;1.0;Now
11:39:46 05/01/2020;Sunday;0.1645;0.16500000000000012;1.0;0.5167204273105525;0.9356639330858951;1.0;0.16500000000000012;12.0;1.0;1.0;0.16500000000000012;12.0;1.0;1.0;0.16500000000000012;12.0;1.0;Now
16:58:02 05/01/2020;Sunday;0.1643;0.16500000000000012;1.0;0.5167204273105525;0.9356639330858951;1.0;0.16500000000000012;12.0;1.0;1.0;0.16500000000000012;12.0;1.0;1.0;0.16500000000000012;12.0;1.0;Now
21:52:01 05/01/2020;Sunday;0.1643;0.16500000000000012;1.0;0.5167204273105525;0.9356639330858951;1.0;0.16500000000000012;12.0;1.0;1.0;0.16500000000000012;12.0;1.0;1.0;0.16500000000000012;12.0;1.0;Now
00:21:42 06/01/2020;Monday;0.164;0.16500000000000012;1.0;0.5167204273105525;0.9356639330858951;1.0;0.16500000000000012;12.0;1.0;1.0;0.16500000000000012;12.0;1.0;1.0;0.16500000000000012;12.0;1.0;Now
07:03:31 06/01/2020;Monday;0.1637;0.16500000000000012;1.0;0.5167204273105525;0.9356639330858951;1.0;0.16500000000000012;12.0;1.0;1.0;0.16433333333333344;12.0;1.0;1.0;0.16500000000000012;12.0;1.0;Now
14:10:21 06/01/2020;Monday;0.1633;0.16400000000000012;1.0;0.5176871642217913;0.9437581648294601;1.0;0.16400000000000012;12.0;1.0;1.0;0.16400000000000012;12.0;1.0;1.0;0.16400000000000012;12.0;1.0;Now
18:06:13 06/01/2020;Monday;0.1633;0.16400000000000012;1.0;0.5176871642217913;0.9437581648294601;1.0;0.16400000000000012;12.0;1.0;1.0;0.16400000000000012;12.0;1.0;1.0;0.16400000000000012;12.0;1.0;Now
21:01:25 06/01/2020;Monday;0.1629;0.16400000000000012;1.0;0.5176871642217913;0.9437581648294601;1.0;0.16400000000000012;12.0;1.0;1.0;0.16400000000000012;12.0;1.0;1.0;0.16400000000000012;12.0;1.0;Now
02:19:25 07/01/2020;Tuesday;0.1632;0.16400000000000012;1.0;0.5176871642217913;0.9437581648294601;1.0;0.16400000000000012;12.0;1.0;1.0;0.16400000000000012;12.0;1.0;1.0;0.16400000000000012;12.0;1.0;Now
07:04:01 07/01/2020;Tuesday;0.1633;0.16400000000000012;1.0;0.5176871642217913;0.9437581648294601;1.0;0.16400000000000012;12.0;1.0;1.0;0.16400000000000012;12.0;1.0;1.0;0.16400000000000012;12.0;1.0;Now
09:05:29 07/01/2020;Tuesday;0.1633;0.16400000000000012;1.0;0.5176871642217913;0.9437581648294601;1.0;0.16400000000000012;12.0;1.0;1.0;0.16400000000000012;12.0;1.0;1.0;0.16400000000000012;12.0;1.0;Now
13:12:53 07/01/2020;Tuesday;0.1628;0.16400000000000012;1.0;0.5176871642217913;0.9437581648294601;1.0;0.16400000000000012;12.0;1.0;1.0;0.16400000000000012;12.0;1.0;1.0;0.16400000000000012;12.0;1.0;Now
19:20:39 07/01/2020;Tuesday;0.1625;0.16400000000000012;1.0;0.5176871642217913;0.9437581648294601;1.0;0.16400000000000012;12.0;1.0;1.0;0.16400000000000012;12.0;1.0;1.0;0.16400000000000012;12.0;1.0;Now
14:11:49 08/01/2020;Wednesday;0.1622;0.16300000000000012;1.0;0.5186520991955975;0.9518373094288419;1.0;0.16300000000000012;12.0;1.0;1.0;0.16300000000000012;12.0;1.0;1.0;0.16300000000000012;12.0;1.0;Now
20:12:02 08/01/2020;Wednesday;0.1624;0.16300000000000012;1.0;0.5186520991955975;0.9518373094288419;1.0;0.16300000000000012;12.0;1.0;1.0;0.16300000000000012;12.0;1.0;1.0;0.16300000000000012;12.0;1.0;Now
02:54:13 09/01/2020;Thursday;0.162;0.16300000000000012;1.0;0.5186520991955975;0.9518373094288419;1.0;0.16300000000000012;12.0;1.0;1.0;0.16266666666666676;12.0;1.0;1.0;0.16300000000000012;12.0;1.0;Now
07:38:55 09/01/2020;Thursday;0.1612;0.16300000000000012;1.0;0.5186520991955975;0.9518373094288419;1.0;0.16300000000000012;12.0;1.0;1.0;0.16233333333333344;12.0;1.0;1.0;0.16300000000000012;12.0;1.0;Now
12:49:06 09/01/2020;Thursday;0.1611;0.16200000000000012;1.0;0.5196152422706631;0.9599014509353463;1.0;0.16200000000000012;12.0;1.0;1.0;0.16200000000000012;12.0;1.0;1.0;0.16200000000000012;12.0;1.0;Now
17:59:03 09/01/2020;Thursday;0.1606;0.16200000000000012;1.0;0.5196152422706631;0.9599014509353463;1.0;0.16200000000000012;12.0;1.0;1.0;0.16166666666666676;12.0;1.0;1.0;0.16200000000000012;12.0;1.0;Now
23:42:36 09/01/2020;Thursday;0.1594;0.16200000000000012;1.0;0.5196152422706631;0.9599014509353463;1.0;0.16200000000000012;12.0;1.0;1.0;0.16100000000000012;12.0;1.0;1.0;0.16200000000000012;12.0;1.0;Now
05:00:21 10/01/2020;Friday;0.1587;0.16100000000000012;1.0;0.5205766033928148;0.9679506726227413;1.0;0.16100000000000012;12.0;1.0;1.0;0.16000000000000011;12.0;1.0;1.0;0.16050000000000011;12.0;1.0;Now
10:43:30 10/01/2020;Friday;0.1581;0.16000000000000011;1.0;0.5215361924162119;0.9759850569972905;1.0;0.16000000000000011;12.0;1.0;1.0;0.1592500000000001;12.0;1.0;1.0;0.16000000000000011;12.0;1.0;Now
16:44:03 10/01/2020;Friday;0.158;0.1590000000000001;1.0;0.5224940191045252;0.9840046858076197;1.0;0.1590000000000001;12.0;1.0;1.0;0.1587500000000001;12.0;1.0;1.0;0.1590000000000001;12.0;1.0;Now
20:27:00 10/01/2020;Friday;0.158;0.1590000000000001;1.0;0.5224940191045252;0.9840046858076197;1.0;0.1590000000000001;12.0;1.0;1.0;0.15866666666666676;12.0;1.0;1.0;0.1590000000000001;12.0;1.0;Now
22:36:15 10/01/2020;Friday;0.1574;0.1590000000000001;1.0;0.5224940191045252;0.9840046858076197;1.0;0.1590000000000001;12.0;1.0;1.0;0.15833333333333344;12.0;1.0;1.0;0.1585000000000001;12.0;1.0;Now
03:29:31 11/01/2020;Saturday;0.157;0.1580000000000001;1.0;0.5234500931320959;0.9920096400544208;1.0;0.1580000000000001;12.0;1.0;1.0;0.1580000000000001;12.0;1.0;1.0;0.1580000000000001;12.0;1.0;Now
09:54:26 11/01/2020;Saturday;0.1568;0.1580000000000001;1.0;0.5234500931320959;0.9920096400544208;1.0;0.1580000000000001;12.0;1.0;1.0;0.1580000000000001;12.0;1.0;1.0;0.1580000000000001;12.0;1.0;Now
15:46:32 11/01/2020;Saturday;0.1573;0.1580000000000001;1.0;0.5234500931320959;0.9920096400544208;0.9654166666666667;0.1580000000000001;11.585;0.9654166666666667;1.0;0.15833333333333344;12.0;1.0;0.9654166666666667;0.1580000000000001;11.585;0.9654166666666667;Now
20:39:34 11/01/2020;Saturday;0.1577;0.1580000000000001;1.0;0.5234500931320959;0.9920096400544208;0.5584259259259259;0.1580000000000001;6.7011111111111115;0.5584259259259259;1.0;0.15866666666666676;12.0;1.0;0.5584259259259259;0.1580000000000001;6.7011111111111115;0.5584259259259259;Now
03:21:38 12/01/2020;Sunday;0.1584;0.1590000000000001;1.0;0.5224940191045252;0.9840046858076197;0.9068287037037037;0.1590000000000001;10.881944444444445;0.9068287037037037;1.0;0.15933333333333344;12.0;1.0;0.9068287037037037;0.1590000000000001;10.881944444444445;0.9068287037037037;Now
07:57:31 12/01/2020;Sunday;0.159;0.1590000000000001;1.0;0.5224940191045252;0.9840046858076197;0.5236574074074074;0.1590000000000001;6.283888888888889;0.5236574074074074;1.0;0.15966666666666676;12.0;1.0;0.5236574074074074;0.1590000000000001;6.283888888888889;0.5236574074074074;Now
14:14:33 12/01/2020;Sunday;0.1591;0.16000000000000011;1.0;0.5215361924162119;0.9759850569972905;1.0;0.16000000000000011;12.0;1.0;1.0;0.16000000000000011;12.0;1.0;1.0;0.16000000000000011;12.0;1.0;Now
19:41:06 12/01/2020;Sunday;0.1595;0.16000000000000011;1.0;0.5215361924162119;0.9759850569972905;0.8606944444444444;0.16000000000000011;10.328333333333333;0.8606944444444444;1.0;0.16033333333333344;12.0;1.0;0.8606944444444444;0.16000000000000011;10.328333333333333;0.8606944444444444;Now
00:34:23 13/01/2020;Monday;0.1599;0.16000000000000011;1.0;0.5215361924162119;0.9759850569972905;0.4533564814814815;0.16000000000000011;5.440277777777778;0.4533564814814815;1.0;0.16066666666666676;12.0;1.0;0.4533564814814815;0.16000000000000011;5.440277777777778;0.4533564814814815;Now
06:00:48 13/01/2020;Monday;0.1603;0.16100000000000012;1.0;0.5205766033928148;0.9679506726227413;1.0;0.16100000000000012;12.0;1.0;1.0;0.16100000000000012;12.0;1.0;1.0;0.16100000000000012;12.0;1.0;Now
11:19:49 13/01/2020;Monday;0.1605;0.16100000000000012;1.0;0.5205766033928148;0.9679506726227413;1.0;0.16100000000000012;12.0;1.0;1.0;0.16100000000000012;12.0;1.0;1.0;0.16100000000000012;12.0;1.0;Now
16:45:54 13/01/2020;Monday;0.1608;0.16100000000000012;1.0;0.5205766033928148;0.9679506726227413;1.0;0.16100000000000012;12.0;1.0;1.0;0.16100000000000012;12.0;1.0;1.0;0.16100000000000012;12.0;1.0;Now
23:27:51 13/01/2020;Monday;0.1605;0.16100000000000012;1.0;0.5205766033928148;0.9679506726227413;1.0;0.16100000000000012;12.0;1.0;1.0;0.16100000000000012;12.0;1.0;1.0;0.16100000000000012;12.0;1.0;Now
06:43:27 14/01/2020;Tuesday;0.1598;0.16100000000000012;1.0;0.5205766033928148;0.9679506726227413;1.0;0.16100000000000012;12.0;1.0;1.0;0.16033333333333344;12.0;1.0;1.0;0.16050000000000011;12.0;1.0;Now
11:29:59 14/01/2020;Tuesday;0.1594;0.16000000000000011;1.0;0.5215361924162119;0.9759850569972905;0.9856944444444444;0.16000000000000011;11.828333333333333;0.9856944444444444;1.0;0.16025000000000011;12.0;1.0;0.9856944444444444;0.16000000000000011;11.828333333333333;0.9856944444444444;Now
17:59:26 14/01/2020;Tuesday;0.1596;0.16000000000000011;1.0;0.5215361924162119;0.9759850569972905;0.49671296296296297;0.16000000000000011;5.3375;0.44479166666666664;1.0;0.16050000000000011;12.0;1.0;1.0;0.16050000000000011;12.0;1.0;Now
21:13:46 14/01/2020;Tuesday;0.1596;0.16000000000000011;1.0;0.5215361924162119;0.9759850569972905;0.49671296296296297;0.16000000000000011;2.098611111111111;0.17488425925925927;1.0;0.16066666666666676;12.0;1.0;1.0;0.16050000000000011;12.0;1.0;Now
23:19:41 14/01/2020;Tuesday;0.1603;0.16100000000000012;1.0;0.5205766033928148;0.9679506726227413;1.0;0.16100000000000012;12.0;1.0;1.0;0.16100000000000012;12.0;1.0;1.0;0.16100000000000012;12.0;1.0;Now
05:22:03 15/01/2020;Wednesday;0.1599;0.16100000000000012;1.0;0.5205766033928148;0.9679506726227413;1.0;0.16100000000000012;12.0;1.0;1.0;0.16100000000000012;12.0;1.0;1.0;0.16100000000000012;12.0;1.0;Now
10:06:17 15/01/2020;Wednesday;0.1598;0.16100000000000012;1.0;0.5205766033928148;0.9679506726227413;0.6170833333333333;0.16100000000000012;7.405;0.6170833333333333;1.0;0.16166666666666676;12.0;1.0;0.6170833333333333;0.16100000000000012;7.405;0.6170833333333333;Now
17:30:35 15/01/2020;Wednesday;0.1612;0.16200000000000012;1.0;0.5196152422706631;0.9599014509353463;1.0;0.16200000000000012;12.0;1.0;1.0;0.16200000000000012;12.0;1.0;1.0;0.16200000000000012;12.0;1.0;Now
19:30:34 15/01/2020;Wednesday;0.1612;0.16200000000000012;1.0;0.5196152422706631;0.9599014509353463;0.8576388888888888;0.16200000000000012;10.291666666666666;0.8576388888888888;1.0;0.16233333333333344;12.0;1.0;0.8576388888888888;0.16200000000000012;10.291666666666666;0.8576388888888888;Now
23:13:55 15/01/2020;Wednesday;0.1611;0.16200000000000012;1.0;0.5196152422706631;0.9599014509353463;0.5474305555555555;0.16200000000000012;6.569166666666667;0.5474305555555555;1.0;0.16250000000000012;12.0;1.0;0.5474305555555555;0.16200000000000012;6.569166666666667;0.5474305555555555;Now
05:48:04 16/01/2020;Thursday;0.1624;0.16300000000000012;1.0;0.5186520991955975;0.9518373094288419;0.5819907407407408;0.16300000000000012;6.983888888888889;0.5819907407407408;1.0;0.16500000000000012;12.0;1.0;0.5819907407407408;0.16300000000000012;6.983888888888889;0.5819907407407408;Now
12:47:06 16/01/2020;Thursday;0.1651;0.16600000000000012;1.0;0.515751878329105;0.9275545293591009;1.0;0.16600000000000012;12.0;1.0;1.0;0.16600000000000012;12.0;1.0;1.0;0.16600000000000012;12.0;1.0;Now
17:32:21 16/01/2020;Thursday;0.1657;0.16600000000000012;1.0;0.515751878329105;0.9275545293591009;1.0;0.16600000000000012;12.0;1.0;1.0;0.16600000000000012;12.0;1.0;1.0;0.16600000000000012;12.0;1.0;Now
08:03:44 17/01/2020;Friday;0.1665;0.16700000000000012;1.0;0.5147815070493499;0.9194298680119178;0.5344907407407408;0.16700000000000012;5.1722222222222225;0.4310185185185185;1.0;0.16766666666666677;12.0;1.0;0.5344907407407408;0.16700000000000012;5.1722222222222225;0.4310185185185185;Now
13:14:04 17/01/2020;Friday;0.1673;0.16800000000000012;1.0;0.5138093031466051;0.9112898625985212;1.0;0.16800000000000012;12.0;1.0;1.0;0.16800000000000012;12.0;1.0;1.0;0.16800000000000012;12.0;1.0;Now
18:49:14 17/01/2020;Friday;0.1664;0.16800000000000012;1.0;0.5138093031466051;0.9112898625985212;1.0;0.16800000000000012;12.0;1.0;1.0;0.16750000000000012;12.0;1.0;1.0;0.16800000000000012;12.0;1.0;Now
01:39:09 18/01/2020;Saturday;0.1655;0.16700000000000012;1.0;0.5147815070493499;0.9194298680119178;1.0;0.16700000000000012;12.0;1.0;1.0;0.16650000000000012;12.0;1.0;1.0;0.16700000000000012;12.0;1.0;Now
07:48:29 18/01/2020;Saturday;0.165;0.16600000000000012;1.0;0.515751878329105;0.9275545293591009;1.0;0.16600000000000012;12.0;1.0;1.0;0.16600000000000012;12.0;1.0;1.0;0.16600000000000012;12.0;1.0;Now
14:05:46 18/01/2020;Saturday;0.1651;0.16600000000000012;1.0;0.515751878329105;0.9275545293591009;1.0;0.16600000000000012;12.0;1.0;1.0;0.16600000000000012;12.0;1.0;1.0;0.16600000000000012;12.0;1.0;Now
20:22:17 18/01/2020;Saturday;0.1657;0.16600000000000012;1.0;0.515751878329105;0.9275545293591009;0.5814814814814815;0.16600000000000012;6.977777777777778;0.5814814814814815;1.0;0.16666666666666677;12.0;1.0;0.5814814814814815;0.16600000000000012;6.977777777777778;0.5814814814814815;Now
03:20:57 19/01/2020;Sunday;0.1665;0.16700000000000012;1.0;0.5147815070493499;0.9194298680119178;0.92;0.16700000000000012;11.04;0.92;1.0;0.16733333333333344;12.0;1.0;0.92;0.16700000000000012;11.04;0.92;Now
08:14:41 19/01/2020;Sunday;0.1669;0.16700000000000012;1.0;0.5147815070493499;0.9194298680119178;0.5120370370370371;0.16700000000000012;6.144444444444445;0.5120370370370371;1.0;0.16750000000000012;12.0;1.0;0.5120370370370371;0.16700000000000012;6.144444444444445;0.5120370370370371;Now
14:23:21 19/01/2020;Sunday;0.1671;0.16800000000000012;1.0;0.5138093031466051;0.9112898625985212;0.5700462962962963;0.16800000000000012;6.8405555555555555;0.5700462962962963;1.0;0.16866666666666677;12.0;1.0;0.5700462962962963;0.16800000000000012;6.8405555555555555;0.5700462962962963;Now
21:13:47 19/01/2020;Sunday;0.1688;0.16900000000000012;1.0;0.5128352561983233;0.9031344258536862;1.0;0.16900000000000012;12.0;1.0;1.0;0.16900000000000012;12.0;1.0;1.0;0.16900000000000012;12.0;1.0;Now
01:57:55 20/01/2020;Monday;0.169;0.16900000000000012;1.0;0.5128352561983233;0.9031344258536862;1.0;0.16900000000000012;12.0;1.0;1.0;0.16900000000000012;12.0;1.0;1.0;0.16900000000000012;12.0;1.0;Now
09:22:46 20/01/2020;Monday;0.1671;0.16900000000000012;1.0;0.5128352561983233;0.9031344258536862;1.0;0.16900000000000012;12.0;1.0;1.0;0.16850000000000012;12.0;1.0;1.0;0.16900000000000012;12.0;1.0;Now
16:29:39 20/01/2020;Monday;0.1679;0.16800000000000012;1.0;0.5138093031466051;0.9112898625985212;1.0;0.16800000000000012;12.0;1.0;1.0;0.16800000000000012;12.0;1.0;1.0;0.16800000000000012;12.0;1.0;Now
21:31:31 20/01/2020;Monday;0.1667;0.16800000000000012;1.0;0.5138093031466051;0.9112898625985212;1.0;0.16800000000000012;12.0;1.0;1.0;0.16800000000000012;12.0;1.0;1.0;0.16800000000000012;12.0;1.0;Now
02:32:39 21/01/2020;Tuesday;0.1661;0.16800000000000012;1.0;0.5138093031466051;0.9112898625985212;1.0;0.16800000000000012;12.0;1.0;1.0;0.16750000000000012;12.0;1.0;1.0;0.16800000000000012;12.0;1.0;Now
09:48:08 21/01/2020;Tuesday;0.1663;0.16700000000000012;1.0;0.5147815070493499;0.9194298680119178;1.0;0.16700000000000012;12.0;1.0;1.0;0.16700000000000012;12.0;1.0;1.0;0.16700000000000012;12.0;1.0;Now
15:48:40 21/01/2020;Tuesday;0.1665;0.16700000000000012;1.0;0.5147815070493499;0.9194298680119178;1.0;0.16700000000000012;12.0;1.0;1.0;0.16700000000000012;12.0;1.0;1.0;0.16700000000000012;12.0;1.0;Now
20:29:56 21/01/2020;Tuesday;0.1661;0.16700000000000012;1.0;0.5147815070493499;0.9194298680119178;1.0;0.16700000000000012;12.0;1.0;1.0;0.16700000000000012;12.0;1.0;1.0;0.16700000000000012;12.0;1.0;Now
03:56:15 22/01/2020;Wednesday;0.1646;0.16700000000000012;1.0;0.5147815070493499;0.9194298680119178;1.0;0.16700000000000012;12.0;1.0;1.0;0.16600000000000012;12.0;1.0;1.0;0.16700000000000012;12.0;1.0;Now
11:03:09 22/01/2020;Wednesday;0.1643;0.16500000000000012;1.0;0.5167204273105525;0.9356639330858951;0.617037037037037;0.16500000000000012;7.404444444444445;0.617037037037037;1.0;0.16550000000000012;12.0;1.0;0.617037037037037;0.16500000000000012;7.404444444444445;0.617037037037037;Now
18:27:25 22/01/2020;Wednesday;0.1652;0.16600000000000012;1.0;0.515751878329105;0.9275545293591009;1.0;0.16600000000000012;12.0;1.0;1.0;0.16600000000000012;12.0;1.0;1.0;0.16600000000000012;12.0;1.0;Now
05:54:47 23/01/2020;Thursday;0.1655;0.16600000000000012;1.0;0.515751878329105;0.9275545293591009;1.0;0.16600000000000012;12.0;1.0;1.0;0.16600000000000012;12.0;1.0;1.0;0.16600000000000012;12.0;1.0;Now
13:18:29 23/01/2020;Thursday;0.1647;0.16600000000000012;1.0;0.515751878329105;0.9275545293591009;1.0;0.16600000000000012;12.0;1.0;1.0;0.16566666666666677;12.0;1.0;1.0;0.16600000000000012;12.0;1.0;Now
19:10:04 23/01/2020;Thursday;0.1645;0.16500000000000012;1.0;0.5167204273105525;0.9356639330858951;0.4075925925925926;0.16500000000000012;4.891111111111111;0.4075925925925926;1.0;0.16566666666666677;12.0;1.0;1.0;0.16550000000000012;12.0;1.0;Now
00:03:32 24/01/2020;Friday;0.1651;0.16600000000000012;1.0;0.515751878329105;0.9275545293591009;1.0;0.16600000000000012;12.0;1.0;1.0;0.16600000000000012;12.0;1.0;1.0;0.16600000000000012;12.0;1.0;Now
06:53:31 24/01/2020;Friday;0.1656;0.16600000000000012;1.0;0.515751878329105;0.9275545293591009;1.0;0.16600000000000012;12.0;1.0;1.0;0.16600000000000012;12.0;1.0;1.0;0.16600000000000012;12.0;1.0;Now
13:18:55 24/01/2020;Friday;0.1652;0.16600000000000012;1.0;0.515751878329105;0.9275545293591009;1.0;0.16600000000000012;12.0;1.0;1.0;0.16600000000000012;12.0;1.0;1.0;0.16600000000000012;12.0;1.0;Now
20:50:58 24/01/2020;Friday;0.1645;0.16600000000000012;1.0;0.515751878329105;0.9275545293591009;1.0;0.16600000000000012;12.0;1.0;1.0;0.16533333333333344;12.0;1.0;1.0;0.16600000000000012;12.0;1.0;Now
03:24:52 25/01/2020;Saturday;0.1639;0.16500000000000012;1.0;0.5167204273105525;0.9356639330858951;1.0;0.16500000000000012;12.0;1.0;1.0;0.16466666666666677;12.0;1.0;1.0;0.16500000000000012;12.0;1.0;Now
08:10:21 25/01/2020;Saturday;0.1635;0.16500000000000012;1.0;0.5167204273105525;0.9356639330858951;1.0;0.16500000000000012;12.0;1.0;1.0;0.16466666666666677;12.0;1.0;1.0;0.16500000000000012;12.0;1.0;Now
14:52:34 25/01/2020;Saturday;0.1634;0.16400000000000012;1.0;0.5176871642217913;0.9437581648294601;0.3947222222222222;0.16400000000000012;4.6;0.38333333333333336;1.0;0.16466666666666677;12.0;1.0;1.0;0.16450000000000012;12.0;1.0;Now
19:28:34 25/01/2020;Saturday;0.1642;0.16500000000000012;1.0;0.5167204273105525;0.9356639330858951;1.0;0.16500000000000012;12.0;1.0;1.0;0.16500000000000012;12.0;1.0;1.0;0.16500000000000012;12.0;1.0;Now
02:44:22 26/01/2020;Sunday;0.164;0.16500000000000012;1.0;0.5167204273105525;0.9356639330858951;0.9655555555555555;0.16500000000000012;11.586666666666666;0.9655555555555555;1.0;0.16533333333333344;12.0;1.0;0.9655555555555555;0.16500000000000012;11.586666666666666;0.9655555555555555;Now
08:19:22 26/01/2020;Sunday;0.1647;0.16500000000000012;1.0;0.5167204273105525;0.9356639330858951;0.5002777777777778;0.16500000000000012;6.003333333333333;0.5002777777777778;1.0;0.16550000000000012;12.0;1.0;0.5002777777777778;0.16500000000000012;6.003333333333333;0.5002777777777778;Now
14:19:34 26/01/2020;Sunday;0.1651;0.16600000000000012;1.0;0.515751878329105;0.9275545293591009;0.6177777777777778;0.16600000000000012;7.413333333333333;0.6177777777777778;1.0;0.16650000000000012;12.0;1.0;0.6177777777777778;0.16600000000000012;7.413333333333333;0.6177777777777778;Now
21:44:22 26/01/2020;Sunday;0.1662;0.16700000000000012;1.0;0.5147815070493499;0.9194298680119178;1.0;0.16700000000000012;12.0;1.0;1.0;0.16700000000000012;12.0;1.0;1.0;0.16700000000000012;12.0;1.0;Now
04:59:35 27/01/2020;Monday;0.1669;0.16700000000000012;1.0;0.5147815070493499;0.9194298680119178;1.0;0.16700000000000012;12.0;1.0;1.0;0.16700000000000012;12.0;1.0;1.0;0.16700000000000012;12.0;1.0;Now
09:36:11 27/01/2020;Monday;0.1667;0.16700000000000012;1.0;0.5147815070493499;0.9194298680119178;0.6279861111111111;0.16700000000000012;7.535833333333334;0.6279861111111111;1.0;0.16750000000000012;12.0;1.0;0.6279861111111111;0.16700000000000012;7.535833333333334;0.6279861111111111;Now
17:08:20 27/01/2020;Monday;0.1674;0.16800000000000012;1.0;0.5138093031466051;0.9112898625985212;1.0;0.16800000000000012;12.0;1.0;1.0;0.16800000000000012;12.0;1.0;1.0;0.16800000000000012;12.0;1.0;Now
22:26:52 27/01/2020;Monday;0.1669;0.16800000000000012;1.0;0.5138093031466051;0.9112898625985212;1.0;0.16800000000000012;12.0;1.0;1.0;0.16800000000000012;12.0;1.0;1.0;0.16800000000000012;12.0;1.0;Now
03:46:07 28/01/2020;Tuesday;0.1675;0.16800000000000012;1.0;0.5138093031466051;0.9112898625985212;1.0;0.16800000000000012;12.0;1.0;1.0;0.16800000000000012;12.0;1.0;1.0;0.16800000000000012;12.0;1.0;Now
09:54:18 28/01/2020;Tuesday;0.1667;0.16800000000000012;1.0;0.5138093031466051;0.9112898625985212;1.0;0.16800000000000012;12.0;1.0;1.0;0.16750000000000012;12.0;1.0;1.0;0.16800000000000012;12.0;1.0;Now
17:18:49 28/01/2020;Tuesday;0.1666;0.16700000000000012;1.0;0.5147815070493499;0.9194298680119178;1.0;0.16700000000000012;12.0;1.0;1.0;0.16700000000000012;12.0;1.0;1.0;0.16700000000000012;12.0;1.0;Now
23:44:17 28/01/2020;Tuesday;0.1669;0.16700000000000012;1.0;0.5147815070493499;0.9194298680119178;0.6051388888888889;0.16700000000000012;7.261666666666667;0.6051388888888889;1.0;0.16750000000000012;12.0;1.0;0.6051388888888889;0.16700000000000012;7.261666666666667;0.6051388888888889;Now
06:59:59 29/01/2020;Wednesday;0.1673;0.16800000000000012;1.0;0.5138093031466051;0.9112898625985212;1.0;0.16800000000000012;12.0;1.0;1.0;0.16800000000000012;12.0;1.0;1.0;0.16800000000000012;12.0;1.0;Now
13:33:04 29/01/2020;Wednesday;0.1678;0.16800000000000012;1.0;0.5138093031466051;0.9112898625985212;1.0;0.16800000000000012;12.0;1.0;1.0;0.16800000000000012;12.0;1.0;1.0;0.16800000000000012;12.0;1.0;Now
18:17:51 29/01/2020;Wednesday;0.1674;0.16800000000000012;1.0;0.5138093031466051;0.9112898625985212;1.0;0.16800000000000012;12.0;1.0;1.0;0.16800000000000012;12.0;1.0;1.0;0.16800000000000012;12.0;1.0;Now
01:33:56 30/01/2020;Thursday;0.1672;0.16800000000000012;1.0;0.5138093031466051;0.9112898625985212;1.0;0.16800000000000012;12.0;1.0;1.0;0.16800000000000012;12.0;1.0;1.0;0.16800000000000012;12.0;1.0;Now
06:43:56 30/01/2020;Thursday;0.1676;0.16800000000000012;1.0;0.5138093031466051;0.9112898625985212;1.0;0.16800000000000012;12.0;1.0;1.0;0.16800000000000012;12.0;1.0;1.0;0.16800000000000012;12.0;1.0;Now
13:09:27 30/01/2020;Thursday;0.1677;0.16800000000000012;1.0;0.5138093031466051;0.9112898625985212;1.0;0.16800000000000012;12.0;1.0;1.0;0.16800000000000012;12.0;1.0;1.0;0.16800000000000012;12.0;1.0;Now
03:58:06 31/01/2020;Friday;0.1681;0.16900000000000012;1.0;0.5128352561983233;0.9031344258536862;1.0;0.16900000000000012;12.0;1.0;1.0;0.16900000000000012;12.0;1.0;1.0;0.16900000000000012;12.0;1.0;Now
11:12:55 31/01/2020;Friday;0.1673;0.16900000000000012;1.0;0.5128352561983233;0.9031344258536862;1.0;0.16900000000000012;12.0;1.0;1.0;0.16900000000000012;12.0;1.0;1.0;0.16900000000000012;12.0;1.0;Now
15:57:53 31/01/2020;Friday;0.1678;0.16900000000000012;1.0;0.5128352561983233;0.9031344258536862;1.0;0.16900000000000012;12.0;1.0;1.0;0.16900000000000012;12.0;1.0;1.0;0.16900000000000012;12.0;1.0;Now
22:56:51 31/01/2020;Friday;0.1683;0.16900000000000012;1.0;0.5128352561983233;0.9031344258536862;1.0;0.16900000000000012;12.0;1.0;1.0;0.16900000000000012;12.0;1.0;1.0;0.16900000000000012;12.0;1.0;Now
22:56:51 31/01/2020;Friday;0.1683;0.16900000000000012;1.0;0.5128352561983233;0.9031344258536862;1.0;0.16900000000000012;12.0;1.0;1.0;0.16900000000000012;12.0;1.0;1.0;0.16900000000000012;12.0;1.0;Now
03:33:46 01/02/2020;Saturday;0.169;0.16900000000000012;1.0;0.5128352561983233;0.9031344258536862;1.0;0.16900000000000012;12.0;1.0;1.0;0.16900000000000012;12.0;1.0;1.0;0.16900000000000012;12.0;1.0;Now
09:59:26 01/02/2020;Saturday;0.1686;0.16900000000000012;1.0;0.5128352561983233;0.9031344258536862;1.0;0.16900000000000012;12.0;1.0;1.0;0.16900000000000012;12.0;1.0;1.0;0.16900000000000012;12.0;1.0;Now
16:07:46 01/02/2020;Saturday;0.1679;0.16900000000000012;1.0;0.5128352561983233;0.9031344258536862;1.0;0.16900000000000012;12.0;1.0;1.0;0.16900000000000012;12.0;1.0;1.0;0.16900000000000012;12.0;1.0;Now
22:00:02 01/02/2020;Saturday;0.1686;0.16900000000000012;1.0;0.5128352561983233;0.9031344258536862;1.0;0.16900000000000012;12.0;1.0;1.0;0.16900000000000012;12.0;1.0;1.0;0.16900000000000012;12.0;1.0;Now
03:59:51 02/02/2020;Sunday;0.1688;0.16900000000000012;1.0;0.5128352561983233;0.9031344258536862;0.5927083333333333;0.16900000000000012;6.846111111111111;0.5705092592592592;1.0;0.16966666666666677;12.0;1.0;0.5927083333333333;0.16900000000000012;6.846111111111111;0.5705092592592592;Now
10:50:37 02/02/2020;Sunday;0.1691;0.17000000000000012;1.0;0.511859355682789;0.8949634696818806;1.0;0.17000000000000012;12.0;1.0;1.0;0.17000000000000012;12.0;1.0;1.0;0.17000000000000012;12.0;1.0;Now
15:43:52 02/02/2020;Sunday;0.1686;0.17000000000000012;1.0;0.511859355682789;0.8949634696818806;1.0;0.17000000000000012;12.0;1.0;1.0;0.17000000000000012;12.0;1.0;1.0;0.17000000000000012;12.0;1.0;Now
03:03:07 03/02/2020;Monday;0.1694;0.17000000000000012;1.0;0.511859355682789;0.8949634696818806;1.0;0.17000000000000012;12.0;1.0;1.0;0.17000000000000012;12.0;1.0;1.0;0.17000000000000012;12.0;1.0;Now
09:02:45 03/02/2020;Monday;0.1699;0.17000000000000012;1.0;0.511859355682789;0.8949634696818806;1.0;0.17000000000000012;12.0;1.0;1.0;0.17000000000000012;12.0;1.0;1.0;0.17000000000000012;12.0;1.0;Now
16:10:09 03/02/2020;Monday;0.1696;0.17000000000000012;1.0;0.511859355682789;0.8949634696818806;1.0;0.17000000000000012;12.0;1.0;1.0;0.17000000000000012;12.0;1.0;1.0;0.17000000000000012;12.0;1.0;Now
23:00:34 03/02/2020;Monday;0.1688;0.17000000000000012;1.0;0.511859355682789;0.8949634696818806;1.0;0.17000000000000012;12.0;1.0;1.0;0.17000000000000012;12.0;1.0;1.0;0.17000000000000012;12.0;1.0;Now
06:24:44 04/02/2020;Tuesday;0.1699;0.17000000000000012;1.0;0.511859355682789;0.8949634696818806;0.4317824074074074;0.17000000000000012;5.181388888888889;0.4317824074074074;1.0;0.17066666666666677;12.0;1.0;0.4317824074074074;0.17000000000000012;5.181388888888889;0.4317824074074074;Now
11:35:37 04/02/2020;Tuesday;0.1703;0.17100000000000012;1.0;0.510881590977792;0.8867769051461557;1.0;0.17100000000000012;12.0;1.0;1.0;0.17100000000000012;12.0;1.0;1.0;0.17100000000000012;12.0;1.0;Now
16:12:11 04/02/2020;Tuesday;0.1704;0.17100000000000012;1.0;0.510881590977792;0.8867769051461557;1.0;0.17100000000000012;12.0;1.0;1.0;0.17100000000000012;12.0;1.0;1.0;0.17100000000000012;12.0;1.0;Now
21:33:46 04/02/2020;Tuesday;0.1706;0.17100000000000012;1.0;0.510881590977792;0.8867769051461557;1.0;0.17100000000000012;12.0;1.0;1.0;0.17100000000000012;12.0;1.0;1.0;0.17100000000000012;12.0;1.0;Now
03:07:53 05/02/2020;Wednesday;0.1705;0.17100000000000012;1.0;0.510881590977792;0.8867769051461557;1.0;0.17100000000000012;12.0;1.0;1.0;0.17100000000000012;12.0;1.0;1.0;0.17100000000000012;12.0;1.0;Now
09:07:21 05/02/2020;Wednesday;0.1697;0.17100000000000012;1.0;0.510881590977792;0.8867769051461557;1.0;0.17100000000000012;12.0;1.0;1.0;0.17050000000000012;12.0;1.0;1.0;0.17100000000000012;12.0;1.0;Now
16:23:00 05/02/2020;Wednesday;0.1699;0.17000000000000012;1.0;0.511859355682789;0.8949634696818806;1.0;0.17000000000000012;12.0;1.0;1.0;0.17000000000000012;12.0;1.0;1.0;0.17000000000000012;12.0;1.0;Now
21:41:44 05/02/2020;Wednesday;0.1698;0.17000000000000012;1.0;0.511859355682789;0.8949634696818806;1.0;0.17000000000000012;12.0;1.0;1.0;0.17000000000000012;12.0;1.0;1.0;0.17000000000000012;12.0;1.0;Now
16:58:20 06/02/2020;Thursday;0.1699;0.17000000000000012;1.0;0.511859355682789;0.8949634696818806;0.541712962962963;0.17000000000000012;6.500555555555556;0.541712962962963;1.0;0.17050000000000012;12.0;1.0;0.541712962962963;0.17000000000000012;6.500555555555556;0.541712962962963;Now
23:28:22 06/02/2020;Thursday;0.1707;0.17100000000000012;1.0;0.510881590977792;0.8867769051461557;1.0;0.17100000000000012;12.0;1.0;1.0;0.17100000000000012;12.0;1.0;1.0;0.17100000000000012;12.0;1.0;Now
05:37:55 07/02/2020;Friday;0.1697;0.17100000000000012;1.0;0.510881590977792;0.8867769051461557;1.0;0.17100000000000012;12.0;1.0;1.0;0.17100000000000012;12.0;1.0;1.0;0.17100000000000012;12.0;1.0;Now
12:44:22 07/02/2020;Friday;0.1703;0.17100000000000012;1.0;0.510881590977792;0.8867769051461557;1.0;0.17100000000000012;12.0;1.0;1.0;0.17100000000000012;12.0;1.0;1.0;0.17100000000000012;12.0;1.0;Now
19:43:25 07/02/2020;Friday;0.1704;0.17100000000000012;1.0;0.510881590977792;0.8867769051461557;1.0;0.17100000000000012;12.0;1.0;1.0;0.17100000000000012;12.0;1.0;1.0;0.17100000000000012;12.0;1.0;Now
00:28:27 08/02/2020;Saturday;0.1708;0.17100000000000012;1.0;0.510881590977792;0.8867769051461557;1.0;0.17100000000000012;12.0;1.0;1.0;0.17100000000000012;12.0;1.0;1.0;0.17100000000000012;12.0;1.0;Now
06:37:07 08/02/2020;Saturday;0.1695;0.17100000000000012;1.0;0.510881590977792;0.8867769051461557;1.0;0.17100000000000012;12.0;1.0;1.0;0.17050000000000012;12.0;1.0;1.0;0.17100000000000012;12.0;1.0;Now
13:02:28 08/02/2020;Saturday;0.169;0.17000000000000012;1.0;0.511859355682789;0.8949634696818806;0.5592361111111112;0.17000000000000012;6.710833333333333;0.5592361111111112;1.0;0.17050000000000012;12.0;1.0;0.5592361111111112;0.17000000000000012;6.710833333333333;0.5592361111111112;Now
19:45:07 08/02/2020;Saturday;0.1702;0.17100000000000012;1.0;0.510881590977792;0.8867769051461557;0.6157175925925926;0.17100000000000012;7.3886111111111115;0.6157175925925926;1.0;0.17150000000000012;12.0;1.0;0.6157175925925926;0.17100000000000012;7.3886111111111115;0.6157175925925926;Now
03:08:26 09/02/2020;Sunday;0.1715;0.17200000000000013;1.0;0.5099019513592784;0.8785746424568528;1.0;0.17200000000000013;12.0;1.0;1.0;0.17200000000000013;12.0;1.0;1.0;0.17200000000000013;12.0;1.0;Now
10:16:25 09/02/2020;Sunday;0.1714;0.17200000000000013;1.0;0.5099019513592784;0.8785746424568528;0.8952314814814815;0.17200000000000013;10.742777777777778;0.8952314814814815;1.0;0.17233333333333345;12.0;1.0;0.8952314814814815;0.17200000000000013;10.742777777777778;0.8952314814814815;Now
15:09:09 09/02/2020;Sunday;0.172;0.17200000000000013;1.0;0.5099019513592784;0.8785746424568528;0.48865740740740743;0.17200000000000013;5.863888888888889;0.48865740740740743;1.0;0.17250000000000013;12.0;1.0;1.0;0.17250000000000013;12.0;1.0;Now
21:00:59 09/02/2020;Sunday;0.1723;0.17300000000000013;1.0;0.5089204259999788;0.870356590960116;1.0;0.17300000000000013;12.0;1.0;1.0;0.17300000000000013;12.0;1.0;1.0;0.17300000000000013;12.0;1.0;Now
03:43:05 10/02/2020;Monday;0.1717;0.17300000000000013;1.0;0.5089204259999788;0.870356590960116;1.0;0.17300000000000013;12.0;1.0;1.0;0.17233333333333345;12.0;1.0;1.0;0.17300000000000013;12.0;1.0;Now
09:10:32 10/02/2020;Monday;0.1716;0.17200000000000013;1.0;0.5099019513592784;0.8785746424568528;1.0;0.17200000000000013;12.0;1.0;1.0;0.17200000000000013;12.0;1.0;1.0;0.17200000000000013;12.0;1.0;Now
14:45:02 10/02/2020;Monday;0.1718;0.17200000000000013;1.0;0.5099019513592784;0.8785746424568528;1.0;0.17200000000000013;12.0;1.0;1.0;0.17200000000000013;12.0;1.0;1.0;0.17200000000000013;12.0;1.0;Now
20:12:39 10/02/2020;Monday;0.1715;0.17200000000000013;1.0;0.5099019513592784;0.8785746424568528;1.0;0.17200000000000013;12.0;1.0;1.0;0.17200000000000013;12.0;1.0;1.0;0.17200000000000013;12.0;1.0;Now
03:36:44 11/02/2020;Tuesday;0.1717;0.17200000000000013;1.0;0.5099019513592784;0.8785746424568528;1.0;0.17200000000000013;12.0;1.0;1.0;0.17200000000000013;12.0;1.0;1.0;0.17200000000000013;12.0;1.0;Now
10:10:03 11/02/2020;Tuesday;0.1714;0.17200000000000013;1.0;0.5099019513592784;0.8785746424568528;0.8839351851851852;0.17200000000000013;10.607222222222223;0.8839351851851852;1.0;0.17233333333333345;12.0;1.0;0.8839351851851852;0.17200000000000013;10.607222222222223;0.8839351851851852;Now
16:02:10 11/02/2020;Tuesday;0.1719;0.17200000000000013;1.0;0.5099019513592784;0.8785746424568528;0.39488425925925924;0.17200000000000013;4.738611111111111;0.39488425925925924;1.0;0.17250000000000013;12.0;1.0;1.0;0.17250000000000013;12.0;1.0;Now
20:46:29 11/02/2020;Tuesday;0.1722;0.17300000000000013;1.0;0.5089204259999788;0.870356590960116;1.0;0.17300000000000013;12.0;1.0;1.0;0.17300000000000013;12.0;1.0;1.0;0.17300000000000013;12.0;1.0;Now
08:22:10 12/02/2020;Wednesday;0.1725;0.17300000000000013;1.0;0.5089204259999788;0.870356590960116;0.9896759259259259;0.17300000000000013;11.876111111111111;0.9896759259259259;1.0;0.17350000000000013;12.0;1.0;0.9896759259259259;0.17300000000000013;11.876111111111111;0.9896759259259259;Now
20:14:44 12/02/2020;Wednesday;0.1731;0.17400000000000013;1.0;0.5079370039680117;0.8621226591262018;1.0;0.17400000000000013;12.0;1.0;1.0;0.17400000000000013;12.0;1.0;1.0;0.17400000000000013;12.0;1.0;Now
02:48:07 13/02/2020;Thursday;0.173;0.17400000000000013;1.0;0.5079370039680117;0.8621226591262018;1.0;0.17400000000000013;12.0;1.0;1.0;0.17350000000000013;12.0;1.0;1.0;0.17400000000000013;12.0;1.0;Now
09:47:21 13/02/2020;Thursday;0.1727;0.17300000000000013;1.0;0.5089204259999788;0.870356590960116;0.8719212962962963;0.17300000000000013;10.463055555555556;0.8719212962962963;1.0;0.17333333333333345;12.0;1.0;0.8719212962962963;0.17300000000000013;10.463055555555556;0.8719212962962963;Now
15:30:08 13/02/2020;Thursday;0.173;0.17300000000000013;1.0;0.5089204259999788;0.870356590960116;0.3958333333333333;0.17300000000000013;4.75;0.3958333333333333;1.0;0.17366666666666677;12.0;1.0;1.0;0.17350000000000013;12.0;1.0;Now
20:15:08 13/02/2020;Thursday;0.1734;0.17400000000000013;1.0;0.5079370039680117;0.8621226591262018;1.0;0.17400000000000013;12.0;1.0;1.0;0.17400000000000013;12.0;1.0;1.0;0.17400000000000013;12.0;1.0;Now
02:57:42 14/02/2020;Friday;0.1731;0.17400000000000013;1.0;0.5079370039680117;0.8621226591262018;1.0;0.17400000000000013;12.0;1.0;1.0;0.17400000000000013;12.0;1.0;1.0;0.17400000000000013;12.0;1.0;Now
09:15:21 14/02/2020;Friday;0.1728;0.17400000000000013;1.0;0.5079370039680117;0.8621226591262018;1.0;0.17400000000000013;12.0;1.0;1.0;0.17350000000000013;12.0;1.0;1.0;0.17400000000000013;12.0;1.0;Now
16:30:48 14/02/2020;Friday;0.1727;0.17300000000000013;1.0;0.5089204259999788;0.870356590960116;1.0;0.17300000000000013;12.0;1.0;1.0;0.17300000000000013;12.0;1.0;1.0;0.17300000000000013;12.0;1.0;Now
22:40:07 14/02/2020;Friday;0.1729;0.17300000000000013;1.0;0.5089204259999788;0.870356590960116;1.0;0.17300000000000013;12.0;1.0;1.0;0.17300000000000013;12.0;1.0;1.0;0.17300000000000013;12.0;1.0;Now
09:56:04 15/02/2020;Saturday;0.1722;0.17300000000000013;1.0;0.5089204259999788;0.870356590960116;1.0;0.17300000000000013;12.0;1.0;1.0;0.17300000000000013;12.0;1.0;1.0;0.17300000000000013;12.0;1.0;Now
16:47:22 15/02/2020;Saturday;0.1727;0.17300000000000013;1.0;0.5089204259999788;0.870356590960116;1.0;0.17300000000000013;12.0;1.0;1.0;0.17300000000000013;12.0;1.0;1.0;0.17300000000000013;12.0;1.0;Now
23:45:44 15/02/2020;Saturday;0.1726;0.17300000000000013;1.0;0.5089204259999788;0.870356590960116;1.0;0.17300000000000013;12.0;1.0;1.0;0.17300000000000013;12.0;1.0;1.0;0.17300000000000013;12.0;1.0;Now
12:36:46 16/02/2020;Sunday;0.1716;0.17200000000000013;1.0;0.5099019513592784;0.8785746424568528;1.0;0.17200000000000013;12.0;1.0;1.0;0.17200000000000013;12.0;1.0;1.0;0.17200000000000013;12.0;1.0;Now
20:00:12 16/02/2020;Sunday;0.172;0.17200000000000013;1.0;0.5099019513592784;0.8785746424568528;0.3845138888888889;0.17200000000000013;4.614166666666667;0.3845138888888889;1.0;0.17300000000000013;12.0;1.0;0.8610416666666667;0.17250000000000013;10.3325;0.8610416666666667;Now
00:37:03 17/02/2020;Monday;0.1726;0.17300000000000013;1.0;0.5089204259999788;0.870356590960116;0.4765277777777778;0.17300000000000013;5.718333333333334;0.4765277777777778;1.0;0.17366666666666677;12.0;1.0;0.4765277777777778;0.17300000000000013;5.718333333333334;0.4765277777777778;Now
06:20:09 17/02/2020;Monday;0.1739;0.17400000000000013;1.0;0.5079370039680117;0.8621226591262018;1.0;0.17400000000000013;12.0;1.0;1.0;0.17400000000000013;12.0;1.0;1.0;0.17400000000000013;12.0;1.0;Now
12:12:36 17/02/2020;Monday;0.1738;0.17400000000000013;1.0;0.5079370039680117;0.8621226591262018;0.9187731481481481;0.17400000000000013;11.025277777777777;0.9187731481481481;1.0;0.17425000000000013;12.0;1.0;0.9187731481481481;0.17400000000000013;11.025277777777777;0.9187731481481481;Now
13:41:29 17/02/2020;Monday;0.1738;0.17400000000000013;1.0;0.5079370039680117;0.8621226591262018;0.7953240740740741;0.17400000000000013;9.543888888888889;0.7953240740740741;1.0;0.17433333333333345;12.0;1.0;0.7953240740740741;0.17400000000000013;9.543888888888889;0.7953240740740741;Now
17:13:47 17/02/2020;Monday;0.1735;0.17400000000000013;1.0;0.5079370039680117;0.8621226591262018;0.500462962962963;0.17400000000000013;6.0055555555555555;0.500462962962963;1.0;0.17450000000000013;12.0;1.0;0.500462962962963;0.17400000000000013;6.0055555555555555;0.500462962962963;Now
23:14:07 17/02/2020;Monday;0.1746;0.17500000000000013;1.0;0.506951674225463;0.8538727545375828;1.0;0.17500000000000013;12.0;1.0;1.0;0.17500000000000013;12.0;1.0;1.0;0.17500000000000013;12.0;1.0;Now
06:38:30 18/02/2020;Tuesday;0.1737;0.17500000000000013;1.0;0.506951674225463;0.8538727545375828;1.0;0.17500000000000013;12.0;1.0;1.0;0.17450000000000013;12.0;1.0;1.0;0.17450000000000013;12.0;1.0;Now
11:57:13 18/02/2020;Tuesday;0.1734;0.17400000000000013;1.0;0.5079370039680117;0.8621226591262018;1.0;0.17400000000000013;12.0;1.0;1.0;0.17400000000000013;12.0;1.0;1.0;0.17400000000000013;12.0;1.0;Now
19:20:18 18/02/2020;Tuesday;0.1732;0.17400000000000013;1.0;0.5079370039680117;0.8621226591262018;1.0;0.17400000000000013;12.0;1.0;1.0;0.17400000000000013;12.0;1.0;1.0;0.17400000000000013;12.0;1.0;Now
00:22:09 19/02/2020;Wednesday;0.1728;0.17400000000000013;1.0;0.5079370039680117;0.8621226591262018;1.0;0.17400000000000013;12.0;1.0;1.0;0.17400000000000013;12.0;1.0;1.0;0.17400000000000013;12.0;1.0;Now
05:32:22 19/02/2020;Wednesday;0.1732;0.17400000000000013;1.0;0.5079370039680117;0.8621226591262018;1.0;0.17400000000000013;12.0;1.0;1.0;0.17400000000000013;12.0;1.0;1.0;0.17400000000000013;12.0;1.0;Now
10:42:53 19/02/2020;Wednesday;0.1726;0.17400000000000013;1.0;0.5079370039680117;0.8621226591262018;1.0;0.17400000000000013;12.0;1.0;1.0;0.17400000000000013;12.0;1.0;1.0;0.17400000000000013;12.0;1.0;Now
17:15:59 19/02/2020;Wednesday;0.1734;0.17400000000000013;1.0;0.5079370039680117;0.8621226591262018;1.0;0.17400000000000013;12.0;1.0;1.0;0.17400000000000013;12.0;1.0;1.0;0.17400000000000013;12.0;1.0;Now
22:40:54 19/02/2020;Wednesday;0.1738;0.17400000000000013;1.0;0.5079370039680117;0.8621226591262018;1.0;0.17400000000000013;12.0;1.0;1.0;0.17400000000000013;12.0;1.0;1.0;0.17400000000000013;12.0;1.0;Now
04:13:46 20/02/2020;Thursday;0.1739;0.17400000000000013;1.0;0.5079370039680117;0.8621226591262018;1.0;0.17400000000000013;12.0;1.0;1.0;0.17400000000000013;12.0;1.0;1.0;0.17400000000000013;12.0;1.0;Now
05:55:56 20/02/2020;Thursday;0.1739;0.17400000000000013;1.0;0.5079370039680117;0.8621226591262018;1.0;0.17400000000000013;12.0;1.0;1.0;0.17400000000000013;12.0;1.0;1.0;0.17400000000000013;12.0;1.0;Now
10:23:08 20/02/2020;Thursday;0.1735;0.17400000000000013;1.0;0.5079370039680117;0.8621226591262018;1.0;0.17400000000000013;12.0;1.0;1.0;0.17400000000000013;12.0;1.0;1.0;0.17400000000000013;12.0;1.0;Now
17:04:18 20/02/2020;Thursday;0.1732;0.17400000000000013;1.0;0.5079370039680117;0.8621226591262018;1.0;0.17400000000000013;12.0;1.0;1.0;0.17400000000000013;12.0;1.0;1.0;0.17400000000000013;12.0;1.0;Now
00:37:00 21/02/2020;Friday;0.1714;0.17400000000000013;1.0;0.5079370039680117;0.8621226591262018;1.0;0.17400000000000013;12.0;1.0;1.0;0.17266666666666677;12.0;1.0;1.0;0.17400000000000013;12.0;1.0;Now
06:53:39 21/02/2020;Friday;0.1709;0.17200000000000013;1.0;0.5099019513592784;0.8785746424568528;1.0;0.17200000000000013;12.0;1.0;1.0;0.17200000000000013;12.0;1.0;1.0;0.17200000000000013;12.0;1.0;Now
11:46:50 21/02/2020;Friday;0.1717;0.17200000000000013;1.0;0.5099019513592784;0.8785746424568528;1.0;0.17200000000000013;12.0;1.0;1.0;0.17200000000000013;12.0;1.0;1.0;0.17200000000000013;12.0;1.0;Now
23:30:32 21/02/2020;Friday;0.1712;0.17200000000000013;1.0;0.5099019513592784;0.8785746424568528;0.430787037037037;0.17200000000000013;5.169444444444444;0.430787037037037;1.0;0.17266666666666677;12.0;1.0;1.0;0.17250000000000013;12.0;1.0;Now
04:40:42 22/02/2020;Saturday;0.1721;0.17300000000000013;1.0;0.5089204259999788;0.870356590960116;1.0;0.17300000000000013;12.0;1.0;1.0;0.17300000000000013;12.0;1.0;1.0;0.17300000000000013;12.0;1.0;Now
10:48:31 22/02/2020;Saturday;0.1725;0.17300000000000013;1.0;0.5089204259999788;0.870356590960116;0.48953703703703705;0.17300000000000013;5.874444444444444;0.48953703703703705;1.0;0.17366666666666677;12.0;1.0;0.48953703703703705;0.17300000000000013;5.874444444444444;0.48953703703703705;Now
16:40:59 22/02/2020;Saturday;0.1732;0.17400000000000013;1.0;0.5079370039680117;0.8621226591262018;1.0;0.17400000000000013;12.0;1.0;1.0;0.17400000000000013;12.0;1.0;1.0;0.17400000000000013;12.0;1.0;Now
21:17:07 22/02/2020;Saturday;0.1736;0.17400000000000013;1.0;0.5079370039680117;0.8621226591262018;1.0;0.17400000000000013;12.0;1.0;1.0;0.17400000000000013;12.0;1.0;1.0;0.17400000000000013;12.0;1.0;Now
03:17:31 23/02/2020;Sunday;0.1738;0.17400000000000013;1.0;0.5079370039680117;0.8621226591262018;0.976875;0.17400000000000013;11.7225;0.976875;1.0;0.17433333333333345;12.0;1.0;0.976875;0.17400000000000013;11.7225;0.976875;Now
08:43:38 23/02/2020;Sunday;0.1734;0.17400000000000013;1.0;0.5079370039680117;0.8621226591262018;0.5239351851851852;0.17400000000000013;6.287222222222222;0.5239351851851852;1.0;0.17450000000000013;12.0;1.0;0.5239351851851852;0.17400000000000013;6.287222222222222;0.5239351851851852;Now
15:00:52 23/02/2020;Sunday;0.1742;0.17500000000000013;1.0;0.506951674225463;0.8538727545375828;1.0;0.17500000000000013;12.0;1.0;1.0;0.17500000000000013;12.0;1.0;1.0;0.17500000000000013;12.0;1.0;Now
20:44:16 23/02/2020;Sunday;0.1743;0.17500000000000013;1.0;0.506951674225463;0.8538727545375828;1.0;0.17500000000000013;12.0;1.0;1.0;0.17500000000000013;12.0;1.0;1.0;0.17500000000000013;12.0;1.0;Now
02:52:47 24/02/2020;Monday;0.1749;0.17500000000000013;1.0;0.506951674225463;0.8538727545375828;1.0;0.17500000000000013;12.0;1.0;1.0;0.17500000000000013;12.0;1.0;1.0;0.17500000000000013;12.0;1.0;Now
09:43:12 24/02/2020;Monday;0.175;0.17500000000000013;1.0;0.506951674225463;0.8538727545375828;0.5693981481481482;0.17500000000000013;6.832777777777777;0.5693981481481482;1.0;0.17550000000000013;12.0;1.0;0.5693981481481482;0.17500000000000013;6.832777777777777;0.5693981481481482;Now
16:33:10 24/02/2020;Monday;0.1752;0.17600000000000013;1.0;0.5059644256269406;0.8456067838768476;1.0;0.17600000000000013;12.0;1.0;1.0;0.17600000000000013;12.0;1.0;1.0;0.17600000000000013;12.0;1.0;Now
23:57:42 24/02/2020;Monday;0.1754;0.17600000000000013;1.0;0.5059644256269406;0.8456067838768476;1.0;0.17600000000000013;12.0;1.0;1.0;0.17600000000000013;12.0;1.0;1.0;0.17600000000000013;12.0;1.0;Now
06:13:31 25/02/2020;Tuesday;0.1756;0.17600000000000013;1.0;0.5059644256269406;0.8456067838768476;1.0;0.17600000000000013;12.0;1.0;1.0;0.17600000000000013;12.0;1.0;1.0;0.17600000000000013;12.0;1.0;Now
13:21:13 25/02/2020;Tuesday;0.1752;0.17600000000000013;1.0;0.5059644256269406;0.8456067838768476;0.989212962962963;0.17600000000000013;11.870555555555555;0.989212962962963;1.0;0.17633333333333345;12.0;1.0;0.989212962962963;0.17600000000000013;11.870555555555555;0.989212962962963;Now
18:31:08 25/02/2020;Tuesday;0.1753;0.17600000000000013;1.0;0.5059644256269406;0.8456067838768476;0.5587731481481482;0.17600000000000013;6.705277777777778;0.5587731481481482;1.0;0.17650000000000013;12.0;1.0;0.5587731481481482;0.17600000000000013;6.705277777777778;0.5587731481481482;Now
01:13:27 26/02/2020;Wednesday;0.1761;0.17700000000000013;1.0;0.5049752469181038;0.8373246529143867;1.0;0.17700000000000013;12.0;1.0;1.0;0.17700000000000013;12.0;1.0;1.0;0.17700000000000013;12.0;1.0;Now
07:13:33 26/02/2020;Wednesday;0.1746;0.17700000000000013;1.0;0.5049752469181038;0.8373246529143867;1.0;0.17700000000000013;12.0;1.0;1.0;0.17633333333333345;12.0;1.0;1.0;0.17700000000000013;12.0;1.0;Now
11:58:09 26/02/2020;Wednesday;0.1735;0.17700000000000013;1.0;0.5049752469181038;0.8373246529143867;1.0;0.17700000000000013;12.0;1.0;1.0;0.17600000000000013;12.0;1.0;1.0;0.17600000000000013;12.0;1.0;Now
17:58:02 26/02/2020;Wednesday;0.1726;0.17500000000000013;1.0;0.506951674225463;0.8538727545375828;1.0;0.17500000000000013;12.0;1.0;1.0;0.17433333333333345;12.0;1.0;1.0;0.17500000000000013;12.0;1.0;Now
00:40:07 27/02/2020;Thursday;0.1734;0.17400000000000013;1.0;0.5079370039680117;0.8621226591262018;1.0;0.17400000000000013;12.0;1.0;1.0;0.17400000000000013;12.0;1.0;1.0;0.17400000000000013;12.0;1.0;Now
05:34:11 27/02/2020;Thursday;0.1727;0.17400000000000013;1.0;0.5079370039680117;0.8621226591262018;1.0;0.17400000000000013;12.0;1.0;1.0;0.17366666666666677;12.0;1.0;1.0;0.17400000000000013;12.0;1.0;Now
11:59:19 27/02/2020;Thursday;0.172;0.17400000000000013;1.0;0.5079370039680117;0.8621226591262018;1.0;0.17400000000000013;12.0;1.0;1.0;0.17300000000000013;12.0;1.0;1.0;0.17400000000000013;12.0;1.0;Now
17:25:59 27/02/2020;Thursday;0.1703;0.17300000000000013;1.0;0.5089204259999788;0.870356590960116;1.0;0.17300000000000013;12.0;1.0;1.0;0.17200000000000013;12.0;1.0;1.0;0.17300000000000013;12.0;1.0;Now
23:11:57 27/02/2020;Thursday;0.1698;0.17200000000000013;1.0;0.5099019513592784;0.8785746424568528;1.0;0.17200000000000013;12.0;1.0;1.0;0.17075000000000012;12.0;1.0;1.0;0.17200000000000013;12.0;1.0;Now
03:56:34 28/02/2020;Friday;0.1682;0.17100000000000012;1.0;0.510881590977792;0.8867769051461557;1.0;0.17100000000000012;12.0;1.0;1.0;0.17033333333333345;12.0;1.0;1.0;0.17033333333333345;12.0;1.0;Now
05:40:39 28/02/2020;Friday;0.1682;0.17000000000000012;1.0;0.511859355682789;0.8949634696818806;1.0;0.17000000000000012;12.0;1.0;1.0;0.16966666666666677;12.0;1.0;1.0;0.17000000000000012;12.0;1.0;Now
10:21:38 28/02/2020;Friday;0.1674;0.17000000000000012;1.0;0.511859355682789;0.8949634696818806;1.0;0.17000000000000012;12.0;1.0;1.0;0.16900000000000012;12.0;1.0;1.0;0.17000000000000012;12.0;1.0;Now
16:13:47 28/02/2020;Friday;0.1652;0.16900000000000012;1.0;0.5128352561983233;0.9031344258536862;1.0;0.16900000000000012;12.0;1.0;1.0;0.16850000000000012;12.0;1.0;1.0;0.16850000000000012;12.0;1.0;Now
21:48:45 28/02/2020;Friday;0.165;0.16800000000000012;1.0;0.5138093031466051;0.9112898625985212;1.0;0.16800000000000012;12.0;1.0;1.0;0.16650000000000012;12.0;1.0;1.0;0.16800000000000012;12.0;1.0;Now
05:20:42 29/02/2020;Saturday;0.1645;0.16500000000000012;1.0;0.5167204273105525;0.9356639330858951;1.0;0.16500000000000012;12.0;1.0;1.0;0.16500000000000012;12.0;1.0;1.0;0.16500000000000012;12.0;1.0;Now
12:45:36 29/02/2020;Saturday;0.1633;0.16500000000000012;1.0;0.5167204273105525;0.9356639330858951;1.0;0.16500000000000012;12.0;1.0;1.0;0.16433333333333344;12.0;1.0;1.0;0.16500000000000012;12.0;1.0;Now
19:35:17 29/02/2020;Saturday;0.1626;0.16400000000000012;1.0;0.5176871642217913;0.9437581648294601;1.0;0.16400000000000012;12.0;1.0;1.0;0.16366666666666677;12.0;1.0;1.0;0.16400000000000012;12.0;1.0;Now
19:35:17 29/02/2020;Saturday;0.1626;0.16400000000000012;1.0;0.5176871642217913;0.9437581648294601;1.0;0.16400000000000012;12.0;1.0;1.0;0.16350000000000012;12.0;1.0;1.0;0.16400000000000012;12.0;1.0;Now
03:08:05 01/03/2020;Sunday;0.1623;0.16300000000000012;1.0;0.5186520991955975;0.9518373094288419;1.0;0.16300000000000012;12.0;1.0;1.0;0.16300000000000012;12.0;1.0;1.0;0.16300000000000012;12.0;1.0;Now
09:16:26 01/03/2020;Sunday;0.1617;0.16300000000000012;1.0;0.5186520991955975;0.9518373094288419;1.0;0.16300000000000012;12.0;1.0;1.0;0.16250000000000012;12.0;1.0;1.0;0.16300000000000012;12.0;1.0;Now
16:06:53 01/03/2020;Sunday;0.1604;0.16200000000000012;1.0;0.5196152422706631;0.9599014509353463;1.0;0.16200000000000012;12.0;1.0;1.0;0.16133333333333344;12.0;1.0;1.0;0.16200000000000012;12.0;1.0;Now
22:16:04 01/03/2020;Sunday;0.1598;0.16100000000000012;1.0;0.5205766033928148;0.9679506726227413;1.0;0.16100000000000012;12.0;1.0;1.0;0.16100000000000012;12.0;1.0;1.0;0.16100000000000012;12.0;1.0;Now
03:41:37 02/03/2020;Monday;0.1596;0.16100000000000012;1.0;0.5205766033928148;0.9679506726227413;1.0;0.16100000000000012;12.0;1.0;1.0;0.16050000000000011;12.0;1.0;1.0;0.16100000000000012;12.0;1.0;Now
14:34:29 02/03/2020;Monday;0.1595;0.16000000000000011;1.0;0.5215361924162119;0.9759850569972905;1.0;0.16000000000000011;12.0;1.0;1.0;0.16000000000000011;12.0;1.0;1.0;0.16000000000000011;12.0;1.0;Now
20:43:01 02/03/2020;Monday;0.16;0.16000000000000011;1.0;0.5215361924162119;0.9759850569972905;0.5246527777777777;0.16000000000000011;6.295833333333333;0.5246527777777777;1.0;0.16050000000000011;12.0;1.0;0.5246527777777777;0.16000000000000011;6.295833333333333;0.5246527777777777;Now
03:00:46 03/03/2020;Tuesday;0.1602;0.16100000000000012;1.0;0.5205766033928148;0.9679506726227413;1.0;0.16100000000000012;12.0;1.0;1.0;0.16100000000000012;12.0;1.0;1.0;0.16100000000000012;12.0;1.0;Now
09:50:50 03/03/2020;Tuesday;0.1601;0.16100000000000012;1.0;0.5205766033928148;0.9679506726227413;1.0;0.16100000000000012;12.0;1.0;1.0;0.16100000000000012;12.0;1.0;1.0;0.16100000000000012;12.0;1.0;Now
14:51:49 03/03/2020;Tuesday;0.1592;0.16100000000000012;1.0;0.5205766033928148;0.9679506726227413;1.0;0.16100000000000012;12.0;1.0;1.0;0.16100000000000012;12.0;1.0;1.0;0.16100000000000012;12.0;1.0;Now
21:17:25 03/03/2020;Tuesday;0.1585;0.16100000000000012;1.0;0.5205766033928148;0.9679506726227413;1.0;0.16100000000000012;12.0;1.0;1.0;0.16000000000000011;12.0;1.0;1.0;0.16000000000000011;12.0;1.0;Now
03:16:54 04/03/2020;Wednesday;0.1576;0.1590000000000001;1.0;0.5224940191045252;0.9840046858076197;1.0;0.1590000000000001;12.0;1.0;1.0;0.1585000000000001;12.0;1.0;1.0;0.1590000000000001;12.0;1.0;Now
09:59:35 04/03/2020;Wednesday;0.1571;0.1580000000000001;1.0;0.5234500931320959;0.9920096400544208;1.0;0.1580000000000001;12.0;1.0;1.0;0.1580000000000001;12.0;1.0;1.0;0.1580000000000001;12.0;1.0;Now
15:26:24 04/03/2020;Wednesday;0.1569;0.1580000000000001;1.0;0.5234500931320959;0.9920096400544208;1.0;0.1580000000000001;12.0;1.0;1.0;0.1575000000000001;12.0;1.0;1.0;0.1580000000000001;12.0;1.0;Now
22:16:04 04/03/2020;Wednesday;0.1568;0.1570000000000001;1.0;0.5244044240850757;1.0;1.0;0.1570000000000001;12.0;1.0;1.0;0.1570000000000001;12.0;1.0;1.0;0.1570000000000001;12.0;1.0;Now
05:06:48 05/03/2020;Thursday;0.1569;0.1570000000000001;1.0;0.5244044240850757;1.0;1.0;0.1570000000000001;12.0;1.0;1.0;0.1570000000000001;12.0;1.0;1.0;0.1570000000000001;12.0;1.0;Now
12:22:04 05/03/2020;Thursday;0.1566;0.1570000000000001;1.0;0.5244044240850757;1.0;0.5121064814814815;0.1570000000000001;6.145277777777777;0.5121064814814815;1.0;0.1575000000000001;12.0;1.0;0.5121064814814815;0.1570000000000001;6.145277777777777;0.5121064814814815;Now
18:30:47 05/03/2020;Thursday;0.1578;0.1580000000000001;1.0;0.5234500931320959;0.9920096400544208;0.6051157407407407;0.1580000000000001;7.261388888888889;0.6051157407407407;1.0;0.1585000000000001;12.0;1.0;0.6051157407407407;0.1580000000000001;7.261388888888889;0.6051157407407407;Now
01:46:28 06/03/2020;Friday;0.1585;0.1590000000000001;1.0;0.5224940191045252;0.9840046858076197;1.0;0.1590000000000001;12.0;1.0;1.0;0.1590000000000001;12.0;1.0;1.0;0.1590000000000001;12.0;1.0;Now
08:03:52 06/03/2020;Friday;0.1589;0.1590000000000001;1.0;0.5224940191045252;0.9840046858076197;1.0;0.1590000000000001;12.0;1.0;1.0;0.1590000000000001;12.0;1.0;1.0;0.1590000000000001;12.0;1.0;Now
12:48:16 06/03/2020;Friday;0.1585;0.1590000000000001;1.0;0.5224940191045252;0.9840046858076197;0.9537037037037037;0.1590000000000001;11.444444444444445;0.9537037037037037;1.0;0.15933333333333344;12.0;1.0;0.9537037037037037;0.1590000000000001;11.444444444444445;0.9537037037037037;Now
17:24:17 06/03/2020;Friday;0.1588;0.1590000000000001;1.0;0.5224940191045252;0.9840046858076197;0.5703472222222222;0.1590000000000001;6.844166666666666;0.5703472222222222;1.0;0.15950000000000011;12.0;1.0;0.5703472222222222;0.1590000000000001;6.844166666666666;0.5703472222222222;Now
00:14:56 07/03/2020;Saturday;0.1596;0.16000000000000011;1.0;0.5215361924162119;0.9759850569972905;1.0;0.16000000000000011;12.0;1.0;1.0;0.16000000000000011;12.0;1.0;1.0;0.16000000000000011;12.0;1.0;Now
05:58:59 07/03/2020;Saturday;0.1597;0.16000000000000011;1.0;0.5215361924162119;0.9759850569972905;1.0;0.16000000000000011;12.0;1.0;1.0;0.16000000000000011;12.0;1.0;1.0;0.16000000000000011;12.0;1.0;Now
17:33:16 07/03/2020;Saturday;0.1593;0.16000000000000011;1.0;0.5215361924162119;0.9759850569972905;1.0;0.16000000000000011;12.0;1.0;1.0;0.16000000000000011;12.0;1.0;1.0;0.16000000000000011;12.0;1.0;Now
22:35:05 07/03/2020;Saturday;0.159;0.16000000000000011;1.0;0.5215361924162119;0.9759850569972905;1.0;0.16000000000000011;12.0;1.0;1.0;0.15933333333333344;12.0;1.0;1.0;0.16000000000000011;12.0;1.0;Now
08:38:07 08/03/2020;Sunday;0.1588;0.1590000000000001;1.0;0.5224940191045252;0.9840046858076197;1.0;0.1590000000000001;12.0;1.0;1.0;0.1590000000000001;12.0;1.0;1.0;0.1590000000000001;12.0;1.0;Now
10:11:07 08/03/2020;Sunday;0.1588;0.1590000000000001;1.0;0.5224940191045252;0.9840046858076197;1.0;0.1590000000000001;12.0;1.0;1.0;0.1590000000000001;12.0;1.0;1.0;0.1590000000000001;12.0;1.0;Now
14:04:36 08/03/2020;Sunday;0.1585;0.1590000000000001;1.0;0.5224940191045252;0.9840046858076197;0.9887731481481481;0.1590000000000001;11.865277777777777;0.9887731481481481;1.0;0.15933333333333344;12.0;1.0;0.9887731481481481;0.1590000000000001;11.865277777777777;0.9887731481481481;Now
21:20:02 08/03/2020;Sunday;0.1587;0.1590000000000001;1.0;0.5224940191045252;0.9840046858076197;0.3840046296296296;0.1590000000000001;4.608055555555556;0.3840046296296296;1.0;0.15966666666666676;12.0;1.0;1.0;0.15950000000000011;12.0;1.0;Now
01:56:31 09/03/2020;Monday;0.1591;0.16000000000000011;1.0;0.5215361924162119;0.9759850569972905;1.0;0.16000000000000011;12.0;1.0;1.0;0.16000000000000011;12.0;1.0;1.0;0.16000000000000011;12.0;1.0;Now
09:04:02 09/03/2020;Monday;0.1592;0.16000000000000011;1.0;0.5215361924162119;0.9759850569972905;1.0;0.16000000000000011;12.0;1.0;1.0;0.16000000000000011;12.0;1.0;1.0;0.16000000000000011;12.0;1.0;Now
16:35:53 09/03/2020;Monday;0.1597;0.16000000000000011;1.0;0.5215361924162119;0.9759850569972905;0.6164814814814815;0.16000000000000011;7.397777777777778;0.6164814814814815;1.0;0.16033333333333344;12.0;1.0;0.6164814814814815;0.16000000000000011;7.397777777777778;0.6164814814814815;Now
17:06:38 09/03/2020;Monday;0.1597;0.16000000000000011;1.0;0.5215361924162119;0.9759850569972905;0.5737731481481482;0.16000000000000011;6.885277777777778;0.5737731481481482;1.0;0.16050000000000011;12.0;1.0;0.5737731481481482;0.16000000000000011;6.885277777777778;0.5737731481481482;Now
23:59:45 09/03/2020;Monday;0.1603;0.16100000000000012;1.0;0.5205766033928148;0.9679506726227413;1.0;0.16100000000000012;12.0;1.0;1.0;0.16100000000000012;12.0;1.0;1.0;0.16100000000000012;12.0;1.0;Now
05:51:27 10/03/2020;Tuesday;0.1601;0.16100000000000012;1.0;0.5205766033928148;0.9679506726227413;1.0;0.16100000000000012;12.0;1.0;1.0;0.16100000000000012;12.0;1.0;1.0;0.16100000000000012;12.0;1.0;Now
11:44:05 10/03/2020;Tuesday;0.1603;0.16100000000000012;1.0;0.5205766033928148;0.9679506726227413;0.9385185185185185;0.16100000000000012;11.262222222222222;0.9385185185185185;1.0;0.16133333333333344;12.0;1.0;0.9385185185185185;0.16100000000000012;11.262222222222222;0.9385185185185185;Now
16:24:32 10/03/2020;Tuesday;0.1609;0.16100000000000012;1.0;0.5205766033928148;0.9679506726227413;0.5490046296296296;0.16100000000000012;6.588055555555556;0.5490046296296296;1.0;0.16166666666666676;12.0;1.0;0.5490046296296296;0.16100000000000012;6.588055555555556;0.5490046296296296;Now
22:59:49 10/03/2020;Tuesday;0.1618;0.16200000000000012;1.0;0.5196152422706631;0.9599014509353463;1.0;0.16200000000000012;12.0;1.0;1.0;0.16200000000000012;12.0;1.0;1.0;0.16200000000000012;12.0;1.0;Now
04:03:55 11/03/2020;Wednesday;0.1613;0.16200000000000012;1.0;0.5196152422706631;0.9599014509353463;1.0;0.16200000000000012;12.0;1.0;1.0;0.16200000000000012;12.0;1.0;1.0;0.16200000000000012;12.0;1.0;Now
08:49:42 11/03/2020;Wednesday;0.1609;0.16200000000000012;1.0;0.5196152422706631;0.9599014509353463;0.8601388888888889;0.16200000000000012;10.321666666666667;0.8601388888888889;1.0;0.16233333333333344;12.0;1.0;0.8601388888888889;0.16200000000000012;10.321666666666667;0.8601388888888889;Now
13:50:39 11/03/2020;Wednesday;0.1613;0.16200000000000012;1.0;0.5196152422706631;0.9599014509353463;0.4421527777777778;0.16200000000000012;5.305833333333333;0.4421527777777778;1.0;0.16300000000000012;12.0;1.0;0.4421527777777778;0.16200000000000012;5.305833333333333;0.4421527777777778;Now
19:09:00 11/03/2020;Wednesday;0.1623;0.16300000000000012;1.0;0.5186520991955975;0.9518373094288419;0.41935185185185186;0.16300000000000012;5.032222222222222;0.41935185185185186;1.0;0.16366666666666677;12.0;1.0;0.41935185185185186;0.16300000000000012;5.032222222222222;0.41935185185185186;Now
00:10:56 12/03/2020;Thursday;0.1631;0.16400000000000012;1.0;0.5176871642217913;0.9437581648294601;1.0;0.16400000000000012;12.0;1.0;1.0;0.16400000000000012;12.0;1.0;1.0;0.16400000000000012;12.0;1.0;Now
05:46:40 12/03/2020;Thursday;0.1632;0.16400000000000012;1.0;0.5176871642217913;0.9437581648294601;1.0;0.16400000000000012;12.0;1.0;1.0;0.16400000000000012;12.0;1.0;1.0;0.16400000000000012;12.0;1.0;Now
11:21:27 12/03/2020;Thursday;0.1629;0.16400000000000012;1.0;0.5176871642217913;0.9437581648294601;1.0;0.16400000000000012;12.0;1.0;1.0;0.16400000000000012;12.0;1.0;1.0;0.16400000000000012;12.0;1.0;Now
13:30:09 12/03/2020;Thursday;0.1629;0.16400000000000012;1.0;0.5176871642217913;0.9437581648294601;0.9739351851851852;0.16400000000000012;11.687222222222223;0.9739351851851852;1.0;0.16466666666666677;12.0;1.0;0.9739351851851852;0.16400000000000012;11.687222222222223;0.9739351851851852;Now
18:37:35 12/03/2020;Thursday;0.1638;0.16400000000000012;1.0;0.5176871642217913;0.9437581648294601;0.5469444444444445;0.16400000000000012;6.5633333333333335;0.5469444444444445;1.0;0.16500000000000012;12.0;1.0;0.5469444444444445;0.16400000000000012;6.5633333333333335;0.5469444444444445;Now
01:11:23 13/03/2020;Friday;0.1653;0.16600000000000012;1.0;0.515751878329105;0.9275545293591009;0.48877314814814815;0.16600000000000012;5.865277777777778;0.48877314814814815;1.0;0.16700000000000012;12.0;1.0;0.48877314814814815;0.16600000000000012;5.865277777777778;0.48877314814814815;Now
07:03:18 13/03/2020;Friday;0.1666;0.16700000000000012;1.0;0.5147815070493499;0.9194298680119178;0.46532407407407406;0.16700000000000012;5.583888888888889;0.46532407407407406;1.0;0.16800000000000012;12.0;1.0;0.9890046296296297;0.16750000000000012;11.868055555555555;0.9890046296296297;Now
12:38:20 13/03/2020;Friday;0.1674;0.16800000000000012;1.0;0.5138093031466051;0.9112898625985212;0.5236805555555556;0.16800000000000012;6.284166666666667;0.5236805555555556;1.0;0.16850000000000012;12.0;1.0;0.5236805555555556;0.16800000000000012;6.284166666666667;0.5236805555555556;Now
18:55:23 13/03/2020;Friday;0.1682;0.16900000000000012;1.0;0.5128352561983233;0.9031344258536862;1.0;0.16900000000000012;12.0;1.0;1.0;0.16900000000000012;12.0;1.0;1.0;0.16900000000000012;12.0;1.0;Now
00:38:57 14/03/2020;Saturday;0.169;0.16900000000000012;1.0;0.5128352561983233;0.9031344258536862;0.6063657407407408;0.16900000000000012;7.276388888888889;0.6063657407407408;1.0;0.16950000000000012;12.0;1.0;0.6063657407407408;0.16900000000000012;7.276388888888889;0.6063657407407408;Now
07:55:32 14/03/2020;Saturday;0.1697;0.17000000000000012;1.0;0.511859355682789;0.8949634696818806;0.4187268518518519;0.17000000000000012;5.0247222222222225;0.4187268518518519;1.0;0.17066666666666677;12.0;1.0;1.0;0.17050000000000012;12.0;1.0;Now
12:57:01 14/03/2020;Saturday;0.1703;0.17100000000000012;1.0;0.510881590977792;0.8867769051461557;1.0;0.17100000000000012;12.0;1.0;1.0;0.17100000000000012;12.0;1.0;1.0;0.17100000000000012;12.0;1.0;Now
19:14:01 14/03/2020;Saturday;0.171;0.17100000000000012;1.0;0.510881590977792;0.8867769051461557;0.59375;0.17100000000000012;7.125;0.59375;1.0;0.17166666666666677;12.0;1.0;0.59375;0.17100000000000012;7.125;0.59375;Now
02:21:31 15/03/2020;Sunday;0.1718;0.17200000000000013;1.0;0.5099019513592784;0.8785746424568528;0.8395601851851852;0.17200000000000013;10.074722222222222;0.8395601851851852;1.0;0.17233333333333345;12.0;1.0;0.8395601851851852;0.17200000000000013;10.074722222222222;0.8395601851851852;Now
07:06:50 15/03/2020;Sunday;0.1719;0.17200000000000013;1.0;0.5099019513592784;0.8785746424568528;0.44328703703703703;0.17200000000000013;5.319444444444445;0.44328703703703703;1.0;0.17275000000000013;12.0;1.0;0.44328703703703703;0.17200000000000013;5.319444444444445;0.44328703703703703;Now
12:26:00 15/03/2020;Sunday;0.1724;0.17300000000000013;1.0;0.5089204259999788;0.870356590960116;0.9434953703703703;0.17300000000000013;11.321944444444444;0.9434953703703703;1.0;0.17325000000000013;12.0;1.0;0.9434953703703703;0.17300000000000013;11.321944444444444;0.9434953703703703;Now
14:30:12 15/03/2020;Sunday;0.1724;0.17300000000000013;1.0;0.5089204259999788;0.870356590960116;0.7709953703703704;0.17300000000000013;9.251944444444444;0.7709953703703704;1.0;0.17333333333333345;12.0;1.0;0.7709953703703704;0.17300000000000013;9.251944444444444;0.7709953703703704;Now
17:27:43 15/03/2020;Sunday;0.1727;0.17300000000000013;1.0;0.5089204259999788;0.870356590960116;0.5244444444444445;0.17300000000000013;6.293333333333333;0.5244444444444445;1.0;0.17350000000000013;12.0;1.0;0.5244444444444445;0.17300000000000013;6.293333333333333;0.5244444444444445;Now
23:45:19 15/03/2020;Sunday;0.1733;0.17400000000000013;1.0;0.5079370039680117;0.8621226591262018;1.0;0.17400000000000013;12.0;1.0;1.0;0.17400000000000013;12.0;1.0;1.0;0.17400000000000013;12.0;1.0;Now
13:09:27 16/03/2020;Monday;0.1737;0.17400000000000013;1.0;0.5079370039680117;0.8621226591262018;0.40756944444444443;0.17400000000000013;4.890833333333333;0.40756944444444443;1.0;0.17450000000000013;12.0;1.0;1.0;0.17450000000000013;12.0;1.0;Now
18:02:54 16/03/2020;Monday;0.1744;0.17500000000000013;1.0;0.506951674225463;0.8538727545375828;1.0;0.17500000000000013;12.0;1.0;1.0;0.17500000000000013;12.0;1.0;1.0;0.17500000000000013;12.0;1.0;Now
01:27:07 17/03/2020;Tuesday;0.1747;0.17500000000000013;1.0;0.506951674225463;0.8538727545375828;0.5359490740740741;0.17500000000000013;6.431388888888889;0.5359490740740741;1.0;0.17550000000000013;12.0;1.0;0.5359490740740741;0.17500000000000013;6.431388888888889;0.5359490740740741;Now
07:53:00 17/03/2020;Tuesday;0.1754;0.17600000000000013;1.0;0.5059644256269406;0.8456067838768476;0.5824768518518518;0.17600000000000013;6.989722222222222;0.5824768518518518;1.0;0.17650000000000013;12.0;1.0;0.5824768518518518;0.17600000000000013;6.989722222222222;0.5824768518518518;Now
14:52:23 17/03/2020;Tuesday;0.1762;0.17700000000000013;1.0;0.5049752469181038;0.8373246529143867;0.4656712962962963;0.17700000000000013;5.588055555555556;0.4656712962962963;1.0;0.17800000000000013;12.0;1.0;0.4656712962962963;0.17700000000000013;5.588055555555556;0.4656712962962963;Now
20:27:40 17/03/2020;Tuesday;0.1772;0.17800000000000013;1.0;0.503984126734166;0.8290262664958558;0.4427314814814815;0.17800000000000013;5.312777777777778;0.4427314814814815;1.0;0.17900000000000013;12.0;1.0;0.9562268518518519;0.17850000000000013;11.474722222222223;0.9562268518518519;Now
01:46:26 18/03/2020;Wednesday;0.1782;0.17900000000000013;1.0;0.5029910535983716;0.8207115285294235;0.5134953703703704;0.17900000000000013;6.161944444444444;0.5134953703703704;1.0;0.18000000000000013;12.0;1.0;0.5134953703703704;0.17900000000000013;6.161944444444444;0.5134953703703704;Now
07:56:09 18/03/2020;Wednesday;0.1794;0.18000000000000013;1.0;0.5019960159204452;0.8123803419727892;0.46525462962962966;0.18000000000000013;5.583055555555555;0.46525462962962966;1.0;0.18100000000000013;12.0;1.0;0.46525462962962966;0.18000000000000013;5.583055555555555;0.46525462962962966;Now
13:31:08 18/03/2020;Wednesday;0.1805;0.18100000000000013;1.0;0.5009990019950138;0.8040326088199694;0.47747685185185185;0.18100000000000013;5.729722222222223;0.47747685185185185;1.0;0.18233333333333346;12.0;1.0;0.47747685185185185;0.18100000000000013;5.729722222222223;0.47747685185185185;Now
19:14:55 18/03/2020;Wednesday;0.1814;0.18200000000000013;1.0;0.4999999999999999;0.7956682300878445;0.4899074074074074;0.18200000000000013;5.878888888888889;0.4899074074074074;1.0;0.18433333333333346;12.0;1.0;0.4899074074074074;0.18200000000000013;5.878888888888889;0.4899074074074074;Now
01:07:39 19/03/2020;Thursday;0.1839;0.18400000000000014;1.0;0.49799598391954913;0.7788891349851111;0.49020833333333336;0.18400000000000014;5.8825;0.49020833333333336;1.0;0.18550000000000014;12.0;1.0;1.0;0.18550000000000014;12.0;1.0;Now
07:00:36 19/03/2020;Thursday;0.1865;0.18700000000000014;1.0;0.4949747468305831;0.7535931181825595;0.6181712962962963;0.18700000000000014;7.418055555555555;0.6181712962962963;1.0;0.18950000000000014;12.0;1.0;0.6181712962962963;0.18700000000000014;7.418055555555555;0.6181712962962963;Now
14:25:41 19/03/2020;Thursday;0.1918;0.19200000000000014;1.0;0.4898979485566355;0.7110864327886979;0.5246296296296297;0.19200000000000014;6.295555555555556;0.5246296296296297;1.0;0.19400000000000014;12.0;1.0;0.5246296296296297;0.19200000000000014;6.295555555555556;0.5246296296296297;Now
20:43:25 19/03/2020;Thursday;0.1957;0.19600000000000015;1.0;0.48579831205964463;0.6767612637739993;0.6059490740740741;0.19600000000000015;7.271388888888889;0.6059490740740741;1.0;0.19700000000000015;12.0;1.0;0.6059490740740741;0.19600000000000015;7.271388888888889;0.6059490740740741;Now
03:59:42 20/03/2020;Friday;0.1973;0.19800000000000015;1.0;0.4837354648979128;0.6594895916318692;1.0;0.19800000000000015;12.0;1.0;1.0;0.19800000000000015;12.0;1.0;1.0;0.19800000000000015;12.0;1.0;Now
10:25:36 20/03/2020;Friday;0.1968;0.19800000000000015;1.0;0.4837354648979128;0.6594895916318692;0.5473842592592593;0.19800000000000015;6.568611111111111;0.5473842592592593;1.0;0.19900000000000015;12.0;1.0;0.5473842592592593;0.19800000000000015;6.568611111111111;0.5473842592592593;Now
16:59:43 20/03/2020;Friday;0.1996;0.20000000000000015;1.0;0.48166378315169167;0.6421439498570675;0.5951157407407407;0.20000000000000015;7.141388888888889;0.5951157407407407;1.0;0.20150000000000015;12.0;1.0;0.5951157407407407;0.20000000000000015;7.141388888888889;0.5951157407407407;Now
00:08:12 21/03/2020;Saturday;0.2021;0.20300000000000015;1.0;0.4785394445602158;0.6159846915203169;1.0;0.20300000000000015;12.0;1.0;1.0;0.20300000000000015;12.0;1.0;1.0;0.20300000000000015;12.0;1.0;Now
06:59:06 21/03/2020;Saturday;0.2016;0.20300000000000015;1.0;0.4785394445602158;0.6159846915203169;1.0;0.20300000000000015;12.0;1.0;1.0;0.20300000000000015;12.0;1.0;1.0;0.20300000000000015;12.0;1.0;Now
13:24:28 21/03/2020;Saturday;0.2026;0.20300000000000015;1.0;0.4785394445602158;0.6159846915203169;0.5133564814814815;0.20300000000000015;6.160277777777778;0.5133564814814815;1.0;0.20400000000000015;12.0;1.0;0.5133564814814815;0.20300000000000015;6.160277777777778;0.5133564814814815;Now
19:34:05 21/03/2020;Saturday;0.2048;0.20500000000000015;1.0;0.4764451699828637;0.5984498859629064;0.5354861111111111;0.20500000000000015;6.425833333333333;0.5354861111111111;1.0;0.20633333333333348;12.0;1.0;0.5354861111111111;0.20500000000000015;6.425833333333333;0.5354861111111111;Now
01:59:38 22/03/2020;Sunday;0.2062;0.20700000000000016;1.0;0.4743416490252567;0.5808376629161027;0.9553703703703704;0.20700000000000016;11.464444444444444;0.9553703703703704;1.0;0.20733333333333348;12.0;1.0;0.9553703703703704;0.20700000000000016;11.464444444444444;0.9553703703703704;Now
07:10:35 22/03/2020;Sunday;0.207;0.20700000000000016;1.0;0.4743416490252567;0.5808376629161027;0.5234953703703704;0.20700000000000016;6.281944444444444;0.5234953703703704;1.0;0.20800000000000016;12.0;1.0;0.5234953703703704;0.20700000000000016;6.281944444444444;0.5234953703703704;Now
13:27:30 22/03/2020;Sunday;0.2071;0.20800000000000016;1.0;0.47328638264796913;0.5720021974345868;0.4543287037037037;0.20800000000000016;5.451944444444444;0.4543287037037037;1.0;0.20933333333333348;12.0;1.0;0.4543287037037037;0.20800000000000016;5.451944444444444;0.4543287037037037;Now
18:54:37 22/03/2020;Sunday;0.2086;0.20900000000000016;1.0;0.4722287581247036;0.5631469878222649;0.48944444444444446;0.20900000000000016;5.873333333333333;0.48944444444444446;1.0;0.21100000000000016;12.0;1.0;0.48944444444444446;0.20900000000000016;5.873333333333333;0.48944444444444446;Now
00:47:01 23/03/2020;Monday;0.2102;0.21100000000000016;1.0;0.47010637094172614;0.5453768028744519;0.47706018518518517;0.21100000000000016;5.724722222222222;0.47706018518518517;1.0;0.21200000000000016;12.0;1.0;1.0;0.21200000000000016;12.0;1.0;Now
06:30:30 23/03/2020;Monday;0.2122;0.21300000000000016;1.0;0.4679743582719034;0.5275260262783172;0.5708564814814815;0.21300000000000016;6.8502777777777775;0.5708564814814815;1.0;0.21350000000000016;12.0;1.0;0.5708564814814815;0.21300000000000016;6.8502777777777775;0.5708564814814815;Now
13:21:31 23/03/2020;Monday;0.2136;0.21400000000000016;1.0;0.4669047011971499;0.518570071303862;0.5948148148148148;0.21400000000000016;7.137777777777778;0.5948148148148148;1.0;0.21600000000000016;12.0;1.0;0.5948148148148148;0.21400000000000016;7.137777777777778;0.5948148148148148;Now
20:29:47 23/03/2020;Monday;0.2163;0.21700000000000016;1.0;0.463680924774785;0.49157824638365333;0.9787962962962963;0.21700000000000016;11.745555555555555;0.9787962962962963;1.0;0.2176666666666668;12.0;1.0;0.9787962962962963;0.21700000000000016;11.745555555555555;0.9787962962962963;Now
01:06:34 24/03/2020;Tuesday;0.2168;0.21700000000000016;1.0;0.463680924774785;0.49157824638365333;0.594375;0.21700000000000016;7.1325;0.594375;1.0;0.21800000000000017;12.0;1.0;0.594375;0.21700000000000016;7.1325;0.594375;Now
08:14:31 24/03/2020;Tuesday;0.2183;0.21900000000000017;1.0;0.46151923036857284;0.47347895248141963;0.9772222222222222;0.21900000000000017;11.726666666666667;0.9772222222222222;1.0;0.2193333333333335;12.0;1.0;0.9772222222222222;0.21900000000000017;11.726666666666667;0.9772222222222222;Now
14:23:41 24/03/2020;Tuesday;0.2179;0.21900000000000017;1.0;0.46151923036857284;0.47347895248141963;0.46449074074074076;0.21900000000000017;5.573888888888889;0.46449074074074076;1.0;0.2203333333333335;12.0;1.0;0.46449074074074076;0.21900000000000017;5.573888888888889;0.46449074074074076;Now
19:58:07 24/03/2020;Tuesday;0.2193;0.22000000000000017;1.0;0.46043457732885334;0.4643974402697867;0.46618055555555554;0.22000000000000017;5.594166666666666;0.46618055555555554;1.0;0.22200000000000017;12.0;1.0;0.46618055555555554;0.22000000000000017;5.594166666666666;0.46618055555555554;Now
01:33:46 25/03/2020;Wednesday;0.2217;0.22200000000000017;1.0;0.4582575694955838;0.4461699311044867;0.39564814814814814;0.22200000000000017;4.747777777777777;0.39564814814814814;1.0;0.2243333333333335;12.0;1.0;0.9317129629629629;0.22300000000000017;11.180555555555555;0.9317129629629629;Now
06:18:38 25/03/2020;Wednesday;0.2238;0.22400000000000017;1.0;0.456070170039655;0.4278554156389014;0.5360648148148148;0.22400000000000017;6.432777777777778;0.5360648148148148;1.0;0.22550000000000017;12.0;1.0;0.5360648148148148;0.22400000000000017;6.432777777777778;0.5360648148148148;Now
12:44:36 25/03/2020;Wednesday;0.227;0.22700000000000017;1.0;0.45276925690687064;0.40021774550184724;0.5880787037037037;0.22700000000000017;7.0569444444444445;0.5880787037037037;1.0;0.22800000000000017;12.0;1.0;0.5880787037037037;0.22700000000000017;7.0569444444444445;0.5880787037037037;Now
19:48:01 25/03/2020;Wednesday;0.2288;0.22900000000000018;1.0;0.4505552130427522;0.38168014347356877;1.0;0.22900000000000018;12.0;1.0;1.0;0.22900000000000018;12.0;1.0;1.0;0.22900000000000018;12.0;1.0;Now
02:21:44 26/03/2020;Thursday;0.2273;0.22900000000000018;1.0;0.4505552130427522;0.38168014347356877;1.0;0.22900000000000018;12.0;1.0;1.0;0.22900000000000018;12.0;1.0;1.0;0.22900000000000018;12.0;1.0;Now
17:02:01 26/03/2020;Thursday;0.2323;0.23300000000000018;1.0;0.44609416046390904;0.3443289334663781;0.6287037037037037;0.23300000000000018;7.544444444444444;0.6287037037037037;1.0;0.23400000000000018;12.0;1.0;0.6287037037037037;0.23300000000000018;7.544444444444444;0.6287037037037037;Now
00:34:41 27/03/2020;Friday;0.2341;0.23500000000000018;1.0;0.4438468204234427;0.3255125513849111;0.5471296296296296;0.23500000000000018;6.565555555555555;0.5471296296296296;1.0;0.23650000000000018;12.0;1.0;0.5471296296296296;0.23500000000000018;6.565555555555555;0.5471296296296296;Now
07:08:37 27/03/2020;Friday;0.2374;0.23800000000000018;1.0;0.4404543109109046;0.29710796905491255;0.6172685185185185;0.23800000000000018;7.407222222222222;0.6172685185185185;1.0;0.23950000000000018;12.0;1.0;0.6172685185185185;0.23800000000000018;7.407222222222222;0.6172685185185185;Now
14:33:03 27/03/2020;Friday;0.2408;0.2410000000000002;1.0;0.4370354676682429;0.26848290138726455;0.6056712962962963;0.2410000000000002;7.268055555555556;0.6056712962962963;1.0;0.2430000000000002;12.0;1.0;0.6056712962962963;0.2410000000000002;7.268055555555556;0.6056712962962963;Now
21:49:08 27/03/2020;Friday;0.2444;0.2450000000000002;1.0;0.43243496620879285;0.2299641228897319;0.5471064814814814;0.2450000000000002;6.565277777777778;0.5471064814814814;1.0;0.2460000000000002;12.0;1.0;0.5471064814814814;0.2450000000000002;6.565277777777778;0.5471064814814814;Now
04:23:03 28/03/2020;Saturday;0.2465;0.2470000000000002;1.0;0.4301162633521311;0.2105502388763082;0.4770138888888889;0.2470000000000002;5.724166666666667;0.4770138888888889;1.0;0.24833333333333352;12.0;1.0;0.97875;0.2475000000000002;11.745;0.97875;Now
10:06:30 28/03/2020;Saturday;0.2475;0.2480000000000002;1.0;0.4289522117905441;0.20080394390049125;0.5017361111111112;0.2480000000000002;6.020833333333333;0.5017361111111112;1.0;0.24900000000000017;12.0;1.0;0.5017361111111112;0.2480000000000002;6.020833333333333;0.5017361111111112;Now
16:07:45 28/03/2020;Saturday;0.2494;0.25000000000000017;1.0;0.42661458015403064;0.18123157423397881;0.5699305555555556;0.25000000000000017;6.839166666666666;0.5699305555555556;1.0;0.25100000000000017;12.0;1.0;0.5699305555555556;0.25000000000000017;6.839166666666666;0.5699305555555556;Now
22:58:06 28/03/2020;Saturday;0.2518;0.25200000000000017;1.0;0.4242640687119283;0.16155136537146939;0.5246759259259259;0.25200000000000017;6.296111111111111;0.5246759259259259;1.0;0.25350000000000017;12.0;1.0;0.5246759259259259;0.25200000000000017;6.296111111111111;0.5246759259259259;Now
05:15:52 29/03/2020;Sunday;0.2543;0.25500000000000017;1.0;0.42071367935925236;0.13182489701554584;0.6164120370370371;0.25500000000000017;7.396944444444444;0.6164120370370371;1.0;0.2565000000000002;12.0;1.0;0.6164120370370371;0.25500000000000017;7.396944444444444;0.6164120370370371;Now
12:39:41 29/03/2020;Sunday;0.2571;0.2580000000000002;1.0;0.41713307229228397;0.10184542375270239;0.4654861111111111;0.2580000000000002;5.585833333333333;0.4654861111111111;1.0;0.2585000000000002;12.0;1.0;1.0;0.2585000000000002;12.0;1.0;Now
18:14:50 29/03/2020;Sunday;0.2584;0.2590000000000002;1.0;0.4159326868617082;0.09179491492892289;1.0;0.2590000000000002;12.0;1.0;1.0;0.2590000000000002;12.0;1.0;1.0;0.2590000000000002;12.0;1.0;Now
01:06:04 30/03/2020;Monday;0.2588;0.2590000000000002;1.0;0.4159326868617082;0.09179491492892289;0.6294444444444445;0.2590000000000002;7.553333333333334;0.6294444444444445;1.0;0.2600000000000002;12.0;1.0;0.6294444444444445;0.2590000000000002;7.553333333333334;0.6294444444444445;Now
08:39:16 30/03/2020;Monday;0.2605;0.2610000000000002;1.0;0.41352146256270644;0.07160637341888074;0.418125;0.2610000000000002;5.0175;0.418125;1.0;0.2622500000000002;12.0;1.0;0.418125;0.2610000000000002;5.0175;0.418125;Now
13:40:19 30/03/2020;Monday;0.2617;0.2620000000000002;1.0;0.41231056256176585;0.061467828886287885;0.44254629629629627;0.2620000000000002;5.310555555555555;0.44254629629629627;1.0;0.2635000000000002;12.0;1.0;0.8271990740740741;0.2630000000000002;9.926388888888889;0.8271990740740741;Now
16:34:51 30/03/2020;Monday;0.2617;0.2620000000000002;1.0;0.41231056256176585;0.061467828886287885;0.2001388888888889;0.2620000000000002;2.401666666666667;0.2001388888888889;1.0;0.2640000000000002;12.0;1.0;0.5847916666666667;0.2630000000000002;7.0175;0.5847916666666667;Now
18:58:57 30/03/2020;Monday;0.2639;0.2640000000000002;1.0;0.4098780306383837;0.04110088428887543;0.441087962962963;0.2640000000000002;4.615833333333334;0.3846527777777778;1.0;0.2653333333333335;12.0;1.0;1.0;0.2650000000000002;12.0;1.0;Now
23:35:54 30/03/2020;Monday;0.2652;0.2660000000000002;1.0;0.407430975749267;0.02061234275139337;1.0;0.2660000000000002;12.0;1.0;1.0;0.2660000000000002;12.0;1.0;1.0;0.2660000000000002;12.0;1.0;Now
06:18:19 31/03/2020;Tuesday;0.264;0.2660000000000002;1.0;0.407430975749267;0.02061234275139337;1.0;0.2660000000000002;12.0;1.0;1.0;0.2655000000000002;12.0;1.0;1.0;0.2655000000000002;12.0;1.0;Now
12:01:37 31/03/2020;Tuesday;0.2648;0.2650000000000002;1.0;0.4086563348340508;0.030871949357923516;;;;;;;;;;;;;Now
18:37:40 31/03/2020;Tuesday;0.2671;0.2680000000000002;1.0;0.4049691346263315;0.0;;;;;;;;;;;;;Now
