09:46:37 01/07/2020;Wednesday;0.2769;0.2770000000000002;1.0;0.3937003937005903;0.985105554483162;0.5950925925925926;0.2770000000000002;7.141111111111111;0.5950925925925926;1.0;0.2780000000000002;12.0;1.0;0.5950925925925926;0.2770000000000002;7.141111111111111;0.5950925925925926;Now
16:55:05 01/07/2020;Wednesday;0.2781;0.2790000000000002;1.0;0.39115214431215867;0.9551718201520482;0.570300925925926;0.2790000000000002;6.8436111111111115;0.570300925925926;1.0;0.2800000000000002;12.0;1.0;0.570300925925926;0.2790000000000002;6.8436111111111115;0.570300925925926;Now
23:45:42 01/07/2020;Wednesday;0.2804;0.2810000000000002;1.0;0.3885871845545087;0.925041792728497;0.45469907407407406;0.2810000000000002;5.456388888888889;0.45469907407407406;1.0;0.2820000000000002;12.0;1.0;1.0;0.2820000000000002;12.0;1.0;Now
05:13:05 02/07/2020;Thursday;0.283;0.2830000000000002;1.0;0.3860051813123754;0.8947115591795497;0.5720138888888889;0.2830000000000002;6.864166666666667;0.5720138888888889;1.0;0.2835000000000002;12.0;1.0;0.5720138888888889;0.2830000000000002;6.864166666666667;0.5720138888888889;Now
12:04:56 02/07/2020;Thursday;0.2838;0.2840000000000002;1.0;0.38470768123342663;0.8794701064260753;0.617199074074074;0.2840000000000002;7.4063888888888885;0.617199074074074;1.0;0.2855000000000002;12.0;1.0;0.617199074074074;0.2840000000000002;7.4063888888888885;0.617199074074074;Now
19:29:19 02/07/2020;Thursday;0.2864;0.2870000000000002;1.0;0.38078865529319517;0.8334341564659994;0.6063888888888889;0.2870000000000002;7.276666666666666;0.6063888888888889;1.0;0.2880000000000002;12.0;1.0;0.6063888888888889;0.2870000000000002;7.276666666666666;0.6063888888888889;Now
02:45:55 03/07/2020;Friday;0.2885;0.2890000000000002;1.0;0.37815340802378045;0.8024784768462728;0.9671296296296297;0.2890000000000002;11.605555555555556;0.9671296296296297;1.0;0.2893333333333335;12.0;1.0;0.9671296296296297;0.2890000000000002;11.605555555555556;0.9671296296296297;Now
09:28:22 03/07/2020;Friday;0.2889;0.2890000000000002;1.0;0.37815340802378045;0.8024784768462728;0.4081712962962963;0.2890000000000002;4.898055555555556;0.4081712962962963;1.0;0.2900000000000002;12.0;1.0;0.92125;0.2895000000000002;11.055;0.92125;Now
14:22:15 03/07/2020;Friday;0.2897;0.2900000000000002;1.0;0.37682887362833517;0.7869194578249503;0.5130787037037037;0.2900000000000002;6.156944444444444;0.5130787037037037;1.0;0.2905000000000002;12.0;1.0;0.5130787037037037;0.2900000000000002;6.156944444444444;0.5130787037037037;Now
20:31:40 03/07/2020;Friday;0.2903;0.2910000000000002;1.0;0.37549966711037147;0.7713055563910727;1.0;0.2910000000000002;12.0;1.0;1.0;0.2910000000000002;12.0;1.0;1.0;0.2910000000000002;12.0;1.0;Now
09:48:52 04/07/2020;Saturday;0.2951;0.2960000000000002;1.0;0.3687817782917152;0.6923919696453961;0.5705324074074074;0.2960000000000002;6.846388888888889;0.5705324074074074;1.0;0.2980000000000002;12.0;1.0;0.5705324074074074;0.2960000000000002;6.846388888888889;0.5705324074074074;Now
16:39:39 04/07/2020;Saturday;0.2974;0.2980000000000002;1.0;0.36606010435446223;0.6604210546543051;0.42060185185185184;0.2980000000000002;5.0472222222222225;0.42060185185185184;1.0;0.30033333333333356;12.0;1.0;0.967662037037037;0.2990000000000002;11.611944444444445;0.967662037037037;Now
21:42:29 04/07/2020;Saturday;0.2996;0.3000000000000002;1.0;0.3633180424916987;0.6282106471125374;0.5470601851851852;0.3000000000000002;6.564722222222223;0.5470601851851852;1.0;0.3015000000000002;12.0;1.0;0.5470601851851852;0.3000000000000002;6.564722222222223;0.5470601851851852;Now
04:16:22 05/07/2020;Sunday;0.303;0.3030000000000002;1.0;0.3591656999213591;0.5794339771694046;0.6174768518518519;0.3030000000000002;7.409722222222222;0.6174768518518519;1.0;0.3045000000000002;12.0;1.0;0.6174768518518519;0.3030000000000002;7.409722222222222;0.6174768518518519;Now
11:40:57 05/07/2020;Sunday;0.3052;0.3060000000000002;1.0;0.35496478698597667;0.5300867616548067;1.0;0.3060000000000002;12.0;1.0;1.0;0.3060000000000002;12.0;1.0;1.0;0.3060000000000002;12.0;1.0;Now
17:25:29 05/07/2020;Sunday;0.3055;0.3060000000000002;1.0;0.35496478698597667;0.5300867616548067;1.0;0.3060000000000002;12.0;1.0;1.0;0.3060000000000002;12.0;1.0;1.0;0.3060000000000002;12.0;1.0;Now
00:41:21 06/07/2020;Monday;0.3037;0.3060000000000002;1.0;0.35496478698597667;0.5300867616548067;1.0;0.3060000000000002;12.0;1.0;1.0;0.30466666666666686;12.0;1.0;1.0;0.3050000000000002;12.0;1.0;Now
06:17:46 06/07/2020;Monday;0.3016;0.3040000000000002;1.0;0.357770876399966;0.5630492869904474;1.0;0.3040000000000002;12.0;1.0;1.0;0.3040000000000002;12.0;1.0;1.0;0.3040000000000002;12.0;1.0;Now
12:35:41 06/07/2020;Monday;0.3002;0.3040000000000002;1.0;0.357770876399966;0.5630492869904474;1.0;0.3040000000000002;12.0;1.0;1.0;0.30266666666666686;12.0;1.0;1.0;0.3040000000000002;12.0;1.0;Now
18:18:51 06/07/2020;Monday;0.3006;0.3010000000000002;1.0;0.36193922141707685;0.6120139342141685;0.48953703703703705;0.3010000000000002;5.874444444444444;0.48953703703703705;1.0;0.30233333333333356;12.0;1.0;0.48953703703703705;0.3010000000000002;5.874444444444444;0.48953703703703705;Now
00:11:19 07/07/2020;Tuesday;0.3021;0.3030000000000002;1.0;0.3591656999213591;0.5794339771694046;1.0;0.3030000000000002;12.0;1.0;1.0;0.3030000000000002;12.0;1.0;1.0;0.3030000000000002;12.0;1.0;Now
05:05:35 07/07/2020;Tuesday;0.3028;0.3030000000000002;1.0;0.3591656999213591;0.5794339771694046;1.0;0.3030000000000002;12.0;1.0;1.0;0.3030000000000002;12.0;1.0;1.0;0.3030000000000002;12.0;1.0;Now
12:04:45 07/07/2020;Tuesday;0.303;0.3030000000000002;1.0;0.3591656999213591;0.5794339771694046;0.45569444444444446;0.3030000000000002;5.468333333333334;0.45569444444444446;1.0;0.3040000000000002;12.0;1.0;1.0;0.3040000000000002;12.0;1.0;Now
17:32:51 07/07/2020;Tuesday;0.3042;0.3050000000000002;1.0;0.35637059362410894;0.5466004681302422;1.0;0.3050000000000002;12.0;1.0;1.0;0.3050000000000002;12.0;1.0;1.0;0.3050000000000002;12.0;1.0;Now
00:59:30 08/07/2020;Wednesday;0.3016;0.3050000000000002;1.0;0.35637059362410894;0.5466004681302422;1.0;0.3050000000000002;12.0;1.0;1.0;0.3035000000000002;12.0;1.0;1.0;0.3050000000000002;12.0;1.0;Now
08:33:36 08/07/2020;Wednesday;0.3007;0.3020000000000002;1.0;0.3605551275463986;0.5957552829211313;1.0;0.3020000000000002;12.0;1.0;1.0;0.3016666666666669;12.0;1.0;1.0;0.3020000000000002;12.0;1.0;Now
14:18:32 08/07/2020;Wednesday;0.301;0.3010000000000002;1.0;0.36193922141707685;0.6120139342141685;0.4064814814814815;0.3010000000000002;4.877777777777778;0.4064814814814815;1.0;0.3016666666666669;12.0;1.0;1.0;0.3015000000000002;12.0;1.0;Now
19:11:12 08/07/2020;Wednesday;0.3014;0.3020000000000002;1.0;0.3605551275463986;0.5957552829211313;1.0;0.3020000000000002;12.0;1.0;1.0;0.3020000000000002;12.0;1.0;1.0;0.3020000000000002;12.0;1.0;Now
02:10:52 09/07/2020;Thursday;0.302;0.3020000000000002;1.0;0.3605551275463986;0.5957552829211313;0.5250231481481481;0.3020000000000002;6.300277777777778;0.5250231481481481;1.0;0.3030000000000002;12.0;1.0;0.5250231481481481;0.3020000000000002;6.300277777777778;0.5250231481481481;Now
08:28:53 09/07/2020;Thursday;0.3034;0.3040000000000002;1.0;0.357770876399966;0.5630492869904474;1.0;0.3040000000000002;12.0;1.0;1.0;0.3040000000000002;12.0;1.0;1.0;0.3040000000000002;12.0;1.0;Now
14:21:44 09/07/2020;Thursday;0.3036;0.3040000000000002;1.0;0.357770876399966;0.5630492869904474;1.0;0.3040000000000002;12.0;1.0;1.0;0.3040000000000002;12.0;1.0;1.0;0.3040000000000002;12.0;1.0;Now
21:20:57 09/07/2020;Thursday;0.3038;0.3040000000000002;1.0;0.357770876399966;0.5630492869904474;0.4904861111111111;0.3040000000000002;5.885833333333333;0.4904861111111111;1.0;0.3050000000000002;12.0;1.0;0.4904861111111111;0.3040000000000002;5.885833333333333;0.4904861111111111;Now
03:14:06 10/07/2020;Friday;0.3044;0.3050000000000002;1.0;0.35637059362410894;0.5466004681302422;0.38416666666666666;0.3050000000000002;4.61;0.38416666666666666;1.0;0.3055000000000002;12.0;1.0;1.0;0.3055000000000002;12.0;1.0;Now
07:50:42 10/07/2020;Friday;0.3056;0.3060000000000002;1.0;0.35496478698597667;0.5300867616548067;0.6180555555555556;0.3060000000000002;7.416666666666667;0.6180555555555556;1.0;0.3070000000000002;12.0;1.0;0.6180555555555556;0.3060000000000002;7.416666666666667;0.6180555555555556;Now
15:15:42 10/07/2020;Friday;0.3073;0.3080000000000002;1.0;0.3521363372331799;0.49686157425616173;0.6052777777777778;0.3080000000000002;7.263333333333334;0.6052777777777778;1.0;0.3085000000000002;12.0;1.0;0.6052777777777778;0.3080000000000002;7.263333333333334;0.6052777777777778;Now
22:31:30 10/07/2020;Friday;0.3089;0.3090000000000002;1.0;0.35071355833500334;0.4801484983134088;0.6187037037037038;0.3090000000000002;7.424444444444444;0.6187037037037038;1.0;0.3105000000000002;12.0;1.0;0.6187037037037038;0.3090000000000002;7.424444444444444;0.6187037037037038;Now
05:56:58 11/07/2020;Saturday;0.3111;0.3120000000000002;1.0;0.34641016151377513;0.4295974267609937;0.43136574074074074;0.3120000000000002;5.176388888888889;0.43136574074074074;1.0;0.31466666666666687;12.0;1.0;0.9559722222222222;0.3135000000000002;11.471666666666666;0.9559722222222222;Now
11:07:33 11/07/2020;Saturday;0.3143;0.3150000000000002;1.0;0.3420526275297411;0.37841041766799616;0.5246064814814815;0.3150000000000002;6.295277777777778;0.5246064814814815;1.0;0.3160000000000002;12.0;1.0;0.5246064814814815;0.3150000000000002;6.295277777777778;0.5246064814814815;Now
17:25:16 11/07/2020;Saturday;0.3168;0.3170000000000002;1.0;0.3391164991562631;0.3439203528051417;0.4782638888888889;0.3170000000000002;5.739166666666667;0.4782638888888889;1.0;0.3180000000000002;12.0;1.0;1.0;0.3180000000000002;12.0;1.0;Now
23:09:37 11/07/2020;Saturday;0.3181;0.31900000000000023;1.0;0.3361547262794319;0.309129047508791;0.5947916666666667;0.31900000000000023;7.1375;0.5947916666666667;1.0;0.32050000000000023;12.0;1.0;0.5947916666666667;0.31900000000000023;7.1375;0.5947916666666667;Now
06:17:52 12/07/2020;Sunday;0.3211;0.32200000000000023;1.0;0.33166247903553964;0.25635959089327864;0.48962962962962964;0.32200000000000023;5.875555555555556;0.48962962962962964;1.0;0.32350000000000023;12.0;1.0;1.0;0.32350000000000023;12.0;1.0;Now
12:10:24 12/07/2020;Sunday;0.3241;0.32500000000000023;1.0;0.32710854467592215;0.2028655090734378;1.0;0.32500000000000023;12.0;1.0;1.0;0.32500000000000023;12.0;1.0;1.0;0.32500000000000023;12.0;1.0;Now
18:18:55 12/07/2020;Sunday;0.3248;0.32500000000000023;1.0;0.32710854467592215;0.2028655090734378;1.0;0.32500000000000023;12.0;1.0;1.0;0.32500000000000023;12.0;1.0;1.0;0.32500000000000023;12.0;1.0;Now
01:35:12 13/07/2020;Monday;0.3237;0.32500000000000023;1.0;0.32710854467592215;0.2028655090734378;0.5715046296296297;0.32500000000000023;6.858055555555556;0.5715046296296297;1.0;0.32550000000000023;12.0;1.0;0.5715046296296297;0.32500000000000023;6.858055555555556;0.5715046296296297;Now
08:26:41 13/07/2020;Monday;0.326;0.32600000000000023;1.0;0.32557641192199377;0.18486787704248614;0.5222222222222223;0.32600000000000023;6.006666666666667;0.5005555555555555;1.0;0.3266666666666669;12.0;1.0;0.5222222222222223;0.32600000000000023;6.006666666666667;0.5005555555555555;Now
14:27:05 13/07/2020;Monday;0.3265;0.32700000000000023;1.0;0.32403703492039265;0.1667851484011914;1.0;0.32700000000000023;12.0;1.0;1.0;0.32700000000000023;12.0;1.0;1.0;0.32700000000000023;12.0;1.0;Now
20:11:05 13/07/2020;Monday;0.326;0.32700000000000023;1.0;0.32403703492039265;0.1667851484011914;1.0;0.32700000000000023;12.0;1.0;1.0;0.32700000000000023;12.0;1.0;1.0;0.32700000000000023;12.0;1.0;Now
03:11:00 14/07/2020;Tuesday;0.3266;0.32700000000000023;1.0;0.32403703492039265;0.1667851484011914;1.0;0.32700000000000023;12.0;1.0;1.0;0.32700000000000023;12.0;1.0;1.0;0.32700000000000023;12.0;1.0;Now
07:48:09 14/07/2020;Tuesday;0.3265;0.32700000000000023;1.0;0.32403703492039265;0.1667851484011914;1.0;0.32700000000000023;12.0;1.0;1.0;0.32700000000000023;12.0;1.0;1.0;0.32700000000000023;12.0;1.0;Now
13:31:59 14/07/2020;Tuesday;0.3261;0.32700000000000023;1.0;0.32403703492039265;0.1667851484011914;1.0;0.32700000000000023;12.0;1.0;1.0;0.32700000000000023;12.0;1.0;1.0;0.32700000000000023;12.0;1.0;Now
19:16:10 14/07/2020;Tuesday;0.326;0.32700000000000023;1.0;0.32403703492039265;0.1667851484011914;0.6303009259259259;0.32700000000000023;7.563611111111111;0.6303009259259259;1.0;0.32800000000000024;12.0;1.0;0.6303009259259259;0.32700000000000023;7.563611111111111;0.6303009259259259;Now
02:49:59 15/07/2020;Wednesday;0.3281;0.32900000000000024;1.0;0.3209361307176239;0.1303594975158032;1.0;0.32900000000000024;12.0;1.0;1.0;0.32900000000000024;12.0;1.0;1.0;0.32900000000000024;12.0;1.0;Now
08:58:45 15/07/2020;Wednesday;0.3282;0.32900000000000024;1.0;0.3209361307176239;0.1303594975158032;1.0;0.32900000000000024;12.0;1.0;1.0;0.32900000000000024;12.0;1.0;1.0;0.32900000000000024;12.0;1.0;Now
15:24:41 15/07/2020;Wednesday;0.328;0.32900000000000024;1.0;0.3209361307176239;0.1303594975158032;1.0;0.32900000000000024;12.0;1.0;1.0;0.32850000000000024;12.0;1.0;1.0;0.32900000000000024;12.0;1.0;Now
22:58:15 15/07/2020;Wednesday;0.3274;0.32800000000000024;1.0;0.3224903099319416;0.14861610454787982;0.8980787037037037;0.32800000000000024;10.776944444444444;0.8980787037037037;1.0;0.32850000000000024;12.0;1.0;0.8980787037037037;0.32800000000000024;10.776944444444444;0.8980787037037037;Now
09:44:52 16/07/2020;Thursday;0.3281;0.32900000000000024;1.0;0.3209361307176239;0.1303594975158032;1.0;0.32900000000000024;12.0;1.0;1.0;0.32900000000000024;12.0;1.0;1.0;0.32900000000000024;12.0;1.0;Now
16:44:43 16/07/2020;Thursday;0.3282;0.32900000000000024;1.0;0.3209361307176239;0.1303594975158032;1.0;0.32900000000000024;12.0;1.0;1.0;0.32900000000000024;12.0;1.0;1.0;0.32900000000000024;12.0;1.0;Now
22:45:26 16/07/2020;Thursday;0.3287;0.32900000000000024;1.0;0.3209361307176239;0.1303594975158032;0.6062731481481481;0.32900000000000024;7.275277777777778;0.6062731481481481;1.0;0.33000000000000024;12.0;1.0;0.6062731481481481;0.32900000000000024;7.275277777777778;0.6062731481481481;Now
06:01:57 17/07/2020;Friday;0.3303;0.33100000000000024;1.0;0.3178049716414137;0.09357844917680279;1.0;0.33100000000000024;12.0;1.0;1.0;0.33100000000000024;12.0;1.0;1.0;0.33100000000000024;12.0;1.0;Now
13:35:05 17/07/2020;Friday;0.331;0.33100000000000024;1.0;0.3178049716414137;0.09357844917680279;0.5953703703703703;0.33100000000000024;7.144444444444445;0.5953703703703703;1.0;0.33150000000000024;12.0;1.0;0.5953703703703703;0.33100000000000024;7.144444444444445;0.5953703703703703;Now
20:43:45 17/07/2020;Friday;0.332;0.33200000000000024;1.0;0.31622776601683755;0.07505135588447083;0.4775;0.33200000000000024;5.73;0.4775;1.0;0.33333333333333354;12.0;1.0;0.9793981481481482;0.33250000000000024;11.752777777777778;0.9793981481481482;Now
02:27:33 18/07/2020;Saturday;0.3326;0.33300000000000024;1.0;0.31464265445104506;0.05643139321087573;0.5018981481481481;0.33300000000000024;6.022777777777778;0.5018981481481481;1.0;0.33400000000000024;12.0;1.0;0.5018981481481481;0.33300000000000024;6.022777777777778;0.5018981481481481;Now
08:28:55 18/07/2020;Saturday;0.3342;0.33500000000000024;1.0;0.31144823004794836;0.01890718076243271;0.6176157407407408;0.33500000000000024;7.411388888888889;0.6176157407407408;1.0;0.33550000000000024;12.0;1.0;0.6176157407407408;0.33500000000000024;7.411388888888889;0.6176157407407408;Now
15:53:36 18/07/2020;Saturday;0.3351;0.33600000000000024;1.0;0.30983866769659296;0.0;1.0;0.33600000000000024;12.0;1.0;1.0;0.33600000000000024;12.0;1.0;1.0;0.33600000000000024;12.0;1.0;Now
21:54:32 18/07/2020;Saturday;0.3344;0.33600000000000024;1.0;0.30983866769659296;0.0;1.0;0.33600000000000024;12.0;1.0;1.0;0.33533333333333354;12.0;1.0;1.0;0.33600000000000024;12.0;1.0;Now
03:55:23 19/07/2020;Sunday;0.334;0.33500000000000024;1.0;0.31144823004794836;0.01890718076243271;1.0;0.33500000000000024;12.0;1.0;1.0;0.3346666666666669;12.0;1.0;1.0;0.33500000000000024;12.0;1.0;Now
08:40:53 19/07/2020;Sunday;0.3319;0.33500000000000024;1.0;0.31144823004794836;0.01890718076243271;1.0;0.33500000000000024;12.0;1.0;1.0;0.33366666666666694;12.0;1.0;1.0;0.33500000000000024;12.0;1.0;Now
14:17:18 19/07/2020;Sunday;0.3279;0.33400000000000024;1.0;0.3130495168499702;0.037717150437002515;1.0;0.33400000000000024;12.0;1.0;1.0;0.33133333333333354;12.0;1.0;1.0;0.33400000000000024;12.0;1.0;Now
19:52:56 19/07/2020;Sunday;0.3254;0.33200000000000024;1.0;0.31622776601683755;0.07505135588447083;1.0;0.33200000000000024;12.0;1.0;1.0;0.32900000000000024;12.0;1.0;1.0;0.33200000000000024;12.0;1.0;Now
01:20:30 20/07/2020;Monday;0.3267;0.32800000000000024;1.0;0.3224903099319416;0.14861610454787982;1.0;0.32800000000000024;12.0;1.0;1.0;0.32733333333333353;12.0;1.0;1.0;0.32800000000000024;12.0;1.0;Now
07:13:34 20/07/2020;Monday;0.327;0.32700000000000023;1.0;0.32403703492039265;0.1667851484011914;1.0;0.32700000000000023;12.0;1.0;1.0;0.32700000000000023;12.0;1.0;1.0;0.32700000000000023;12.0;1.0;Now
12:31:49 20/07/2020;Monday;0.326;0.32700000000000023;1.0;0.32403703492039265;0.1667851484011914;1.0;0.32700000000000023;12.0;1.0;1.0;0.32700000000000023;12.0;1.0;1.0;0.32700000000000023;12.0;1.0;Now
18:00:32 20/07/2020;Monday;0.3263;0.32700000000000023;1.0;0.32403703492039265;0.1667851484011914;0.6031712962962963;0.32700000000000023;7.167222222222223;0.5972685185185185;1.0;0.32766666666666694;12.0;1.0;0.6031712962962963;0.32700000000000023;7.167222222222223;0.5972685185185185;Now
01:10:34 21/07/2020;Tuesday;0.3272;0.32800000000000024;1.0;0.3224903099319416;0.14861610454787982;1.0;0.32800000000000024;12.0;1.0;1.0;0.32800000000000024;12.0;1.0;1.0;0.32800000000000024;12.0;1.0;Now
05:56:17 21/07/2020;Tuesday;0.3238;0.32800000000000024;1.0;0.3224903099319416;0.14861610454787982;1.0;0.32800000000000024;12.0;1.0;1.0;0.3266666666666669;12.0;1.0;1.0;0.32800000000000024;12.0;1.0;Now
12:56:59 21/07/2020;Tuesday;0.323;0.32800000000000024;1.0;0.3224903099319416;0.14861610454787982;1.0;0.32800000000000024;12.0;1.0;1.0;0.32566666666666694;12.0;1.0;0.9441898148148148;0.32600000000000023;11.330277777777777;0.9441898148148148;Now
17:36:51 21/07/2020;Tuesday;0.3236;0.32400000000000023;1.0;0.3286335345030993;0.22077923468899344;0.5554861111111111;0.32400000000000023;6.6658333333333335;0.5554861111111111;1.0;0.32450000000000023;12.0;1.0;0.5554861111111111;0.32400000000000023;6.6658333333333335;0.5554861111111111;Now
00:16:48 22/07/2020;Wednesday;0.3244;0.32500000000000023;1.0;0.32710854467592215;0.2028655090734378;1.0;0.32500000000000023;12.0;1.0;1.0;0.32500000000000023;12.0;1.0;1.0;0.32500000000000023;12.0;1.0;Now
05:44:42 22/07/2020;Wednesday;0.3245;0.32500000000000023;1.0;0.32710854467592215;0.2028655090734378;1.0;0.32500000000000023;12.0;1.0;1.0;0.32500000000000023;12.0;1.0;1.0;0.32500000000000023;12.0;1.0;Now
10:30:44 22/07/2020;Wednesday;0.3242;0.32500000000000023;1.0;0.32710854467592215;0.2028655090734378;0.8770601851851851;0.32500000000000023;10.524722222222222;0.8770601851851851;1.0;0.32533333333333353;12.0;1.0;0.8770601851851851;0.32500000000000023;10.524722222222222;0.8770601851851851;Now
15:50:49 22/07/2020;Wednesday;0.3246;0.32500000000000023;1.0;0.32710854467592215;0.2028655090734378;0.4325;0.32500000000000023;5.19;0.4325;1.0;0.32550000000000023;12.0;1.0;1.0;0.32550000000000023;12.0;1.0;Now
21:02:13 22/07/2020;Wednesday;0.3255;0.32600000000000023;1.0;0.32557641192199377;0.18486787704248614;0.6073148148148149;0.32600000000000023;7.2877777777777775;0.6073148148148149;1.0;0.32700000000000023;12.0;1.0;0.6073148148148149;0.32600000000000023;7.2877777777777775;0.6073148148148149;Now
04:19:29 23/07/2020;Thursday;0.3274;0.32800000000000024;1.0;0.3224903099319416;0.14861610454787982;1.0;0.32800000000000024;12.0;1.0;1.0;0.32800000000000024;12.0;1.0;1.0;0.32800000000000024;12.0;1.0;Now
09:30:29 23/07/2020;Thursday;0.3262;0.32800000000000024;1.0;0.3224903099319416;0.14861610454787982;1.0;0.32800000000000024;12.0;1.0;1.0;0.32766666666666694;12.0;1.0;1.0;0.32800000000000024;12.0;1.0;Now
14:33:01 23/07/2020;Thursday;0.325;0.32800000000000024;1.0;0.3224903099319416;0.14861610454787982;1.0;0.32800000000000024;12.0;1.0;1.0;0.32750000000000024;12.0;1.0;1.0;0.32800000000000024;12.0;1.0;Now
20:51:04 23/07/2020;Thursday;0.3248;0.32700000000000023;1.0;0.32403703492039265;0.1667851484011914;1.0;0.32700000000000023;12.0;1.0;1.0;0.32566666666666694;12.0;1.0;1.0;0.32700000000000023;12.0;1.0;Now
03:26:46 24/07/2020;Friday;0.3231;0.32500000000000023;1.0;0.32710854467592215;0.2028655090734378;1.0;0.32500000000000023;12.0;1.0;1.0;0.3246666666666669;12.0;1.0;1.0;0.32500000000000023;12.0;1.0;Now
08:04:23 24/07/2020;Friday;0.322;0.32500000000000023;1.0;0.32710854467592215;0.2028655090734378;1.0;0.32500000000000023;12.0;1.0;1.0;0.32450000000000023;12.0;1.0;1.0;0.32500000000000023;12.0;1.0;Now
14:30:40 24/07/2020;Friday;0.3207;0.32400000000000023;1.0;0.3286335345030993;0.22077923468899344;1.0;0.32400000000000023;12.0;1.0;1.0;0.32250000000000023;12.0;1.0;1.0;0.32400000000000023;12.0;1.0;Now
22:05:11 24/07/2020;Friday;0.3195;0.32100000000000023;1.0;0.3331666249791533;0.2740284679175422;1.0;0.32100000000000023;12.0;1.0;1.0;0.3203333333333336;12.0;1.0;1.0;0.32100000000000023;12.0;1.0;Now
03:16:15 25/07/2020;Saturday;0.3172;0.32000000000000023;1.0;0.3346640106136299;0.29161793305275635;1.0;0.32000000000000023;12.0;1.0;1.0;0.32000000000000023;12.0;1.0;1.0;0.32000000000000023;12.0;1.0;Now
09:00:54 25/07/2020;Saturday;0.3187;0.32000000000000023;1.0;0.3346640106136299;0.29161793305275635;0.5487731481481481;0.32000000000000023;6.585277777777778;0.5487731481481481;1.0;0.32050000000000023;12.0;1.0;0.5487731481481481;0.32000000000000023;6.585277777777778;0.5487731481481481;Now
15:36:01 25/07/2020;Saturday;0.321;0.32100000000000023;1.0;0.3331666249791533;0.2740284679175422;0.5725462962962963;0.32100000000000023;6.870555555555556;0.5725462962962963;1.0;0.32150000000000023;12.0;1.0;0.5725462962962963;0.32100000000000023;6.870555555555556;0.5725462962962963;Now
22:28:15 25/07/2020;Saturday;0.3218;0.32200000000000023;1.0;0.33166247903553964;0.25635959089327864;1.0;0.32200000000000023;12.0;1.0;1.0;0.32200000000000023;12.0;1.0;1.0;0.32200000000000023;12.0;1.0;Now
05:03:28 26/07/2020;Sunday;0.3213;0.32200000000000023;1.0;0.33166247903553964;0.25635959089327864;0.537337962962963;0.32200000000000023;6.448055555555555;0.537337962962963;1.0;0.32350000000000023;12.0;1.0;0.537337962962963;0.32200000000000023;6.448055555555555;0.537337962962963;Now
11:30:21 26/07/2020;Sunday;0.3249;0.32500000000000023;1.0;0.32710854467592215;0.2028655090734378;1.0;0.32500000000000023;12.0;1.0;1.0;0.32500000000000023;12.0;1.0;1.0;0.32500000000000023;12.0;1.0;Now
18:47:44 26/07/2020;Sunday;0.3239;0.32500000000000023;1.0;0.32710854467592215;0.2028655090734378;1.0;0.32500000000000023;12.0;1.0;1.0;0.3243333333333336;12.0;1.0;1.0;0.32500000000000023;12.0;1.0;Now
00:46:45 27/07/2020;Monday;0.3239;0.32400000000000023;1.0;0.3286335345030993;0.22077923468899344;1.0;0.32400000000000023;12.0;1.0;1.0;0.32400000000000023;12.0;1.0;1.0;0.32400000000000023;12.0;1.0;Now
02:05:17 27/07/2020;Monday;0.3219;0.32400000000000023;1.0;0.3286335345030993;0.22077923468899344;1.0;0.32400000000000023;12.0;1.0;1.0;0.32400000000000023;12.0;1.0;1.0;0.32400000000000023;12.0;1.0;Now
06:59:32 27/07/2020;Monday;0.3218;0.32400000000000023;1.0;0.3286335345030993;0.22077923468899344;1.0;0.32400000000000023;12.0;1.0;1.0;0.32400000000000023;12.0;1.0;1.0;0.32400000000000023;12.0;1.0;Now
12:11:13 27/07/2020;Monday;0.3197;0.32400000000000023;1.0;0.3286335345030993;0.22077923468899344;1.0;0.32400000000000023;12.0;1.0;1.0;0.32200000000000023;12.0;1.0;1.0;0.32400000000000023;12.0;1.0;Now
19:11:39 27/07/2020;Monday;0.3178;0.32000000000000023;1.0;0.3346640106136299;0.29161793305275635;1.0;0.32000000000000023;12.0;1.0;1.0;0.31900000000000023;12.0;1.0;1.0;0.32000000000000023;12.0;1.0;Now
02:12:39 28/07/2020;Tuesday;0.3162;0.3180000000000002;1.0;0.3376388603226823;0.32656284906844246;1.0;0.3180000000000002;12.0;1.0;1.0;0.3180000000000002;12.0;1.0;1.0;0.3180000000000002;12.0;1.0;Now
09:05:14 28/07/2020;Tuesday;0.3179;0.3180000000000002;1.0;0.3376388603226823;0.32656284906844246;1.0;0.3180000000000002;12.0;1.0;1.0;0.3180000000000002;12.0;1.0;1.0;0.3180000000000002;12.0;1.0;Now
13:50:26 28/07/2020;Tuesday;0.316;0.3180000000000002;1.0;0.3376388603226823;0.32656284906844246;1.0;0.3180000000000002;12.0;1.0;1.0;0.3170000000000002;12.0;1.0;1.0;0.3180000000000002;12.0;1.0;Now
21:20:00 28/07/2020;Tuesday;0.3144;0.3160000000000002;1.0;0.3405877273185277;0.3612025517726405;1.0;0.3160000000000002;12.0;1.0;1.0;0.3155000000000002;12.0;1.0;1.0;0.3160000000000002;12.0;1.0;Now
04:21:01 29/07/2020;Wednesday;0.3142;0.3150000000000002;1.0;0.3420526275297411;0.37841041766799616;1.0;0.3150000000000002;12.0;1.0;1.0;0.3150000000000002;12.0;1.0;1.0;0.3150000000000002;12.0;1.0;Now
10:05:32 29/07/2020;Wednesday;0.313;0.3150000000000002;1.0;0.3420526275297411;0.37841041766799616;1.0;0.3150000000000002;12.0;1.0;1.0;0.3143333333333336;12.0;1.0;1.0;0.3150000000000002;12.0;1.0;Now
15:42:20 29/07/2020;Wednesday;0.312;0.3150000000000002;1.0;0.3420526275297411;0.37841041766799616;1.0;0.3150000000000002;12.0;1.0;1.0;0.3140000000000002;12.0;1.0;1.0;0.3150000000000002;12.0;1.0;Now
21:44:04 29/07/2020;Wednesday;0.3105;0.3130000000000002;1.0;0.34496376621320646;0.41260693404801735;1.0;0.3130000000000002;12.0;1.0;1.0;0.3120000000000002;12.0;1.0;1.0;0.3130000000000002;12.0;1.0;Now
04:36:43 30/07/2020;Thursday;0.3075;0.3110000000000002;1.0;0.3478505426185214;0.44651727201662916;1.0;0.3110000000000002;12.0;1.0;1.0;0.3095000000000002;12.0;1.0;1.0;0.3110000000000002;12.0;1.0;Now
12:02:39 30/07/2020;Thursday;0.3029;0.3080000000000002;1.0;0.3521363372331799;0.49686157425616173;1.0;0.3080000000000002;12.0;1.0;1.0;0.3055000000000002;12.0;1.0;1.0;0.3080000000000002;12.0;1.0;Now
18:39:31 30/07/2020;Thursday;0.3023;0.3030000000000002;1.0;0.3591656999213591;0.5794339771694046;1.0;0.3030000000000002;12.0;1.0;1.0;0.3030000000000002;12.0;1.0;1.0;0.3030000000000002;12.0;1.0;Now
00:14:46 31/07/2020;Friday;0.3021;0.3030000000000002;1.0;0.3591656999213591;0.5794339771694046;1.0;0.3030000000000002;12.0;1.0;1.0;0.3030000000000002;12.0;1.0;1.0;0.3030000000000002;12.0;1.0;Now
06:24:37 31/07/2020;Friday;0.3012;0.3030000000000002;1.0;0.3591656999213591;0.5794339771694046;1.0;0.3030000000000002;12.0;1.0;1.0;0.30266666666666686;12.0;1.0;1.0;0.3030000000000002;12.0;1.0;Now
11:02:07 31/07/2020;Friday;0.3016;0.3030000000000002;1.0;0.3591656999213591;0.5794339771694046;1.0;0.3030000000000002;12.0;1.0;1.0;0.3025000000000002;12.0;1.0;1.0;0.3025000000000002;12.0;1.0;Now
16:47:26 31/07/2020;Friday;0.3014;0.3020000000000002;1.0;0.3605551275463986;0.5957552829211313;1.0;0.3020000000000002;12.0;1.0;1.0;0.3020000000000002;12.0;1.0;1.0;0.3020000000000002;12.0;1.0;Now
23:05:23 31/07/2020;Friday;0.3013;0.3020000000000002;1.0;0.3605551275463986;0.5957552829211313;1.0;0.3020000000000002;12.0;1.0;1.0;0.3020000000000002;12.0;1.0;1.0;0.3020000000000002;12.0;1.0;Now
23:05:23 31/07/2020;Friday;0.3013;0.3020000000000002;1.0;0.3605551275463986;0.5957552829211313;1.0;0.3020000000000002;12.0;1.0;1.0;0.3020000000000002;12.0;1.0;1.0;0.3020000000000002;12.0;1.0;Now
04:08:25 01/08/2020;Saturday;0.2991;0.3020000000000002;1.0;0.3605551275463986;0.5957552829211313;1.0;0.3020000000000002;12.0;1.0;1.0;0.3013333333333335;12.0;1.0;1.0;0.3020000000000002;12.0;1.0;Now
10:09:51 01/08/2020;Saturday;0.2959;0.3020000000000002;1.0;0.3605551275463986;0.5957552829211313;1.0;0.3020000000000002;12.0;1.0;1.0;0.2996666666666669;12.0;1.0;1.0;0.3020000000000002;12.0;1.0;Now
14:48:07 01/08/2020;Saturday;0.2956;0.3000000000000002;1.0;0.3633180424916987;0.6282106471125374;1.0;0.3000000000000002;12.0;1.0;1.0;0.29833333333333356;12.0;1.0;0.9584490740740741;0.2985000000000002;11.501388888888888;0.9584490740740741;Now
19:33:27 01/08/2020;Saturday;0.2963;0.2970000000000002;1.0;0.36742346141747645;0.6764361151534789;0.5621527777777777;0.2970000000000002;6.745833333333334;0.5621527777777777;1.0;0.2980000000000002;12.0;1.0;0.5621527777777777;0.2970000000000002;6.745833333333334;0.5621527777777777;Now
02:18:12 02/08/2020;Sunday;0.2977;0.2980000000000002;1.0;0.36606010435446223;0.6604210546543051;0.39618055555555554;0.2980000000000002;4.754166666666666;0.39618055555555554;1.0;0.2996666666666669;12.0;1.0;0.9099537037037037;0.2985000000000002;10.919444444444444;0.9099537037037037;Now
07:03:27 02/08/2020;Sunday;0.2989;0.2990000000000002;1.0;0.36469165057620906;0.6443461241437356;0.5137731481481481;0.2990000000000002;6.165277777777778;0.5137731481481481;1.0;0.3005000000000002;12.0;1.0;0.5137731481481481;0.2990000000000002;6.165277777777778;0.5137731481481481;Now
13:13:22 02/08/2020;Sunday;0.3012;0.3020000000000002;1.0;0.3605551275463986;0.5957552829211313;0.5032407407407408;0.3020000000000002;6.038888888888889;0.5032407407407408;1.0;0.30433333333333357;12.0;1.0;0.5032407407407408;0.3020000000000002;6.038888888888889;0.5032407407407408;Now
19:15:42 02/08/2020;Sunday;0.3042;0.3050000000000002;1.0;0.35637059362410894;0.5466004681302422;0.3844212962962963;0.3050000000000002;4.6130555555555555;0.3844212962962963;1.0;0.30633333333333357;12.0;1.0;0.9922916666666667;0.3055000000000002;11.9075;0.9922916666666667;Now
23:52:29 02/08/2020;Sunday;0.3055;0.3060000000000002;1.0;0.35496478698597667;0.5300867616548067;0.6078703703703704;0.3060000000000002;7.294444444444444;0.6078703703703704;1.0;0.3070000000000002;12.0;1.0;0.6078703703703704;0.3060000000000002;7.294444444444444;0.6078703703703704;Now
07:10:09 03/08/2020;Monday;0.3076;0.3080000000000002;1.0;0.3521363372331799;0.49686157425616173;0.6200694444444445;0.3080000000000002;7.440833333333333;0.6200694444444445;1.0;0.3093333333333335;12.0;1.0;0.6200694444444445;0.3080000000000002;7.440833333333333;0.6200694444444445;Now
14:36:36 03/08/2020;Monday;0.3093;0.3100000000000002;1.0;0.3492849839314593;0.4633673438227818;1.0;0.3100000000000002;12.0;1.0;1.0;0.3100000000000002;12.0;1.0;1.0;0.3100000000000002;12.0;1.0;Now
18:12:58 03/08/2020;Monday;0.3093;0.3100000000000002;1.0;0.3492849839314593;0.4633673438227818;1.0;0.3100000000000002;12.0;1.0;1.0;0.3100000000000002;12.0;1.0;1.0;0.3100000000000002;12.0;1.0;Now
20:46:56 03/08/2020;Monday;0.3081;0.3100000000000002;1.0;0.3492849839314593;0.4633673438227818;1.0;0.3100000000000002;12.0;1.0;1.0;0.3100000000000002;12.0;1.0;1.0;0.3100000000000002;12.0;1.0;Now
04:12:37 04/08/2020;Tuesday;0.3074;0.3100000000000002;1.0;0.3492849839314593;0.4633673438227818;1.0;0.3100000000000002;12.0;1.0;1.0;0.30866666666666687;12.0;1.0;1.0;0.3100000000000002;12.0;1.0;Now
10:14:26 04/08/2020;Tuesday;0.3069;0.3080000000000002;1.0;0.3521363372331799;0.49686157425616173;1.0;0.3080000000000002;12.0;1.0;1.0;0.3080000000000002;12.0;1.0;1.0;0.3080000000000002;12.0;1.0;Now
15:34:10 04/08/2020;Tuesday;0.3068;0.3080000000000002;1.0;0.3521363372331799;0.49686157425616173;1.0;0.3080000000000002;12.0;1.0;1.0;0.3075000000000002;12.0;1.0;1.0;0.3080000000000002;12.0;1.0;Now
22:18:25 04/08/2020;Tuesday;0.3065;0.3070000000000002;1.0;0.35355339059327345;0.5135073935415967;0.5012731481481482;0.3070000000000002;6.0152777777777775;0.5012731481481482;1.0;0.3075000000000002;12.0;1.0;0.5012731481481482;0.3070000000000002;6.0152777777777775;0.5012731481481482;Now
04:19:20 05/08/2020;Wednesday;0.3078;0.3080000000000002;1.0;0.3521363372331799;0.49686157425616173;0.5494212962962963;0.3080000000000002;6.593055555555556;0.5494212962962963;1.0;0.3093333333333335;12.0;1.0;0.5494212962962963;0.3080000000000002;6.593055555555556;0.5494212962962963;Now
10:54:55 05/08/2020;Wednesday;0.3099;0.3100000000000002;1.0;0.3492849839314593;0.4633673438227818;1.0;0.3100000000000002;12.0;1.0;1.0;0.3100000000000002;12.0;1.0;1.0;0.3100000000000002;12.0;1.0;Now
14:14:43 05/08/2020;Wednesday;0.3099;0.3100000000000002;1.0;0.3492849839314593;0.4633673438227818;1.0;0.3100000000000002;12.0;1.0;1.0;0.3100000000000002;12.0;1.0;1.0;0.3100000000000002;12.0;1.0;Now
17:38:22 05/08/2020;Wednesday;0.3088;0.3100000000000002;1.0;0.3492849839314593;0.4633673438227818;1.0;0.3100000000000002;12.0;1.0;1.0;0.3100000000000002;12.0;1.0;1.0;0.3100000000000002;12.0;1.0;Now
23:23:35 05/08/2020;Wednesday;0.3093;0.3100000000000002;1.0;0.3492849839314593;0.4633673438227818;0.5487731481481481;0.3100000000000002;6.585277777777778;0.5487731481481481;1.0;0.3110000000000002;12.0;1.0;0.5487731481481481;0.3100000000000002;6.585277777777778;0.5487731481481481;Now
05:58:42 06/08/2020;Thursday;0.3115;0.3120000000000002;1.0;0.34641016151377513;0.4295974267609937;0.5843055555555555;0.3120000000000002;7.011666666666667;0.5843055555555555;1.0;0.3135000000000002;12.0;1.0;0.5843055555555555;0.3120000000000002;7.011666666666667;0.5843055555555555;Now
12:59:24 06/08/2020;Thursday;0.3147;0.3150000000000002;1.0;0.3420526275297411;0.37841041766799616;1.0;0.3150000000000002;12.0;1.0;1.0;0.3150000000000002;12.0;1.0;1.0;0.3150000000000002;12.0;1.0;Now
00:03:52 07/08/2020;Friday;0.3144;0.3150000000000002;1.0;0.3420526275297411;0.37841041766799616;1.0;0.3150000000000002;12.0;1.0;1.0;0.3150000000000002;12.0;1.0;1.0;0.3150000000000002;12.0;1.0;Now
06:47:18 07/08/2020;Friday;0.3137;0.3150000000000002;1.0;0.3420526275297411;0.37841041766799616;1.0;0.3150000000000002;12.0;1.0;1.0;0.3145000000000002;12.0;1.0;1.0;0.3150000000000002;12.0;1.0;Now
13:22:35 07/08/2020;Friday;0.3119;0.3140000000000002;1.0;0.343511280746353;0.3955449014691124;1.0;0.3140000000000002;12.0;1.0;1.0;0.3133333333333335;12.0;1.0;1.0;0.3140000000000002;12.0;1.0;Now
19:32:22 07/08/2020;Friday;0.3126;0.3130000000000002;1.0;0.34496376621320646;0.41260693404801735;1.0;0.3130000000000002;12.0;1.0;1.0;0.3130000000000002;12.0;1.0;1.0;0.3130000000000002;12.0;1.0;Now
00:43:56 08/08/2020;Saturday;0.3125;0.3130000000000002;1.0;0.34496376621320646;0.41260693404801735;1.0;0.3130000000000002;12.0;1.0;1.0;0.3130000000000002;12.0;1.0;1.0;0.3130000000000002;12.0;1.0;Now
07:08:03 08/08/2020;Saturday;0.3088;0.3130000000000002;1.0;0.34496376621320646;0.41260693404801735;1.0;0.3130000000000002;12.0;1.0;1.0;0.3110000000000002;12.0;1.0;1.0;0.3130000000000002;12.0;1.0;Now
13:45:46 08/08/2020;Saturday;0.3051;0.3090000000000002;1.0;0.35071355833500334;0.4801484983134088;1.0;0.3090000000000002;12.0;1.0;1.0;0.3070000000000002;12.0;1.0;1.0;0.3090000000000002;12.0;1.0;Now
20:54:52 08/08/2020;Saturday;0.3049;0.3060000000000002;1.0;0.35496478698597667;0.5300867616548067;1.0;0.3060000000000002;12.0;1.0;1.0;0.3060000000000002;12.0;1.0;1.0;0.3060000000000002;12.0;1.0;Now
01:32:39 09/08/2020;Sunday;0.3057;0.3060000000000002;1.0;0.35496478698597667;0.5300867616548067;0.6182175925925926;0.3060000000000002;7.418611111111111;0.6182175925925926;1.0;0.3065000000000002;12.0;1.0;0.6182175925925926;0.3060000000000002;7.418611111111111;0.6182175925925926;Now
08:57:46 09/08/2020;Sunday;0.3062;0.3070000000000002;1.0;0.35355339059327345;0.5135073935415967;1.0;0.3070000000000002;12.0;1.0;1.0;0.3070000000000002;12.0;1.0;1.0;0.3070000000000002;12.0;1.0;Now
14:43:15 09/08/2020;Sunday;0.3041;0.3070000000000002;1.0;0.35355339059327345;0.5135073935415967;1.0;0.3070000000000002;12.0;1.0;1.0;0.30633333333333357;12.0;1.0;1.0;0.3070000000000002;12.0;1.0;Now
19:54:04 09/08/2020;Sunday;0.3048;0.3070000000000002;1.0;0.35355339059327345;0.5135073935415967;1.0;0.3070000000000002;12.0;1.0;1.0;0.3056666666666669;12.0;1.0;1.0;0.3070000000000002;12.0;1.0;Now
01:47:06 10/08/2020;Monday;0.3027;0.3050000000000002;1.0;0.35637059362410894;0.5466004681302422;1.0;0.3050000000000002;12.0;1.0;1.0;0.30433333333333357;12.0;1.0;1.0;0.3050000000000002;12.0;1.0;Now
07:39:55 10/08/2020;Monday;0.2997;0.3050000000000002;1.0;0.35637059362410894;0.5466004681302422;1.0;0.3050000000000002;12.0;1.0;1.0;0.3040000000000002;12.0;1.0;1.0;0.3040000000000002;12.0;1.0;Now
12:17:29 10/08/2020;Monday;0.2984;0.3030000000000002;1.0;0.3591656999213591;0.5794339771694046;1.0;0.3030000000000002;12.0;1.0;1.0;0.3010000000000002;12.0;1.0;1.0;0.3030000000000002;12.0;1.0;Now
19:51:00 10/08/2020;Monday;0.2988;0.2990000000000002;1.0;0.36469165057620906;0.6443461241437356;1.0;0.2990000000000002;12.0;1.0;1.0;0.2990000000000002;12.0;1.0;1.0;0.2990000000000002;12.0;1.0;Now
05:42:12 11/08/2020;Tuesday;0.2983;0.2990000000000002;1.0;0.36469165057620906;0.6443461241437356;0.5728009259259259;0.2990000000000002;6.873611111111111;0.5728009259259259;1.0;0.2993333333333335;12.0;1.0;0.5728009259259259;0.2990000000000002;6.873611111111111;0.5728009259259259;Now
07:15:03 11/08/2020;Tuesday;0.2983;0.2990000000000002;1.0;0.36469165057620906;0.6443461241437356;0.44384259259259257;0.2990000000000002;5.3261111111111115;0.44384259259259257;1.0;0.2996666666666669;12.0;1.0;0.44384259259259257;0.2990000000000002;5.3261111111111115;0.44384259259259257;Now
12:34:37 11/08/2020;Tuesday;0.2997;0.3000000000000002;1.0;0.3633180424916987;0.6282106471125374;1.0;0.3000000000000002;12.0;1.0;1.0;0.3000000000000002;12.0;1.0;1.0;0.3000000000000002;12.0;1.0;Now
17:56:03 11/08/2020;Tuesday;0.2997;0.3000000000000002;1.0;0.3633180424916987;0.6282106471125374;1.0;0.3000000000000002;12.0;1.0;1.0;0.3000000000000002;12.0;1.0;1.0;0.3000000000000002;12.0;1.0;Now
20:10:26 11/08/2020;Tuesday;0.2993;0.3000000000000002;1.0;0.3633180424916987;0.6282106471125374;1.0;0.3000000000000002;12.0;1.0;1.0;0.3000000000000002;12.0;1.0;1.0;0.3000000000000002;12.0;1.0;Now
01:46:02 12/08/2020;Wednesday;0.2989;0.3000000000000002;1.0;0.3633180424916987;0.6282106471125374;1.0;0.3000000000000002;12.0;1.0;1.0;0.3000000000000002;12.0;1.0;1.0;0.3000000000000002;12.0;1.0;Now
09:11:56 12/08/2020;Wednesday;0.2996;0.3000000000000002;1.0;0.3633180424916987;0.6282106471125374;0.5717129629629629;0.3000000000000002;6.860555555555556;0.5717129629629629;1.0;0.3005000000000002;12.0;1.0;0.5717129629629629;0.3000000000000002;6.860555555555556;0.5717129629629629;Now
16:03:34 12/08/2020;Wednesday;0.3005;0.3010000000000002;1.0;0.36193922141707685;0.6120139342141685;1.0;0.3010000000000002;12.0;1.0;1.0;0.3010000000000002;12.0;1.0;1.0;0.3010000000000002;12.0;1.0;Now
03:50:05 13/08/2020;Thursday;0.2997;0.3010000000000002;1.0;0.36193922141707685;0.6120139342141685;0.618287037037037;0.3010000000000002;7.419444444444444;0.618287037037037;1.0;0.3015000000000002;12.0;1.0;0.618287037037037;0.3010000000000002;7.419444444444444;0.618287037037037;Now
11:15:15 13/08/2020;Thursday;0.3019;0.3020000000000002;1.0;0.3605551275463986;0.5957552829211313;0.6192592592592593;0.3020000000000002;7.431111111111111;0.6192592592592593;1.0;0.3030000000000002;12.0;1.0;0.6192592592592593;0.3020000000000002;7.431111111111111;0.6192592592592593;Now
18:41:07 13/08/2020;Thursday;0.3034;0.3040000000000002;1.0;0.357770876399966;0.5630492869904474;1.0;0.3040000000000002;12.0;1.0;1.0;0.3040000000000002;12.0;1.0;1.0;0.3040000000000002;12.0;1.0;Now
00:09:11 14/08/2020;Friday;0.3033;0.3040000000000002;1.0;0.357770876399966;0.5630492869904474;1.0;0.3040000000000002;12.0;1.0;1.0;0.3040000000000002;12.0;1.0;1.0;0.3040000000000002;12.0;1.0;Now
07:01:52 14/08/2020;Friday;0.3015;0.3040000000000002;1.0;0.357770876399966;0.5630492869904474;1.0;0.3040000000000002;12.0;1.0;1.0;0.3030000000000002;12.0;1.0;1.0;0.3040000000000002;12.0;1.0;Now
14:10:12 14/08/2020;Friday;0.2989;0.3020000000000002;1.0;0.3605551275463986;0.5957552829211313;1.0;0.3020000000000002;12.0;1.0;1.0;0.3005000000000002;12.0;1.0;1.0;0.3020000000000002;12.0;1.0;Now
01:15:19 15/08/2020;Saturday;0.2973;0.2990000000000002;1.0;0.36469165057620906;0.6443461241437356;1.0;0.2990000000000002;12.0;1.0;1.0;0.29833333333333356;12.0;1.0;1.0;0.2990000000000002;12.0;1.0;Now
06:34:48 15/08/2020;Saturday;0.2952;0.2980000000000002;1.0;0.36606010435446223;0.6604210546543051;1.0;0.2980000000000002;12.0;1.0;1.0;0.2973333333333335;12.0;1.0;1.0;0.2980000000000002;12.0;1.0;Now
11:12:20 15/08/2020;Saturday;0.2916;0.2980000000000002;1.0;0.36606010435446223;0.6604210546543051;1.0;0.2980000000000002;12.0;1.0;1.0;0.2953333333333335;12.0;1.0;1.0;0.2980000000000002;12.0;1.0;Now
16:57:08 15/08/2020;Saturday;0.2875;0.2960000000000002;1.0;0.3687817782917152;0.6923919696453961;1.0;0.2960000000000002;12.0;1.0;1.0;0.2940000000000002;12.0;1.0;1.0;0.2940000000000002;12.0;1.0;Now
22:08:46 15/08/2020;Saturday;0.2858;0.2920000000000002;1.0;0.37416573867739383;0.7556361876429664;1.0;0.2920000000000002;12.0;1.0;1.0;0.2890000000000002;12.0;1.0;1.0;0.2920000000000002;12.0;1.0;Now
05:34:38 16/08/2020;Sunday;0.2837;0.2860000000000002;1.0;0.3820994634908557;0.8488319368111823;1.0;0.2860000000000002;12.0;1.0;1.0;0.28466666666666685;12.0;1.0;1.0;0.2850000000000002;12.0;1.0;Now
10:21:33 16/08/2020;Sunday;0.2833;0.2840000000000002;1.0;0.38470768123342663;0.8794701064260753;0.9454166666666667;0.2840000000000002;11.345;0.9454166666666667;1.0;0.28433333333333355;12.0;1.0;0.9454166666666667;0.2840000000000002;11.345;0.9454166666666667;Now
16:06:10 16/08/2020;Sunday;0.2832;0.2840000000000002;1.0;0.38470768123342663;0.8794701064260753;0.4667824074074074;0.2840000000000002;5.601388888888889;0.4667824074074074;1.0;0.2845000000000002;12.0;1.0;1.0;0.2845000000000002;12.0;1.0;Now
21:42:15 16/08/2020;Sunday;0.2843;0.2850000000000002;1.0;0.38340579025361604;0.8641770747100119;0.5955324074074074;0.2850000000000002;7.146388888888889;0.5955324074074074;1.0;0.2855000000000002;12.0;1.0;0.5955324074074074;0.2850000000000002;7.146388888888889;0.5955324074074074;Now
04:51:02 17/08/2020;Monday;0.2851;0.2860000000000002;1.0;0.3820994634908557;0.8488319368111823;1.0;0.2860000000000002;12.0;1.0;1.0;0.2860000000000002;12.0;1.0;1.0;0.2860000000000002;12.0;1.0;Now
10:44:19 17/08/2020;Monday;0.2845;0.2860000000000002;1.0;0.3820994634908557;0.8488319368111823;0.5259722222222222;0.2860000000000002;6.3116666666666665;0.5259722222222222;1.0;0.2865000000000002;12.0;1.0;0.5259722222222222;0.2860000000000002;6.3116666666666665;0.5259722222222222;Now
17:03:01 17/08/2020;Monday;0.2862;0.2870000000000002;1.0;0.38078865529319517;0.8334341564659994;1.0;0.2870000000000002;12.0;1.0;1.0;0.2870000000000002;12.0;1.0;1.0;0.2870000000000002;12.0;1.0;Now
23:55:21 17/08/2020;Monday;0.2863;0.2870000000000002;1.0;0.38078865529319517;0.8334341564659994;1.0;0.2870000000000002;12.0;1.0;1.0;0.2870000000000002;12.0;1.0;1.0;0.2870000000000002;12.0;1.0;Now
05:48:40 18/08/2020;Tuesday;0.2861;0.2870000000000002;1.0;0.38078865529319517;0.8334341564659994;1.0;0.2870000000000002;12.0;1.0;1.0;0.2870000000000002;12.0;1.0;1.0;0.2870000000000002;12.0;1.0;Now
13:14:46 18/08/2020;Tuesday;0.2841;0.2870000000000002;1.0;0.38078865529319517;0.8334341564659994;1.0;0.2870000000000002;12.0;1.0;1.0;0.28633333333333355;12.0;1.0;1.0;0.2870000000000002;12.0;1.0;Now
19:22:16 18/08/2020;Tuesday;0.2853;0.2860000000000002;1.0;0.3820994634908557;0.8488319368111823;1.0;0.2860000000000002;12.0;1.0;1.0;0.2860000000000002;12.0;1.0;1.0;0.2860000000000002;12.0;1.0;Now
00:36:11 19/08/2020;Wednesday;0.2841;0.2860000000000002;1.0;0.3820994634908557;0.8488319368111823;1.0;0.2860000000000002;12.0;1.0;1.0;0.2856666666666669;12.0;1.0;1.0;0.2860000000000002;12.0;1.0;Now
06:04:59 19/08/2020;Wednesday;0.2808;0.2860000000000002;1.0;0.3820994634908557;0.8488319368111823;1.0;0.2860000000000002;12.0;1.0;1.0;0.2840000000000002;12.0;1.0;1.0;0.2855000000000002;12.0;1.0;Now
11:15:42 19/08/2020;Wednesday;0.2783;0.2850000000000002;1.0;0.38340579025361604;0.8641770747100119;1.0;0.2850000000000002;12.0;1.0;1.0;0.2820000000000002;12.0;1.0;1.0;0.2850000000000002;12.0;1.0;Now
17:25:40 19/08/2020;Wednesday;0.2793;0.2810000000000002;1.0;0.3885871845545087;0.925041792728497;1.0;0.2810000000000002;12.0;1.0;1.0;0.28033333333333355;12.0;1.0;1.0;0.2810000000000002;12.0;1.0;Now
22:28:52 19/08/2020;Wednesday;0.2799;0.2800000000000002;1.0;0.3898717737923583;0.9401315846244406;1.0;0.2800000000000002;12.0;1.0;1.0;0.2800000000000002;12.0;1.0;1.0;0.2800000000000002;12.0;1.0;Now
03:31:49 20/08/2020;Thursday;0.2795;0.2800000000000002;1.0;0.3898717737923583;0.9401315846244406;1.0;0.2800000000000002;12.0;1.0;1.0;0.2800000000000002;12.0;1.0;1.0;0.2800000000000002;12.0;1.0;Now
08:51:39 20/08/2020;Thursday;0.276;0.2800000000000002;1.0;0.3898717737923583;0.9401315846244406;1.0;0.2800000000000002;12.0;1.0;1.0;0.2790000000000002;12.0;1.0;1.0;0.2800000000000002;12.0;1.0;Now
12:58:11 20/08/2020;Thursday;0.276;0.2800000000000002;1.0;0.3898717737923583;0.9401315846244406;1.0;0.2800000000000002;12.0;1.0;1.0;0.27825000000000016;12.0;1.0;0.9317824074074074;0.27866666666666684;11.18138888888889;0.9317824074074074;Now
14:03:18 20/08/2020;Thursday;0.2746;0.2800000000000002;1.0;0.3898717737923583;0.9401315846244406;1.0;0.2800000000000002;12.0;1.0;1.0;0.2776666666666669;12.0;1.0;0.8413425925925926;0.2780000000000002;10.096111111111112;0.8413425925925926;Now
18:40:44 20/08/2020;Thursday;0.2759;0.2760000000000002;1.0;0.39496835316262974;1.0;0.45601851851851855;0.2760000000000002;5.472222222222222;0.45601851851851855;1.0;0.2770000000000002;12.0;1.0;0.45601851851851855;0.2760000000000002;5.472222222222222;0.45601851851851855;Now
00:09:04 21/08/2020;Friday;0.277;0.2770000000000002;1.0;0.3937003937005903;0.985105554483162;0.49039351851851853;0.2770000000000002;5.884722222222222;0.49039351851851853;1.0;0.2775000000000002;12.0;1.0;1.0;0.2775000000000002;12.0;1.0;Now
06:02:09 21/08/2020;Friday;0.2771;0.2780000000000002;1.0;0.3924283374069714;0.9701629843719829;1.0;0.2780000000000002;12.0;1.0;1.0;0.2780000000000002;12.0;1.0;1.0;0.2780000000000002;12.0;1.0;Now
12:21:24 21/08/2020;Friday;0.2775;0.2780000000000002;1.0;0.3924283374069714;0.9701629843719829;0.5030324074074074;0.2780000000000002;6.036388888888889;0.5030324074074074;1.0;0.2785000000000002;12.0;1.0;0.5030324074074074;0.2780000000000002;6.036388888888889;0.5030324074074074;Now
18:23:35 21/08/2020;Friday;0.2783;0.2790000000000002;1.0;0.39115214431215867;0.9551718201520482;0.5713657407407408;0.2790000000000002;6.856388888888889;0.5713657407407408;1.0;0.2795000000000002;12.0;1.0;0.5713657407407408;0.2790000000000002;6.856388888888889;0.5713657407407408;Now
01:14:58 22/08/2020;Saturday;0.2798;0.2800000000000002;1.0;0.3898717737923583;0.9401315846244406;0.5370833333333334;0.2800000000000002;6.445;0.5370833333333334;1.0;0.2816666666666669;12.0;1.0;0.5370833333333334;0.2800000000000002;6.445;0.5370833333333334;Now
07:41:40 22/08/2020;Saturday;0.2811;0.2820000000000002;1.0;0.3872983346207414;0.9099019513592784;0.47456018518518517;0.2820000000000002;5.052777777777778;0.42106481481481484;1.0;0.28266666666666684;12.0;1.0;1.0;0.2825000000000002;12.0;1.0;Now
12:44:50 22/08/2020;Saturday;0.2821;0.2830000000000002;1.0;0.3860051813123754;0.8947115591795497;1.0;0.2830000000000002;12.0;1.0;1.0;0.2830000000000002;12.0;1.0;1.0;0.2830000000000002;12.0;1.0;Now
19:03:09 22/08/2020;Saturday;0.28;0.2830000000000002;1.0;0.3860051813123754;0.8947115591795497;1.0;0.2830000000000002;12.0;1.0;1.0;0.2815000000000002;12.0;1.0;1.0;0.2830000000000002;12.0;1.0;Now
19:58:12 22/08/2020;Saturday;0.28;0.2830000000000002;1.0;0.3860051813123754;0.8947115591795497;1.0;0.2830000000000002;12.0;1.0;1.0;0.2810000000000002;12.0;1.0;1.0;0.2830000000000002;12.0;1.0;Now
00:48:17 23/08/2020;Sunday;0.2796;0.2800000000000002;1.0;0.3898717737923583;0.9401315846244406;1.0;0.2800000000000002;12.0;1.0;1.0;0.2800000000000002;12.0;1.0;1.0;0.2800000000000002;12.0;1.0;Now
05:26:16 23/08/2020;Sunday;0.2793;0.2800000000000002;1.0;0.3898717737923583;0.9401315846244406;1.0;0.2800000000000002;12.0;1.0;1.0;0.2800000000000002;12.0;1.0;1.0;0.2800000000000002;12.0;1.0;Now
11:37:11 23/08/2020;Sunday;0.2792;0.2800000000000002;1.0;0.3898717737923583;0.9401315846244406;0.8527777777777777;0.2800000000000002;10.233333333333333;0.8527777777777777;1.0;0.28033333333333355;12.0;1.0;0.8527777777777777;0.2800000000000002;10.233333333333333;0.8527777777777777;Now
16:14:20 23/08/2020;Sunday;0.2796;0.2800000000000002;1.0;0.3898717737923583;0.9401315846244406;0.46784722222222225;0.2800000000000002;5.614166666666667;0.46784722222222225;1.0;0.2813333333333335;12.0;1.0;0.9818287037037037;0.2805000000000002;11.781944444444445;0.9818287037037037;Now
21:51:11 23/08/2020;Sunday;0.2805;0.2810000000000002;1.0;0.3885871845545087;0.925041792728497;0.5139814814814815;0.2810000000000002;6.167777777777777;0.5139814814814815;1.0;0.28266666666666684;12.0;1.0;0.5139814814814815;0.2810000000000002;6.167777777777777;0.5139814814814815;Now
04:01:15 24/08/2020;Monday;0.2821;0.2830000000000002;1.0;0.3860051813123754;0.8947115591795497;0.4674537037037037;0.2830000000000002;5.609444444444445;0.4674537037037037;1.0;0.2835000000000002;12.0;1.0;1.0;0.2835000000000002;12.0;1.0;Now
09:37:49 24/08/2020;Monday;0.2837;0.2840000000000002;1.0;0.38470768123342663;0.8794701064260753;0.5609722222222222;0.2840000000000002;6.7316666666666665;0.5609722222222222;1.0;0.2853333333333335;12.0;1.0;0.5609722222222222;0.2840000000000002;6.7316666666666665;0.5609722222222222;Now
16:21:43 24/08/2020;Monday;0.2855;0.2860000000000002;1.0;0.3820994634908557;0.8488319368111823;0.7714814814814814;0.2860000000000002;9.257777777777777;0.7714814814814814;1.0;0.28633333333333355;12.0;1.0;0.7714814814814814;0.2860000000000002;9.257777777777777;0.7714814814814814;Now
20:59:44 24/08/2020;Monday;0.2856;0.2860000000000002;1.0;0.3820994634908557;0.8488319368111823;0.38534722222222223;0.2860000000000002;4.6241666666666665;0.38534722222222223;1.0;0.28666666666666685;12.0;1.0;1.0;0.2865000000000002;12.0;1.0;Now
01:37:11 25/08/2020;Tuesday;0.2863;0.2870000000000002;1.0;0.38078865529319517;0.8334341564659994;1.0;0.2870000000000002;12.0;1.0;1.0;0.2870000000000002;12.0;1.0;1.0;0.2870000000000002;12.0;1.0;Now
08:38:35 25/08/2020;Tuesday;0.2862;0.2870000000000002;1.0;0.38078865529319517;0.8334341564659994;0.5597453703703704;0.2870000000000002;6.716944444444445;0.5597453703703704;1.0;0.2875000000000002;12.0;1.0;0.5597453703703704;0.2870000000000002;6.716944444444445;0.5597453703703704;Now
15:21:36 25/08/2020;Tuesday;0.2872;0.2880000000000002;1.0;0.3794733192202053;0.8179831881487881;1.0;0.2880000000000002;12.0;1.0;1.0;0.2880000000000002;12.0;1.0;1.0;0.2880000000000002;12.0;1.0;Now
22:07:53 25/08/2020;Tuesday;0.2875;0.2880000000000002;1.0;0.3794733192202053;0.8179831881487881;0.5383796296296296;0.2880000000000002;6.460555555555556;0.5383796296296296;1.0;0.2890000000000002;12.0;1.0;0.5383796296296296;0.2880000000000002;6.460555555555556;0.5383796296296296;Now
04:35:31 26/08/2020;Wednesday;0.29;0.2900000000000002;1.0;0.37682887362833517;0.7869194578249503;0.5365509259259259;0.2900000000000002;6.438611111111111;0.5365509259259259;1.0;0.2915000000000002;12.0;1.0;0.5365509259259259;0.2900000000000002;6.438611111111111;0.5365509259259259;Now
11:01:50 26/08/2020;Wednesday;0.2928;0.2930000000000002;1.0;0.37282703764614467;0.7399107562153682;1.0;0.2930000000000002;12.0;1.0;1.0;0.2930000000000002;12.0;1.0;1.0;0.2930000000000002;12.0;1.0;Now
18:11:07 26/08/2020;Wednesday;0.2924;0.2930000000000002;1.0;0.37282703764614467;0.7399107562153682;1.0;0.2930000000000002;12.0;1.0;1.0;0.2930000000000002;12.0;1.0;1.0;0.2930000000000002;12.0;1.0;Now
23:22:55 26/08/2020;Wednesday;0.2905;0.2930000000000002;1.0;0.37282703764614467;0.7399107562153682;1.0;0.2930000000000002;12.0;1.0;1.0;0.29233333333333356;12.0;1.0;1.0;0.2930000000000002;12.0;1.0;Now
04:34:00 27/08/2020;Thursday;0.2872;0.2930000000000002;1.0;0.37282703764614467;0.7399107562153682;1.0;0.2930000000000002;12.0;1.0;1.0;0.2900000000000002;12.0;1.0;1.0;0.2930000000000002;12.0;1.0;Now
09:28:15 27/08/2020;Thursday;0.2857;0.2910000000000002;1.0;0.37549966711037147;0.7713055563910727;1.0;0.2910000000000002;12.0;1.0;1.0;0.2885000000000002;12.0;1.0;1.0;0.2895000000000002;12.0;1.0;Now
12:49:03 27/08/2020;Thursday;0.2857;0.2880000000000002;1.0;0.3794733192202053;0.8179831881487881;1.0;0.2880000000000002;12.0;1.0;1.0;0.2876666666666669;12.0;1.0;1.0;0.2880000000000002;12.0;1.0;Now
15:30:15 27/08/2020;Thursday;0.2865;0.2880000000000002;1.0;0.3794733192202053;0.8179831881487881;1.0;0.2880000000000002;12.0;1.0;1.0;0.2875000000000002;12.0;1.0;1.0;0.2875000000000002;12.0;1.0;Now
20:33:03 27/08/2020;Thursday;0.2864;0.2870000000000002;1.0;0.38078865529319517;0.8334341564659994;0.9820138888888889;0.2870000000000002;11.784166666666666;0.9820138888888889;1.0;0.2873333333333335;12.0;1.0;0.9820138888888889;0.2870000000000002;11.784166666666666;0.9820138888888889;Now
03:32:17 28/08/2020;Friday;0.2862;0.2870000000000002;1.0;0.38078865529319517;0.8334341564659994;0.3997453703703704;0.2870000000000002;4.796944444444445;0.3997453703703704;1.0;0.2876666666666669;12.0;1.0;1.0;0.2875000000000002;12.0;1.0;Now
08:20:06 28/08/2020;Friday;0.2872;0.2880000000000002;1.0;0.3794733192202053;0.8179831881487881;0.982175925925926;0.2880000000000002;11.786111111111111;0.982175925925926;1.0;0.28833333333333355;12.0;1.0;0.982175925925926;0.2880000000000002;11.786111111111111;0.982175925925926;Now
14:46:43 28/08/2020;Friday;0.2876;0.2880000000000002;1.0;0.3794733192202053;0.8179831881487881;0.4452083333333333;0.2880000000000002;5.3425;0.4452083333333333;1.0;0.28866666666666685;12.0;1.0;0.4452083333333333;0.2880000000000002;5.3425;0.4452083333333333;Now
20:07:16 28/08/2020;Friday;0.2882;0.2890000000000002;1.0;0.37815340802378045;0.8024784768462728;0.9485416666666666;0.2890000000000002;11.3825;0.9485416666666666;1.0;0.2893333333333335;12.0;1.0;0.9485416666666666;0.2890000000000002;11.3825;0.9485416666666666;Now
00:45:51 29/08/2020;Saturday;0.2889;0.2890000000000002;1.0;0.37815340802378045;0.8024784768462728;0.5616203703703704;0.2890000000000002;6.739444444444445;0.5616203703703704;1.0;0.2895000000000002;12.0;1.0;0.5616203703703704;0.2890000000000002;6.739444444444445;0.5616203703703704;Now
07:30:13 29/08/2020;Saturday;0.2894;0.2900000000000002;1.0;0.37682887362833517;0.7869194578249503;0.5873842592592593;0.2900000000000002;7.048611111111111;0.5873842592592593;1.0;0.2915000000000002;12.0;1.0;0.5873842592592593;0.2900000000000002;7.048611111111111;0.5873842592592593;Now
14:33:08 29/08/2020;Saturday;0.2924;0.2930000000000002;1.0;0.37282703764614467;0.7399107562153682;0.5951157407407407;0.2930000000000002;7.141388888888889;0.5951157407407407;1.0;0.2935000000000002;12.0;1.0;0.5951157407407407;0.2930000000000002;7.141388888888889;0.5951157407407407;Now
21:41:37 29/08/2020;Saturday;0.2937;0.2940000000000002;1.0;0.37148351242013394;0.7241286560154709;1.0;0.2940000000000002;12.0;1.0;1.0;0.2940000000000002;12.0;1.0;1.0;0.2940000000000002;12.0;1.0;Now
02:45:17 30/08/2020;Sunday;0.2935;0.2940000000000002;1.0;0.37148351242013394;0.7241286560154709;0.585;0.2940000000000002;7.02;0.585;1.0;0.2950000000000002;12.0;1.0;0.585;0.2940000000000002;7.02;0.585;Now
09:46:29 30/08/2020;Sunday;0.2943;0.2950000000000002;1.0;0.37013511046643466;0.7082892699503451;0.39805555555555555;0.2950000000000002;4.776666666666666;0.39805555555555555;1.0;0.2956666666666669;12.0;1.0;1.0;0.2955000000000002;12.0;1.0;Now
14:33:05 30/08/2020;Sunday;0.2951;0.2960000000000002;1.0;0.3687817782917152;0.6923919696453961;1.0;0.2960000000000002;12.0;1.0;1.0;0.2960000000000002;12.0;1.0;1.0;0.2960000000000002;12.0;1.0;Now
21:26:06 30/08/2020;Sunday;0.2959;0.2960000000000002;1.0;0.3687817782917152;0.6923919696453961;1.0;0.2960000000000002;12.0;1.0;1.0;0.2960000000000002;12.0;1.0;1.0;0.2960000000000002;12.0;1.0;Now
04:02:31 31/08/2020;Monday;0.2951;0.2960000000000002;1.0;0.3687817782917152;0.6923919696453961;1.0;0.2960000000000002;12.0;1.0;1.0;0.2960000000000002;12.0;1.0;1.0;0.2960000000000002;12.0;1.0;Now
11:29:18 31/08/2020;Monday;0.291;0.2960000000000002;1.0;0.3687817782917152;0.6923919696453961;1.0;0.2960000000000002;12.0;1.0;1.0;0.29266666666666685;12.0;1.0;1.0;0.2960000000000002;12.0;1.0;Now
17:31:46 31/08/2020;Monday;0.2906;0.2910000000000002;1.0;0.37549966711037147;0.7713055563910727;0.6208333333333333;0.2910000000000002;7.45;0.6208333333333333;1.0;0.2913333333333335;12.0;1.0;0.6208333333333333;0.2910000000000002;7.45;0.6208333333333333;Now
17:31:46 31/08/2020;Monday;0.2906;0.2910000000000002;1.0;0.37549966711037147;0.7713055563910727;0.6208333333333333;0.2910000000000002;7.45;0.6208333333333333;1.0;0.2915000000000002;12.0;1.0;0.6208333333333333;0.2910000000000002;7.45;0.6208333333333333;Now
00:58:46 01/09/2020;Tuesday;0.292;0.2920000000000002;1.0;0.37416573867739383;0.7556361876429664;1.0;0.2920000000000002;12.0;1.0;1.0;0.2920000000000002;12.0;1.0;1.0;0.2920000000000002;12.0;1.0;Now
06:10:53 01/09/2020;Tuesday;0.2898;0.2920000000000002;1.0;0.37416573867739383;0.7556361876429664;1.0;0.2920000000000002;12.0;1.0;1.0;0.2920000000000002;12.0;1.0;1.0;0.2920000000000002;12.0;1.0;Now
18:16:50 01/09/2020;Tuesday;0.2902;0.2910000000000002;1.0;0.37549966711037147;0.7713055563910727;0.5383564814814815;0.2910000000000002;6.460277777777778;0.5383564814814815;1.0;0.2916666666666669;12.0;1.0;0.5383564814814815;0.2910000000000002;6.460277777777778;0.5383564814814815;Now
00:44:27 02/09/2020;Wednesday;0.2912;0.2920000000000002;1.0;0.37416573867739383;0.7556361876429664;1.0;0.2920000000000002;12.0;1.0;1.0;0.2920000000000002;12.0;1.0;1.0;0.2920000000000002;12.0;1.0;Now
06:12:57 02/09/2020;Wednesday;0.2918;0.2920000000000002;1.0;0.37416573867739383;0.7556361876429664;1.0;0.2920000000000002;12.0;1.0;1.0;0.2920000000000002;12.0;1.0;1.0;0.2920000000000002;12.0;1.0;Now
13:48:36 02/09/2020;Wednesday;0.2914;0.2920000000000002;1.0;0.37416573867739383;0.7556361876429664;0.5738657407407407;0.2920000000000002;6.886388888888889;0.5738657407407407;1.0;0.2925000000000002;12.0;1.0;0.5738657407407407;0.2920000000000002;6.886388888888889;0.5738657407407407;Now
20:41:47 02/09/2020;Wednesday;0.2925;0.2930000000000002;1.0;0.37282703764614467;0.7399107562153682;0.5497222222222222;0.2930000000000002;6.596666666666667;0.5497222222222222;1.0;0.2940000000000002;12.0;1.0;0.5497222222222222;0.2930000000000002;6.596666666666667;0.5497222222222222;Now
03:17:35 03/09/2020;Thursday;0.2948;0.2950000000000002;1.0;0.37013511046643466;0.7082892699503451;0.4570138888888889;0.2950000000000002;5.484166666666667;0.4570138888888889;1.0;0.2970000000000002;12.0;1.0;1.0;0.2970000000000002;12.0;1.0;Now
08:46:38 03/09/2020;Thursday;0.2984;0.2990000000000002;1.0;0.36469165057620906;0.6443461241437356;0.6087731481481482;0.2990000000000002;7.3052777777777775;0.6087731481481482;1.0;0.3000000000000002;12.0;1.0;0.6087731481481482;0.2990000000000002;7.3052777777777775;0.6087731481481482;Now
16:04:57 03/09/2020;Thursday;0.3008;0.3010000000000002;1.0;0.36193922141707685;0.6120139342141685;0.46805555555555556;0.3010000000000002;5.616666666666666;0.46805555555555556;1.0;0.3015000000000002;12.0;1.0;1.0;0.3015000000000002;12.0;1.0;Now
21:41:57 03/09/2020;Thursday;0.302;0.3020000000000002;1.0;0.3605551275463986;0.5957552829211313;0.6213657407407407;0.3020000000000002;7.456388888888889;0.6213657407407407;1.0;0.3030000000000002;12.0;1.0;0.6213657407407407;0.3020000000000002;7.456388888888889;0.6213657407407407;Now
05:09:20 04/09/2020;Friday;0.3036;0.3040000000000002;1.0;0.357770876399966;0.5630492869904474;1.0;0.3040000000000002;12.0;1.0;1.0;0.3040000000000002;12.0;1.0;1.0;0.3040000000000002;12.0;1.0;Now
10:45:52 04/09/2020;Friday;0.3039;0.3040000000000002;1.0;0.357770876399966;0.5630492869904474;1.0;0.3040000000000002;12.0;1.0;1.0;0.3040000000000002;12.0;1.0;1.0;0.3040000000000002;12.0;1.0;Now
16:57:20 04/09/2020;Friday;0.304;0.3040000000000002;1.0;0.357770876399966;0.5630492869904474;0.9130787037037037;0.3040000000000002;10.956944444444444;0.9130787037037037;1.0;0.3050000000000002;12.0;1.0;0.9130787037037037;0.3040000000000002;10.956944444444444;0.9130787037037037;Now
03:54:45 05/09/2020;Saturday;0.3054;0.3060000000000002;1.0;0.35496478698597667;0.5300867616548067;0.45675925925925925;0.3060000000000002;5.481111111111111;0.45675925925925925;1.0;0.3073333333333335;12.0;1.0;0.45675925925925925;0.3060000000000002;5.481111111111111;0.45675925925925925;Now
09:23:37 05/09/2020;Saturday;0.3071;0.3080000000000002;1.0;0.3521363372331799;0.49686157425616173;1.0;0.3080000000000002;12.0;1.0;1.0;0.3080000000000002;12.0;1.0;1.0;0.3080000000000002;12.0;1.0;Now
14:01:46 05/09/2020;Saturday;0.3072;0.3080000000000002;1.0;0.3521363372331799;0.49686157425616173;1.0;0.3080000000000002;12.0;1.0;1.0;0.3080000000000002;12.0;1.0;1.0;0.3080000000000002;12.0;1.0;Now
21:20:12 05/09/2020;Saturday;0.3059;0.3080000000000002;1.0;0.3521363372331799;0.49686157425616173;1.0;0.3080000000000002;12.0;1.0;1.0;0.3070000000000002;12.0;1.0;0.9833101851851852;0.3070000000000002;11.799722222222222;0.9833101851851852;Now
03:05:43 06/09/2020;Sunday;0.3053;0.3060000000000002;1.0;0.35496478698597667;0.5300867616548067;0.5034259259259259;0.3060000000000002;6.041111111111111;0.5034259259259259;1.0;0.30666666666666687;12.0;1.0;0.5034259259259259;0.3060000000000002;6.041111111111111;0.5034259259259259;Now
09:08:11 06/09/2020;Sunday;0.3063;0.3070000000000002;1.0;0.35355339059327345;0.5135073935415967;1.0;0.3070000000000002;12.0;1.0;1.0;0.3070000000000002;12.0;1.0;1.0;0.3070000000000002;12.0;1.0;Now
15:02:16 06/09/2020;Sunday;0.3061;0.3070000000000002;1.0;0.35355339059327345;0.5135073935415967;1.0;0.3070000000000002;12.0;1.0;1.0;0.3070000000000002;12.0;1.0;1.0;0.3070000000000002;12.0;1.0;Now
21:30:21 06/09/2020;Sunday;0.3062;0.3070000000000002;1.0;0.35355339059327345;0.5135073935415967;0.8903472222222222;0.3070000000000002;10.684166666666666;0.8903472222222222;1.0;0.3073333333333335;12.0;1.0;0.8903472222222222;0.3070000000000002;10.684166666666666;0.8903472222222222;Now
03:24:11 07/09/2020;Monday;0.3061;0.3070000000000002;1.0;0.35355339059327345;0.5135073935415967;0.39891203703703704;0.3070000000000002;4.786944444444444;0.39891203703703704;1.0;0.30833333333333357;12.0;1.0;0.8904861111111111;0.3075000000000002;10.685833333333333;0.8904861111111111;Now
08:11:24 07/09/2020;Monday;0.3074;0.3080000000000002;1.0;0.3521363372331799;0.49686157425616173;0.49157407407407405;0.3080000000000002;5.898888888888889;0.49157407407407405;1.0;0.3093333333333335;12.0;1.0;0.49157407407407405;0.3080000000000002;5.898888888888889;0.49157407407407405;Now
14:05:20 07/09/2020;Monday;0.3093;0.3100000000000002;1.0;0.3492849839314593;0.4633673438227818;1.0;0.3100000000000002;12.0;1.0;1.0;0.3100000000000002;12.0;1.0;1.0;0.3100000000000002;12.0;1.0;Now
19:17:12 07/09/2020;Monday;0.3094;0.3100000000000002;1.0;0.3492849839314593;0.4633673438227818;1.0;0.3100000000000002;12.0;1.0;1.0;0.3100000000000002;12.0;1.0;1.0;0.3100000000000002;12.0;1.0;Now
00:12:14 08/09/2020;Tuesday;0.3091;0.3100000000000002;1.0;0.3492849839314593;0.4633673438227818;0.9835879629629629;0.3100000000000002;11.803055555555556;0.9835879629629629;1.0;0.3105000000000002;12.0;1.0;0.9835879629629629;0.3100000000000002;11.803055555555556;0.9835879629629629;Now
12:00:25 08/09/2020;Tuesday;0.3105;0.3110000000000002;1.0;0.3478505426185214;0.44651727201662916;0.5541898148148148;0.3110000000000002;5.413055555555555;0.45108796296296294;1.0;0.3116666666666669;12.0;1.0;0.5541898148148148;0.3110000000000002;5.413055555555555;0.45108796296296294;Now
17:25:12 08/09/2020;Tuesday;0.3112;0.3120000000000002;1.0;0.34641016151377513;0.4295974267609937;1.0;0.3120000000000002;12.0;1.0;1.0;0.3120000000000002;12.0;1.0;1.0;0.3120000000000002;12.0;1.0;Now
22:46:11 08/09/2020;Tuesday;0.3105;0.3120000000000002;1.0;0.34641016151377513;0.4295974267609937;1.0;0.3120000000000002;12.0;1.0;1.0;0.3115000000000002;12.0;1.0;1.0;0.3120000000000002;12.0;1.0;Now
05:39:24 09/09/2020;Wednesday;0.3103;0.3110000000000002;1.0;0.3478505426185214;0.44651727201662916;1.0;0.3110000000000002;12.0;1.0;1.0;0.3110000000000002;12.0;1.0;1.0;0.3110000000000002;12.0;1.0;Now
11:33:16 09/09/2020;Wednesday;0.3092;0.3110000000000002;1.0;0.3478505426185214;0.44651727201662916;1.0;0.3110000000000002;12.0;1.0;1.0;0.3105000000000002;12.0;1.0;1.0;0.3110000000000002;12.0;1.0;Now
17:52:52 09/09/2020;Wednesday;0.3096;0.3100000000000002;1.0;0.3492849839314593;0.4633673438227818;0.39805555555555555;0.3100000000000002;4.776666666666666;0.39805555555555555;1.0;0.3105000000000002;12.0;1.0;1.0;0.3105000000000002;12.0;1.0;Now
21:08:20 09/09/2020;Wednesday;0.3096;0.3100000000000002;1.0;0.3492849839314593;0.4633673438227818;0.12657407407407406;0.3100000000000002;1.518888888888889;0.12657407407407406;1.0;0.31066666666666687;12.0;1.0;1.0;0.3105000000000002;12.0;1.0;Now
22:39:28 09/09/2020;Wednesday;0.3106;0.3110000000000002;1.0;0.3478505426185214;0.44651727201662916;1.0;0.3110000000000002;12.0;1.0;1.0;0.3110000000000002;12.0;1.0;1.0;0.3110000000000002;12.0;1.0;Now
05:32:43 10/09/2020;Thursday;0.3109;0.3110000000000002;1.0;0.3478505426185214;0.44651727201662916;1.0;0.3110000000000002;12.0;1.0;1.0;0.3110000000000002;12.0;1.0;1.0;0.3110000000000002;12.0;1.0;Now
11:01:08 10/09/2020;Thursday;0.3104;0.3110000000000002;1.0;0.3478505426185214;0.44651727201662916;1.0;0.3110000000000002;12.0;1.0;1.0;0.3110000000000002;12.0;1.0;1.0;0.3110000000000002;12.0;1.0;Now
17:19:26 10/09/2020;Thursday;0.31;0.3110000000000002;1.0;0.3478505426185214;0.44651727201662916;0.9587962962962963;0.3110000000000002;11.505555555555556;0.9587962962962963;1.0;0.3113333333333335;12.0;1.0;0.9587962962962963;0.3110000000000002;11.505555555555556;0.9587962962962963;Now
22:13:48 10/09/2020;Thursday;0.3109;0.3110000000000002;1.0;0.3478505426185214;0.44651727201662916;0.5499537037037037;0.3110000000000002;6.599444444444444;0.5499537037037037;1.0;0.3115000000000002;12.0;1.0;0.5499537037037037;0.3110000000000002;6.599444444444444;0.5499537037037037;Now
04:49:46 11/09/2020;Friday;0.3116;0.3120000000000002;1.0;0.34641016151377513;0.4295974267609937;1.0;0.3120000000000002;12.0;1.0;1.0;0.3120000000000002;12.0;1.0;1.0;0.3120000000000002;12.0;1.0;Now
12:07:56 11/09/2020;Friday;0.3083;0.3120000000000002;1.0;0.34641016151377513;0.4295974267609937;1.0;0.3120000000000002;12.0;1.0;1.0;0.31033333333333357;12.0;1.0;0.9597222222222223;0.3105000000000002;11.516666666666667;0.9597222222222223;Now
16:54:26 11/09/2020;Friday;0.3088;0.3090000000000002;1.0;0.35071355833500334;0.4801484983134088;0.5618055555555556;0.3090000000000002;6.741666666666666;0.5618055555555556;1.0;0.3095000000000002;12.0;1.0;0.5618055555555556;0.3090000000000002;6.741666666666666;0.5618055555555556;Now
23:38:56 11/09/2020;Friday;0.3091;0.3100000000000002;1.0;0.3492849839314593;0.4633673438227818;1.0;0.3100000000000002;12.0;1.0;1.0;0.3100000000000002;12.0;1.0;1.0;0.3100000000000002;12.0;1.0;Now
06:23:23 12/09/2020;Saturday;0.3083;0.3100000000000002;1.0;0.3492849839314593;0.4633673438227818;1.0;0.3100000000000002;12.0;1.0;1.0;0.3096666666666669;12.0;1.0;1.0;0.3100000000000002;12.0;1.0;Now
11:09:13 12/09/2020;Saturday;0.3079;0.3100000000000002;1.0;0.3492849839314593;0.4633673438227818;1.0;0.3100000000000002;12.0;1.0;1.0;0.3095000000000002;12.0;1.0;1.0;0.3100000000000002;12.0;1.0;Now
18:02:25 12/09/2020;Saturday;0.3056;0.3090000000000002;1.0;0.35071355833500334;0.4801484983134088;1.0;0.3090000000000002;12.0;1.0;1.0;0.3075000000000002;12.0;1.0;1.0;0.3090000000000002;12.0;1.0;Now
00:10:20 13/09/2020;Sunday;0.3041;0.3060000000000002;1.0;0.35496478698597667;0.5300867616548067;1.0;0.3060000000000002;12.0;1.0;1.0;0.3055000000000002;12.0;1.0;1.0;0.3060000000000002;12.0;1.0;Now
07:03:27 13/09/2020;Sunday;0.3024;0.3050000000000002;1.0;0.35637059362410894;0.5466004681302422;1.0;0.3050000000000002;12.0;1.0;1.0;0.3045000000000002;12.0;1.0;1.0;0.3050000000000002;12.0;1.0;Now
14:12:43 13/09/2020;Sunday;0.3037;0.3040000000000002;1.0;0.357770876399966;0.5630492869904474;0.9609722222222222;0.3040000000000002;11.531666666666666;0.9609722222222222;1.0;0.30433333333333357;12.0;1.0;0.9609722222222222;0.3040000000000002;11.531666666666666;0.9609722222222222;Now
20:49:59 13/09/2020;Sunday;0.3032;0.3040000000000002;1.0;0.357770876399966;0.5630492869904474;0.5203472222222222;0.3040000000000002;4.910555555555556;0.40921296296296295;1.0;0.30466666666666686;12.0;1.0;1.0;0.3045000000000002;12.0;1.0;Now
01:44:37 14/09/2020;Monday;0.3041;0.3050000000000002;1.0;0.35637059362410894;0.5466004681302422;1.0;0.3050000000000002;12.0;1.0;1.0;0.3050000000000002;12.0;1.0;1.0;0.3050000000000002;12.0;1.0;Now
07:29:58 14/09/2020;Monday;0.303;0.3050000000000002;1.0;0.35637059362410894;0.5466004681302422;1.0;0.3050000000000002;12.0;1.0;1.0;0.3050000000000002;12.0;1.0;1.0;0.3050000000000002;12.0;1.0;Now
13:58:11 14/09/2020;Monday;0.3044;0.3050000000000002;1.0;0.35637059362410894;0.5466004681302422;1.0;0.3050000000000002;12.0;1.0;1.0;0.3050000000000002;12.0;1.0;1.0;0.3050000000000002;12.0;1.0;Now
19:26:43 14/09/2020;Monday;0.3041;0.3050000000000002;1.0;0.35637059362410894;0.5466004681302422;0.983125;0.3050000000000002;11.7975;0.983125;1.0;0.3055000000000002;12.0;1.0;0.983125;0.3050000000000002;11.7975;0.983125;Now
07:14:34 15/09/2020;Tuesday;0.3059;0.3060000000000002;1.0;0.35496478698597667;0.5300867616548067;1.0;0.3060000000000002;12.0;1.0;1.0;0.3060000000000002;12.0;1.0;1.0;0.3060000000000002;12.0;1.0;Now
14:16:02 15/09/2020;Tuesday;0.3055;0.3060000000000002;1.0;0.35496478698597667;0.5300867616548067;1.0;0.3060000000000002;12.0;1.0;1.0;0.3060000000000002;12.0;1.0;1.0;0.3060000000000002;12.0;1.0;Now
20:14:30 15/09/2020;Tuesday;0.306;0.3060000000000002;1.0;0.35496478698597667;0.5300867616548067;0.6259490740740741;0.3060000000000002;7.511388888888889;0.6259490740740741;1.0;0.3070000000000002;12.0;1.0;0.6259490740740741;0.3060000000000002;7.511388888888889;0.6259490740740741;Now
03:45:11 16/09/2020;Wednesday;0.3077;0.3080000000000002;1.0;0.3521363372331799;0.49686157425616173;0.5041435185185185;0.3080000000000002;6.049722222222222;0.5041435185185185;1.0;0.3090000000000002;12.0;1.0;0.5041435185185185;0.3080000000000002;6.049722222222222;0.5041435185185185;Now
09:48:10 16/09/2020;Wednesday;0.3094;0.3100000000000002;1.0;0.3492849839314593;0.4633673438227818;1.0;0.3100000000000002;12.0;1.0;1.0;0.3100000000000002;12.0;1.0;1.0;0.3100000000000002;12.0;1.0;Now
16:59:05 16/09/2020;Wednesday;0.3093;0.3100000000000002;1.0;0.3492849839314593;0.4633673438227818;1.0;0.3100000000000002;12.0;1.0;1.0;0.3100000000000002;12.0;1.0;1.0;0.3100000000000002;12.0;1.0;Now
23:52:14 16/09/2020;Wednesday;0.3084;0.3100000000000002;1.0;0.3492849839314593;0.4633673438227818;0.5861805555555556;0.3100000000000002;7.034166666666667;0.5861805555555556;1.0;0.3105000000000002;12.0;1.0;0.5861805555555556;0.3100000000000002;7.034166666666667;0.5861805555555556;Now
06:54:17 17/09/2020;Thursday;0.3106;0.3110000000000002;1.0;0.3478505426185214;0.44651727201662916;1.0;0.3110000000000002;12.0;1.0;1.0;0.3110000000000002;12.0;1.0;1.0;0.3110000000000002;12.0;1.0;Now
14:21:19 17/09/2020;Thursday;0.3089;0.3110000000000002;1.0;0.3478505426185214;0.44651727201662916;1.0;0.3110000000000002;12.0;1.0;1.0;0.3096666666666669;12.0;1.0;1.0;0.3100000000000002;12.0;1.0;Now
19:50:47 17/09/2020;Thursday;0.3076;0.3090000000000002;1.0;0.35071355833500334;0.4801484983134088;1.0;0.3090000000000002;12.0;1.0;1.0;0.3090000000000002;12.0;1.0;1.0;0.3090000000000002;12.0;1.0;Now
01:53:21 18/09/2020;Friday;0.3077;0.3090000000000002;1.0;0.35071355833500334;0.4801484983134088;0.950324074074074;0.3090000000000002;11.403888888888888;0.950324074074074;1.0;0.3100000000000002;12.0;1.0;0.950324074074074;0.3090000000000002;11.403888888888888;0.950324074074074;Now
08:22:14 18/09/2020;Friday;0.3083;0.3090000000000002;1.0;0.35071355833500334;0.4801484983134088;0.41020833333333334;0.3090000000000002;4.9225;0.41020833333333334;1.0;0.3105000000000002;12.0;1.0;1.0;0.3105000000000002;12.0;1.0;Now
13:17:35 18/09/2020;Friday;0.3112;0.3120000000000002;1.0;0.34641016151377513;0.4295974267609937;1.0;0.3120000000000002;12.0;1.0;1.0;0.3120000000000002;12.0;1.0;1.0;0.3120000000000002;12.0;1.0;Now
20:53:11 18/09/2020;Friday;0.311;0.3120000000000002;1.0;0.34641016151377513;0.4295974267609937;1.0;0.3120000000000002;12.0;1.0;1.0;0.3116666666666669;12.0;1.0;0.9493518518518519;0.3115000000000002;11.392222222222221;0.9493518518518519;Now
01:48:49 19/09/2020;Saturday;0.3101;0.3110000000000002;1.0;0.3478505426185214;0.44651727201662916;0.53875;0.3110000000000002;6.465;0.53875;1.0;0.3115000000000002;12.0;1.0;0.53875;0.3110000000000002;6.465;0.53875;Now
08:16:43 19/09/2020;Saturday;0.3112;0.3120000000000002;1.0;0.34641016151377513;0.4295974267609937;1.0;0.3120000000000002;12.0;1.0;1.0;0.3120000000000002;12.0;1.0;1.0;0.3120000000000002;12.0;1.0;Now
14:19:40 19/09/2020;Saturday;0.3116;0.3120000000000002;1.0;0.34641016151377513;0.4295974267609937;1.0;0.3120000000000002;12.0;1.0;1.0;0.3120000000000002;12.0;1.0;1.0;0.3120000000000002;12.0;1.0;Now
19:57:16 19/09/2020;Saturday;0.3101;0.3120000000000002;1.0;0.34641016151377513;0.4295974267609937;1.0;0.3120000000000002;12.0;1.0;1.0;0.3120000000000002;12.0;1.0;1.0;0.3120000000000002;12.0;1.0;Now
01:26:43 20/09/2020;Sunday;0.3115;0.3120000000000002;1.0;0.34641016151377513;0.4295974267609937;1.0;0.3120000000000002;12.0;1.0;1.0;0.3120000000000002;12.0;1.0;1.0;0.3120000000000002;12.0;1.0;Now
08:32:03 20/09/2020;Sunday;0.311;0.3120000000000002;1.0;0.34641016151377513;0.4295974267609937;1.0;0.3120000000000002;12.0;1.0;1.0;0.3115000000000002;12.0;1.0;1.0;0.3115000000000002;12.0;1.0;Now
14:25:42 20/09/2020;Sunday;0.3076;0.3110000000000002;1.0;0.3478505426185214;0.44651727201662916;1.0;0.3110000000000002;12.0;1.0;1.0;0.3095000000000002;12.0;1.0;1.0;0.3110000000000002;12.0;1.0;Now
20:37:35 20/09/2020;Sunday;0.3068;0.3080000000000002;1.0;0.3521363372331799;0.49686157425616173;1.0;0.3080000000000002;12.0;1.0;1.0;0.3080000000000002;12.0;1.0;1.0;0.3080000000000002;12.0;1.0;Now
08:59:46 21/09/2020;Monday;0.3055;0.3060000000000002;1.0;0.35496478698597667;0.5300867616548067;1.0;0.3060000000000002;12.0;1.0;1.0;0.3060000000000002;12.0;1.0;1.0;0.3060000000000002;12.0;1.0;Now
15:27:57 21/09/2020;Monday;0.3057;0.3060000000000002;1.0;0.35496478698597667;0.5300867616548067;0.4688888888888889;0.3060000000000002;5.626666666666667;0.4688888888888889;1.0;0.3065000000000002;12.0;1.0;1.0;0.3065000000000002;12.0;1.0;Now
21:05:33 21/09/2020;Monday;0.3066;0.3070000000000002;1.0;0.35355339059327345;0.5135073935415967;0.6341666666666667;0.3070000000000002;7.61;0.6341666666666667;1.0;0.3075000000000002;12.0;1.0;0.6341666666666667;0.3070000000000002;7.61;0.6341666666666667;Now
04:42:09 22/09/2020;Tuesday;0.3075;0.3080000000000002;1.0;0.3521363372331799;0.49686157425616173;0.4374074074074074;0.3080000000000002;4.780555555555556;0.39837962962962964;1.0;0.30866666666666687;12.0;1.0;1.0;0.3085000000000002;12.0;1.0;Now
09:28:59 22/09/2020;Tuesday;0.3081;0.3090000000000002;1.0;0.35071355833500334;0.4801484983134088;1.0;0.3090000000000002;12.0;1.0;1.0;0.3090000000000002;12.0;1.0;1.0;0.3090000000000002;12.0;1.0;Now
16:14:03 22/09/2020;Tuesday;0.307;0.3090000000000002;1.0;0.35071355833500334;0.4801484983134088;1.0;0.3090000000000002;12.0;1.0;1.0;0.3080000000000002;12.0;1.0;1.0;0.30833333333333357;12.0;1.0;Now
17:46:52 22/09/2020;Tuesday;0.307;0.3090000000000002;1.0;0.35071355833500334;0.4801484983134088;1.0;0.3090000000000002;12.0;1.0;1.0;0.3076666666666669;12.0;1.0;1.0;0.3080000000000002;12.0;1.0;Now
21:43:14 22/09/2020;Tuesday;0.3061;0.3070000000000002;1.0;0.35355339059327345;0.5135073935415967;1.0;0.3070000000000002;12.0;1.0;1.0;0.3070000000000002;12.0;1.0;1.0;0.3070000000000002;12.0;1.0;Now
02:30:10 23/09/2020;Wednesday;0.3052;0.3070000000000002;1.0;0.35355339059327345;0.5135073935415967;1.0;0.3070000000000002;12.0;1.0;1.0;0.3070000000000002;12.0;1.0;1.0;0.3070000000000002;12.0;1.0;Now
09:32:26 23/09/2020;Wednesday;0.3069;0.3070000000000002;1.0;0.35355339059327345;0.5135073935415967;1.0;0.3070000000000002;12.0;1.0;1.0;0.3070000000000002;12.0;1.0;1.0;0.3070000000000002;12.0;1.0;Now
16:25:48 23/09/2020;Wednesday;0.3064;0.3070000000000002;1.0;0.35355339059327345;0.5135073935415967;1.0;0.3070000000000002;12.0;1.0;1.0;0.3070000000000002;12.0;1.0;1.0;0.3070000000000002;12.0;1.0;Now
22:54:29 23/09/2020;Wednesday;0.3062;0.3070000000000002;1.0;0.35355339059327345;0.5135073935415967;0.9136111111111112;0.3070000000000002;10.963333333333333;0.9136111111111112;1.0;0.3085000000000002;12.0;1.0;0.9136111111111112;0.3070000000000002;10.963333333333333;0.9136111111111112;Now
09:52:17 24/09/2020;Thursday;0.3098;0.3100000000000002;1.0;0.3492849839314593;0.4633673438227818;1.0;0.3100000000000002;12.0;1.0;1.0;0.3100000000000002;12.0;1.0;1.0;0.3100000000000002;12.0;1.0;Now
15:38:16 24/09/2020;Thursday;0.3097;0.3100000000000002;1.0;0.3492849839314593;0.4633673438227818;1.0;0.3100000000000002;12.0;1.0;1.0;0.3100000000000002;12.0;1.0;1.0;0.3100000000000002;12.0;1.0;Now
20:16:45 24/09/2020;Thursday;0.3093;0.3100000000000002;1.0;0.3492849839314593;0.4633673438227818;1.0;0.3100000000000002;12.0;1.0;1.0;0.3100000000000002;12.0;1.0;1.0;0.3100000000000002;12.0;1.0;Now
01:37:47 25/09/2020;Friday;0.3083;0.3100000000000002;1.0;0.3492849839314593;0.4633673438227818;1.0;0.3100000000000002;12.0;1.0;1.0;0.3100000000000002;12.0;1.0;1.0;0.3100000000000002;12.0;1.0;Now
08:56:35 25/09/2020;Friday;0.31;0.3100000000000002;1.0;0.3492849839314593;0.4633673438227818;1.0;0.3100000000000002;12.0;1.0;1.0;0.3100000000000002;12.0;1.0;1.0;0.3100000000000002;12.0;1.0;Now
14:09:24 25/09/2020;Friday;0.3096;0.3100000000000002;1.0;0.3492849839314593;0.4633673438227818;1.0;0.3100000000000002;12.0;1.0;1.0;0.3100000000000002;12.0;1.0;1.0;0.3100000000000002;12.0;1.0;Now
21:10:35 25/09/2020;Friday;0.3081;0.3100000000000002;1.0;0.3492849839314593;0.4633673438227818;0.8922222222222222;0.3100000000000002;10.706666666666667;0.8922222222222222;1.0;0.31033333333333357;12.0;1.0;0.8922222222222222;0.3100000000000002;10.706666666666667;0.8922222222222222;Now
02:06:12 26/09/2020;Saturday;0.3094;0.3100000000000002;1.0;0.3492849839314593;0.4633673438227818;0.4816435185185185;0.3100000000000002;5.779722222222222;0.4816435185185185;1.0;0.3120000000000002;12.0;1.0;0.4816435185185185;0.3100000000000002;5.779722222222222;0.4816435185185185;Now
07:52:59 26/09/2020;Saturday;0.3105;0.3110000000000002;1.0;0.3478505426185214;0.44651727201662916;0.4675925925925926;0.3110000000000002;5.611111111111111;0.4675925925925926;1.0;0.3130000000000002;12.0;1.0;1.0;0.3130000000000002;12.0;1.0;Now
13:29:39 26/09/2020;Saturday;0.3141;0.3150000000000002;1.0;0.3420526275297411;0.37841041766799616;0.5515972222222222;0.3150000000000002;6.619166666666667;0.5515972222222222;1.0;0.3180000000000002;12.0;1.0;0.5515972222222222;0.3150000000000002;6.619166666666667;0.5515972222222222;Now
20:06:48 26/09/2020;Saturday;0.3207;0.32100000000000023;1.0;0.3331666249791533;0.2740284679175422;0.5860185185185185;0.32100000000000023;7.032222222222222;0.5860185185185185;1.0;0.32200000000000023;12.0;1.0;0.5860185185185185;0.32100000000000023;7.032222222222222;0.5860185185185185;Now
03:08:44 27/09/2020;Sunday;0.3221;0.32300000000000023;1.0;0.3301514803843832;0.23861021659588064;0.4689583333333333;0.32300000000000023;5.6275;0.4689583333333333;1.0;0.32500000000000023;12.0;1.0;0.4689583333333333;0.32300000000000023;5.6275;0.4689583333333333;Now
08:46:23 27/09/2020;Sunday;0.3241;0.32500000000000023;1.0;0.32710854467592215;0.2028655090734378;0.4452083333333333;0.32500000000000023;5.3425;0.4452083333333333;1.0;0.3266666666666669;12.0;1.0;0.4452083333333333;0.32500000000000023;5.3425;0.4452083333333333;Now
14:06:56 27/09/2020;Sunday;0.3264;0.32700000000000023;1.0;0.32403703492039265;0.1667851484011914;0.4565046296296296;0.32700000000000023;5.478055555555556;0.4565046296296296;1.0;0.32766666666666694;12.0;1.0;0.4565046296296296;0.32700000000000023;5.478055555555556;0.4565046296296296;Now
19:35:37 27/09/2020;Sunday;0.3273;0.32800000000000024;1.0;0.3224903099319416;0.14861610454787982;1.0;0.32800000000000024;12.0;1.0;1.0;0.32800000000000024;12.0;1.0;1.0;0.32800000000000024;12.0;1.0;Now
01:13:30 28/09/2020;Monday;0.3272;0.32800000000000024;1.0;0.3224903099319416;0.14861610454787982;0.5390277777777778;0.32800000000000024;6.468333333333334;0.5390277777777778;1.0;0.32900000000000024;12.0;1.0;0.5390277777777778;0.32800000000000024;6.468333333333334;0.5390277777777778;Now
07:41:36 28/09/2020;Monday;0.3297;0.33000000000000024;1.0;0.31937438845342586;0.11201404897281404;1.0;0.33000000000000024;12.0;1.0;1.0;0.33000000000000024;12.0;1.0;1.0;0.33000000000000024;12.0;1.0;Now
13:44:17 28/09/2020;Monday;0.3295;0.33000000000000024;1.0;0.31937438845342586;0.11201404897281404;1.0;0.33000000000000024;12.0;1.0;1.0;0.33000000000000024;12.0;1.0;1.0;0.33000000000000024;12.0;1.0;Now
18:23:08 28/09/2020;Monday;0.3279;0.33000000000000024;1.0;0.31937438845342586;0.11201404897281404;1.0;0.33000000000000024;12.0;1.0;1.0;0.3286666666666669;12.0;1.0;1.0;0.33000000000000024;12.0;1.0;Now
01:44:43 29/09/2020;Tuesday;0.3279;0.32800000000000024;1.0;0.3224903099319416;0.14861610454787982;1.0;0.32800000000000024;12.0;1.0;1.0;0.32800000000000024;12.0;1.0;1.0;0.32800000000000024;12.0;1.0;Now
01:50:14 29/09/2020;Tuesday;0.3273;0.32800000000000024;1.0;0.3224903099319416;0.14861610454787982;1.0;0.32800000000000024;12.0;1.0;1.0;0.32800000000000024;12.0;1.0;1.0;0.32800000000000024;12.0;1.0;Now
08:18:17 29/09/2020;Tuesday;0.3274;0.32800000000000024;1.0;0.3224903099319416;0.14861610454787982;1.0;0.32800000000000024;12.0;1.0;1.0;0.32800000000000024;12.0;1.0;1.0;0.32800000000000024;12.0;1.0;Now
15:46:11 29/09/2020;Tuesday;0.328;0.32800000000000024;1.0;0.3224903099319416;0.14861610454787982;1.0;0.32800000000000024;12.0;1.0;1.0;0.32800000000000024;12.0;1.0;1.0;0.32800000000000024;12.0;1.0;Now
22:22:30 29/09/2020;Tuesday;0.3277;0.32800000000000024;1.0;0.3224903099319416;0.14861610454787982;1.0;0.32800000000000024;12.0;1.0;1.0;0.32800000000000024;12.0;1.0;1.0;0.32800000000000024;12.0;1.0;Now
04:42:15 30/09/2020;Wednesday;0.3264;0.32800000000000024;1.0;0.3224903099319416;0.14861610454787982;1.0;0.32800000000000024;12.0;1.0;1.0;0.32766666666666694;12.0;1.0;1.0;0.32800000000000024;12.0;1.0;Now
05:27:27 30/09/2020;Wednesday;0.3264;0.32800000000000024;1.0;0.3224903099319416;0.14861610454787982;1.0;0.32800000000000024;12.0;1.0;1.0;0.32750000000000024;12.0;1.0;1.0;0.32800000000000024;12.0;1.0;Now
11:35:48 30/09/2020;Wednesday;0.3258;0.32700000000000023;1.0;0.32403703492039265;0.1667851484011914;;;;;;;;;;;;;Now
19:03:33 30/09/2020;Wednesday;0.3266;0.32700000000000023;1.0;0.32403703492039265;0.1667851484011914;;;;;;;;;;;;;Now
