07:38:12 01/04/2020;Wednesday;0.2695;0.2700000000000002;1.0;0.4024922359499619;0.2322894645608156;1.0;0.2700000000000002;12.0;1.0;1.0;0.2700000000000002;12.0;1.0;1.0;0.2700000000000002;12.0;1.0;Now
13:37:49 01/04/2020;Wednesday;0.2696;0.2700000000000002;1.0;0.4024922359499619;0.2322894645608156;0.5008101851851852;0.2700000000000002;6.009722222222222;0.5008101851851852;1.0;0.2716666666666669;12.0;1.0;0.5008101851851852;0.2700000000000002;6.009722222222222;0.5008101851851852;Now
19:38:24 01/04/2020;Wednesday;0.2714;0.2720000000000002;1.0;0.39999999999999974;0.21361987457208056;0.44310185185185186;0.2720000000000002;5.317222222222222;0.44310185185185186;1.0;0.2725000000000002;12.0;1.0;1.0;0.2725000000000002;12.0;1.0;Now
00:57:26 02/04/2020;Thursday;0.2728;0.2730000000000002;1.0;0.3987480407475375;0.20424132198101147;1.0;0.2730000000000002;12.0;1.0;1.0;0.2730000000000002;12.0;1.0;1.0;0.2730000000000002;12.0;1.0;Now
08:13:05 02/04/2020;Thursday;0.272;0.2730000000000002;1.0;0.3987480407475375;0.20424132198101147;1.0;0.2730000000000002;12.0;1.0;1.0;0.27266666666666683;12.0;1.0;1.0;0.2730000000000002;12.0;1.0;Now
14:38:51 02/04/2020;Thursday;0.2715;0.2720000000000002;1.0;0.39999999999999974;0.21361987457208056;0.4542361111111111;0.2720000000000002;5.450833333333334;0.4542361111111111;1.0;0.2725000000000002;12.0;1.0;1.0;0.2725000000000002;12.0;1.0;Now
20:05:54 02/04/2020;Thursday;0.2726;0.2730000000000002;1.0;0.3987480407475375;0.20424132198101147;1.0;0.2730000000000002;12.0;1.0;1.0;0.2730000000000002;12.0;1.0;1.0;0.2730000000000002;12.0;1.0;Now
03:29:54 03/04/2020;Friday;0.2681;0.2730000000000002;1.0;0.3987480407475375;0.20424132198101147;1.0;0.2730000000000002;12.0;1.0;1.0;0.27033333333333354;12.0;1.0;1.0;0.2730000000000002;12.0;1.0;Now
09:55:56 03/04/2020;Friday;0.2665;0.2690000000000002;1.0;0.40373258476372675;0.24158104218867013;1.0;0.2690000000000002;12.0;1.0;1.0;0.26833333333333353;12.0;1.0;1.0;0.2690000000000002;12.0;1.0;Now
14:32:25 03/04/2020;Friday;0.2633;0.2690000000000002;1.0;0.40373258476372675;0.24158104218867013;1.0;0.2690000000000002;12.0;1.0;1.0;0.2680000000000002;12.0;1.0;1.0;0.2680000000000002;12.0;1.0;Now
19:26:04 03/04/2020;Friday;0.264;0.2670000000000002;1.0;0.4062019202317978;0.2600790823658962;1.0;0.2670000000000002;12.0;1.0;1.0;0.2655000000000002;12.0;1.0;1.0;0.2670000000000002;12.0;1.0;Now
02:50:28 04/04/2020;Saturday;0.2605;0.2640000000000002;1.0;0.4098780306383837;0.28761719489706417;1.0;0.2640000000000002;12.0;1.0;1.0;0.2625000000000002;12.0;1.0;1.0;0.2640000000000002;12.0;1.0;Now
09:57:53 04/04/2020;Saturday;0.2546;0.2610000000000002;1.0;0.41352146256270644;0.3149105096331774;1.0;0.2610000000000002;12.0;1.0;1.0;0.2570000000000002;12.0;1.0;1.0;0.2610000000000002;12.0;1.0;Now
16:15:37 04/04/2020;Saturday;0.2532;0.25500000000000017;1.0;0.42071367935925236;0.368788128525419;1.0;0.25500000000000017;12.0;1.0;1.0;0.2546666666666668;12.0;1.0;1.0;0.25500000000000017;12.0;1.0;Now
21:09:16 04/04/2020;Saturday;0.2526;0.25500000000000017;1.0;0.42071367935925236;0.368788128525419;1.0;0.25500000000000017;12.0;1.0;1.0;0.2546666666666668;12.0;1.0;1.0;0.25500000000000017;12.0;1.0;Now
02:10:27 05/04/2020;Sunday;0.254;0.25400000000000017;1.0;0.4219004621945795;0.3776784380250321;0.47863425925925923;0.25400000000000017;5.743611111111111;0.47863425925925923;1.0;0.2546666666666668;12.0;1.0;0.47863425925925923;0.25400000000000017;5.743611111111111;0.47863425925925923;Now
07:55:04 05/04/2020;Sunday;0.255;0.25500000000000017;1.0;0.42071367935925236;0.368788128525419;1.0;0.25500000000000017;12.0;1.0;1.0;0.25500000000000017;12.0;1.0;1.0;0.25500000000000017;12.0;1.0;Now
12:39:28 05/04/2020;Sunday;0.2547;0.25500000000000017;1.0;0.42071367935925236;0.368788128525419;1.0;0.25500000000000017;12.0;1.0;1.0;0.25500000000000017;12.0;1.0;1.0;0.25500000000000017;12.0;1.0;Now
18:31:12 05/04/2020;Sunday;0.2549;0.25500000000000017;1.0;0.42071367935925236;0.368788128525419;1.0;0.25500000000000017;12.0;1.0;1.0;0.25500000000000017;12.0;1.0;1.0;0.25500000000000017;12.0;1.0;Now
23:25:01 05/04/2020;Sunday;0.2537;0.25500000000000017;1.0;0.42071367935925236;0.368788128525419;1.0;0.25500000000000017;12.0;1.0;1.0;0.2546666666666668;12.0;1.0;1.0;0.25500000000000017;12.0;1.0;Now
04:09:49 06/04/2020;Monday;0.2508;0.25500000000000017;1.0;0.42071367935925236;0.368788128525419;1.0;0.25500000000000017;12.0;1.0;1.0;0.25450000000000017;12.0;1.0;1.0;0.25500000000000017;12.0;1.0;Now
10:52:17 06/04/2020;Monday;0.2515;0.25400000000000017;1.0;0.4219004621945795;0.3776784380250321;1.0;0.25400000000000017;12.0;1.0;1.0;0.25350000000000017;12.0;1.0;1.0;0.25400000000000017;12.0;1.0;Now
16:19:10 06/04/2020;Monday;0.2526;0.25300000000000017;1.0;0.4230839160261234;0.38654380962271623;0.4524074074074074;0.25300000000000017;5.318888888888889;0.44324074074074077;1.0;0.25350000000000017;12.0;1.0;1.0;0.25350000000000017;12.0;1.0;Now
20:44:26 06/04/2020;Monday;0.2526;0.25300000000000017;1.0;0.4230839160261234;0.38654380962271623;0.4524074074074074;0.25300000000000017;0.8977777777777778;0.07481481481481482;1.0;0.2536666666666669;12.0;1.0;1.0;0.25350000000000017;12.0;1.0;Now
21:38:18 06/04/2020;Monday;0.2539;0.25400000000000017;1.0;0.4219004621945795;0.3776784380250321;1.0;0.25400000000000017;12.0;1.0;1.0;0.25400000000000017;12.0;1.0;1.0;0.25400000000000017;12.0;1.0;Now
04:12:34 07/04/2020;Tuesday;0.2523;0.25400000000000017;1.0;0.4219004621945795;0.3776784380250321;1.0;0.25400000000000017;12.0;1.0;1.0;0.2536666666666669;12.0;1.0;1.0;0.25400000000000017;12.0;1.0;Now
08:48:53 07/04/2020;Tuesday;0.2511;0.25400000000000017;1.0;0.4219004621945795;0.3776784380250321;1.0;0.25400000000000017;12.0;1.0;1.0;0.25300000000000017;12.0;1.0;1.0;0.25400000000000017;12.0;1.0;Now
15:39:49 07/04/2020;Tuesday;0.2505;0.25300000000000017;1.0;0.4230839160261234;0.38654380962271623;1.0;0.25300000000000017;12.0;1.0;1.0;0.25200000000000017;12.0;1.0;1.0;0.25300000000000017;12.0;1.0;Now
20:43:50 07/04/2020;Tuesday;0.2509;0.25200000000000017;1.0;0.4242640687119283;0.3953844520058808;1.0;0.25200000000000017;12.0;1.0;1.0;0.25133333333333346;12.0;1.0;1.0;0.25150000000000017;12.0;1.0;Now
01:29:16 08/04/2020;Wednesday;0.2481;0.25100000000000017;1.0;0.42544094772365276;0.40420057096748113;1.0;0.25100000000000017;12.0;1.0;1.0;0.25100000000000017;12.0;1.0;1.0;0.25100000000000017;12.0;1.0;Now
07:47:13 08/04/2020;Wednesday;0.2475;0.25100000000000017;1.0;0.42544094772365276;0.40420057096748113;1.0;0.25100000000000017;12.0;1.0;1.0;0.24950000000000017;12.0;1.0;1.0;0.25100000000000017;12.0;1.0;Now
14:04:33 08/04/2020;Wednesday;0.2476;0.2480000000000002;1.0;0.4289522117905441;0.4305038029997591;1.0;0.2480000000000002;12.0;1.0;1.0;0.2480000000000002;12.0;1.0;1.0;0.2480000000000002;12.0;1.0;Now
20:29:52 08/04/2020;Wednesday;0.244;0.2480000000000002;1.0;0.4289522117905441;0.4305038029997591;1.0;0.2480000000000002;12.0;1.0;1.0;0.2460000000000002;12.0;1.0;1.0;0.2480000000000002;12.0;1.0;Now
02:39:21 09/04/2020;Thursday;0.2385;0.2440000000000002;1.0;0.43358966777357577;0.46524345186620025;1.0;0.2440000000000002;12.0;1.0;1.0;0.2415000000000002;12.0;1.0;1.0;0.2440000000000002;12.0;1.0;Now
10:04:19 09/04/2020;Thursday;0.2374;0.23900000000000018;1.0;0.4393176527297757;0.5081523628766196;1.0;0.23900000000000018;12.0;1.0;1.0;0.23850000000000018;12.0;1.0;1.0;0.23850000000000018;12.0;1.0;Now
15:56:31 09/04/2020;Thursday;0.2356;0.23800000000000018;1.0;0.4404543109109046;0.516667183553747;1.0;0.23800000000000018;12.0;1.0;1.0;0.23700000000000018;12.0;1.0;1.0;0.23800000000000018;12.0;1.0;Now
22:22:18 09/04/2020;Thursday;0.2321;0.23600000000000018;1.0;0.4427188724235729;0.5336312414498015;1.0;0.23600000000000018;12.0;1.0;1.0;0.23450000000000018;12.0;1.0;1.0;0.23600000000000018;12.0;1.0;Now
04:39:13 10/04/2020;Friday;0.2295;0.23300000000000018;1.0;0.44609416046390904;0.5589158634005896;1.0;0.23300000000000018;12.0;1.0;1.0;0.23150000000000018;12.0;1.0;1.0;0.23300000000000018;12.0;1.0;Now
12:04:11 10/04/2020;Friday;0.2265;0.23000000000000018;1.0;0.4494441010848844;0.584010605285349;1.0;0.23000000000000018;12.0;1.0;1.0;0.22850000000000018;12.0;1.0;1.0;0.23000000000000018;12.0;1.0;Now
18:38:24 10/04/2020;Friday;0.2246;0.22700000000000017;1.0;0.45276925690687064;0.6089196817498307;1.0;0.22700000000000017;12.0;1.0;1.0;0.22600000000000017;12.0;1.0;1.0;0.22700000000000017;12.0;1.0;Now
00:39:52 11/04/2020;Saturday;0.2184;0.22500000000000017;1.0;0.45497252664309284;0.6254245967882648;1.0;0.22500000000000017;12.0;1.0;1.0;0.22200000000000017;12.0;1.0;1.0;0.22500000000000017;12.0;1.0;Now
07:30:31 11/04/2020;Saturday;0.2156;0.21900000000000017;1.0;0.46151923036857284;0.6744666123864632;1.0;0.21900000000000017;12.0;1.0;1.0;0.21750000000000017;12.0;1.0;1.0;0.21900000000000017;12.0;1.0;Now
14:30:25 11/04/2020;Saturday;0.209;0.21600000000000016;1.0;0.46475800154488983;0.698728572787961;1.0;0.21600000000000016;12.0;1.0;1.0;0.21133333333333348;12.0;1.0;1.0;0.21600000000000016;12.0;1.0;Now
21:21:23 11/04/2020;Saturday;0.2078;0.20900000000000016;1.0;0.4722287581247036;0.7546927611919059;1.0;0.20900000000000016;12.0;1.0;1.0;0.2086666666666668;12.0;1.0;1.0;0.20900000000000016;12.0;1.0;Now
01:57:38 12/04/2020;Sunday;0.2056;0.20900000000000016;1.0;0.4722287581247036;0.7546927611919059;1.0;0.20900000000000016;12.0;1.0;1.0;0.20800000000000016;12.0;1.0;1.0;0.20900000000000016;12.0;1.0;Now
09:05:52 12/04/2020;Sunday;0.2044;0.20800000000000016;1.0;0.47328638264796913;0.7626155327945296;0.8156481481481481;0.20800000000000016;9.787777777777778;0.8156481481481481;1.0;0.20800000000000016;12.0;1.0;0.8156481481481481;0.20750000000000016;9.787777777777778;0.8156481481481481;Now
13:50:20 12/04/2020;Sunday;0.2067;0.20700000000000016;1.0;0.4743416490252567;0.7705206392886224;0.42055555555555557;0.20700000000000016;5.046666666666667;0.42055555555555557;1.0;0.20833333333333348;12.0;1.0;0.42055555555555557;0.20700000000000016;5.046666666666667;0.42055555555555557;Now
18:53:08 12/04/2020;Sunday;0.2083;0.20900000000000016;1.0;0.4722287581247036;0.7546927611919059;0.8395601851851852;0.20900000000000016;10.074722222222222;0.8395601851851852;1.0;0.20933333333333348;12.0;1.0;0.8395601851851852;0.20900000000000016;10.074722222222222;0.8395601851851852;Now
23:46:57 12/04/2020;Sunday;0.2085;0.20900000000000016;1.0;0.4722287581247036;0.7546927611919059;0.43148148148148147;0.20900000000000016;5.177777777777778;0.43148148148148147;1.0;0.21000000000000016;12.0;1.0;0.43148148148148147;0.20900000000000016;5.177777777777778;0.43148148148148147;Now
04:57:37 13/04/2020;Monday;0.21;0.21000000000000016;1.0;0.4711687595755897;0.7467522055230449;0.45363425925925926;0.21000000000000016;5.443611111111111;0.45363425925925926;1.0;0.2106666666666668;12.0;1.0;1.0;0.21050000000000016;12.0;1.0;Now
10:24:14 13/04/2020;Monday;0.211;0.21100000000000016;1.0;0.47010637094172614;0.738793745489104;1.0;0.21100000000000016;12.0;1.0;1.0;0.21100000000000016;12.0;1.0;1.0;0.21100000000000016;12.0;1.0;Now
16:41:39 13/04/2020;Monday;0.2105;0.21100000000000016;1.0;0.47010637094172614;0.738793745489104;1.0;0.21100000000000016;12.0;1.0;1.0;0.21100000000000016;12.0;1.0;1.0;0.21100000000000016;12.0;1.0;Now
22:50:40 13/04/2020;Monday;0.2084;0.21100000000000016;1.0;0.47010637094172614;0.738793745489104;1.0;0.21100000000000016;12.0;1.0;1.0;0.21000000000000016;12.0;1.0;1.0;0.21100000000000016;12.0;1.0;Now
05:41:51 14/04/2020;Tuesday;0.2088;0.20900000000000016;1.0;0.4722287581247036;0.7546927611919059;1.0;0.20900000000000016;12.0;1.0;1.0;0.20900000000000016;12.0;1.0;1.0;0.20900000000000016;12.0;1.0;Now
11:33:43 14/04/2020;Tuesday;0.2077;0.20900000000000016;1.0;0.4722287581247036;0.7546927611919059;1.0;0.20900000000000016;12.0;1.0;1.0;0.2086666666666668;12.0;1.0;1.0;0.20900000000000016;12.0;1.0;Now
16:44:18 14/04/2020;Tuesday;0.2063;0.20900000000000016;1.0;0.4722287581247036;0.7546927611919059;1.0;0.20900000000000016;12.0;1.0;1.0;0.20850000000000016;12.0;1.0;1.0;0.20850000000000016;12.0;1.0;Now
21:21:23 14/04/2020;Tuesday;0.2062;0.20800000000000016;1.0;0.47328638264796913;0.7626155327945296;1.0;0.20800000000000016;12.0;1.0;1.0;0.20750000000000016;12.0;1.0;1.0;0.20800000000000016;12.0;1.0;Now
04:53:41 15/04/2020;Wednesday;0.2032;0.20700000000000016;1.0;0.4743416490252567;0.7705206392886224;1.0;0.20700000000000016;12.0;1.0;1.0;0.20500000000000015;12.0;1.0;1.0;0.20700000000000016;12.0;1.0;Now
11:36:41 15/04/2020;Wednesday;0.2007;0.20400000000000015;1.0;0.4774934554525327;0.7941311380144734;1.0;0.20400000000000015;12.0;1.0;1.0;0.20400000000000015;12.0;1.0;1.0;0.20400000000000015;12.0;1.0;Now
16:46:39 15/04/2020;Wednesday;0.1993;0.20400000000000015;1.0;0.4774934554525327;0.7941311380144734;1.0;0.20400000000000015;12.0;1.0;1.0;0.20200000000000015;12.0;1.0;1.0;0.20400000000000015;12.0;1.0;Now
23:55:00 15/04/2020;Wednesday;0.1988;0.20000000000000015;1.0;0.48166378315169167;0.8253714819566851;0.5239583333333333;0.20000000000000015;6.2875;0.5239583333333333;1.0;0.20100000000000015;12.0;1.0;0.5239583333333333;0.20000000000000015;6.2875;0.5239583333333333;Now
06:12:15 16/04/2020;Thursday;0.2018;0.20200000000000015;1.0;0.4795831523312718;0.8097852673626159;0.6172916666666667;0.20200000000000015;7.4075;0.6172916666666667;1.0;0.20300000000000015;12.0;1.0;0.6172916666666667;0.20200000000000015;7.4075;0.6172916666666667;Now
13:36:42 16/04/2020;Thursday;0.2031;0.20400000000000015;1.0;0.4774934554525327;0.7941311380144734;0.3878240740740741;0.20400000000000015;4.653888888888889;0.3878240740740741;1.0;0.2056666666666668;12.0;1.0;0.9801157407407407;0.20500000000000015;11.761388888888888;0.9801157407407407;Now
18:15:56 16/04/2020;Thursday;0.2052;0.20600000000000016;1.0;0.47539457296018833;0.7784081983115941;0.5922916666666667;0.20600000000000016;7.1075;0.5922916666666667;1.0;0.20650000000000016;12.0;1.0;0.5922916666666667;0.20600000000000016;7.1075;0.5922916666666667;Now
01:22:23 17/04/2020;Friday;0.207;0.20700000000000016;1.0;0.4743416490252567;0.7705206392886224;1.0;0.20700000000000016;12.0;1.0;1.0;0.20700000000000016;12.0;1.0;1.0;0.20700000000000016;12.0;1.0;Now
06:18:42 17/04/2020;Friday;0.2019;0.20700000000000016;1.0;0.4743416490252567;0.7705206392886224;1.0;0.20700000000000016;12.0;1.0;1.0;0.20533333333333348;12.0;1.0;1.0;0.20700000000000016;12.0;1.0;Now
11:03:23 17/04/2020;Friday;0.2008;0.20700000000000016;1.0;0.4743416490252567;0.7705206392886224;1.0;0.20700000000000016;12.0;1.0;1.0;0.20450000000000015;12.0;1.0;1.0;0.20450000000000015;12.0;1.0;Now
16:14:09 17/04/2020;Friday;0.2014;0.20200000000000015;1.0;0.4795831523312718;0.8097852673626159;0.6291898148148148;0.20200000000000015;7.550277777777778;0.6291898148148148;1.0;0.20400000000000015;12.0;1.0;0.6291898148148148;0.20200000000000015;7.550277777777778;0.6291898148148148;Now
23:47:10 17/04/2020;Friday;0.2059;0.20600000000000016;1.0;0.47539457296018833;0.7784081983115941;0.5243287037037037;0.20600000000000016;6.291944444444445;0.5243287037037037;1.0;0.20800000000000016;12.0;1.0;0.5243287037037037;0.20600000000000016;6.291944444444445;0.5243287037037037;Now
06:04:41 18/04/2020;Saturday;0.2093;0.21000000000000016;1.0;0.4711687595755897;0.7467522055230449;1.0;0.21000000000000016;12.0;1.0;1.0;0.21000000000000016;12.0;1.0;1.0;0.21000000000000016;12.0;1.0;Now
12:04:53 18/04/2020;Saturday;0.2088;0.21000000000000016;1.0;0.4711687595755897;0.7467522055230449;1.0;0.21000000000000016;12.0;1.0;1.0;0.20950000000000016;12.0;1.0;1.0;0.21000000000000016;12.0;1.0;Now
18:47:53 18/04/2020;Saturday;0.2066;0.20900000000000016;1.0;0.4722287581247036;0.7546927611919059;1.0;0.20900000000000016;12.0;1.0;1.0;0.20800000000000016;12.0;1.0;1.0;0.20900000000000016;12.0;1.0;Now
01:13:58 19/04/2020;Sunday;0.2049;0.20700000000000016;1.0;0.4743416490252567;0.7705206392886224;1.0;0.20700000000000016;12.0;1.0;1.0;0.2056666666666668;12.0;1.0;1.0;0.20700000000000016;12.0;1.0;Now
06:49:42 19/04/2020;Sunday;0.2034;0.20500000000000015;1.0;0.4764451699828637;0.7862783262009828;1.0;0.20500000000000015;12.0;1.0;1.0;0.20500000000000015;12.0;1.0;1.0;0.20500000000000015;12.0;1.0;Now
11:59:45 19/04/2020;Sunday;0.2037;0.20500000000000015;1.0;0.4764451699828637;0.7862783262009828;1.0;0.20500000000000015;12.0;1.0;1.0;0.20450000000000015;12.0;1.0;1.0;0.20500000000000015;12.0;1.0;Now
19:08:33 19/04/2020;Sunday;0.2009;0.20400000000000015;1.0;0.4774934554525327;0.7941311380144734;1.0;0.20400000000000015;12.0;1.0;1.0;0.20250000000000015;12.0;1.0;1.0;0.20400000000000015;12.0;1.0;Now
02:24:18 20/04/2020;Monday;0.1986;0.20100000000000015;1.0;0.4806245936279165;0.8175868087880929;1.0;0.20100000000000015;12.0;1.0;1.0;0.20033333333333347;12.0;1.0;1.0;0.20100000000000015;12.0;1.0;Now
08:07:39 20/04/2020;Monday;0.1998;0.20000000000000015;1.0;0.48166378315169167;0.8253714819566851;1.0;0.20000000000000015;12.0;1.0;1.0;0.20000000000000015;12.0;1.0;1.0;0.20000000000000015;12.0;1.0;Now
13:09:08 20/04/2020;Monday;0.1993;0.20000000000000015;1.0;0.48166378315169167;0.8253714819566851;1.0;0.20000000000000015;12.0;1.0;1.0;0.20000000000000015;12.0;1.0;1.0;0.20000000000000015;12.0;1.0;Now
18:19:59 20/04/2020;Monday;0.1976;0.20000000000000015;1.0;0.48166378315169167;0.8253714819566851;0.9420138888888889;0.20000000000000015;11.304166666666667;0.9420138888888889;1.0;0.20133333333333348;12.0;1.0;0.9420138888888889;0.20000000000000015;11.304166666666667;0.9420138888888889;Now
23:37:08 20/04/2020;Monday;0.1997;0.20000000000000015;1.0;0.48166378315169167;0.8253714819566851;0.5015277777777778;0.20000000000000015;6.0183333333333335;0.5015277777777778;1.0;0.20333333333333348;12.0;1.0;0.5015277777777778;0.20000000000000015;6.0183333333333335;0.5015277777777778;Now
05:38:14 21/04/2020;Tuesday;0.2037;0.20400000000000015;1.0;0.4774934554525327;0.7941311380144734;0.533912037037037;0.20400000000000015;4.608333333333333;0.3840277777777778;1.0;0.20533333333333348;12.0;1.0;1.0;0.20500000000000015;12.0;1.0;Now
10:14:44 21/04/2020;Tuesday;0.2052;0.20600000000000016;1.0;0.47539457296018833;0.7784081983115941;1.0;0.20600000000000016;12.0;1.0;1.0;0.20600000000000016;12.0;1.0;1.0;0.20600000000000016;12.0;1.0;Now
15:50:19 21/04/2020;Tuesday;0.2031;0.20600000000000016;1.0;0.47539457296018833;0.7784081983115941;1.0;0.20600000000000016;12.0;1.0;1.0;0.20600000000000016;12.0;1.0;1.0;0.20600000000000016;12.0;1.0;Now
21:51:11 21/04/2020;Tuesday;0.2054;0.20600000000000016;1.0;0.47539457296018833;0.7784081983115941;1.0;0.20600000000000016;12.0;1.0;1.0;0.20600000000000016;12.0;1.0;1.0;0.20600000000000016;12.0;1.0;Now
04:08:37 22/04/2020;Wednesday;0.204;0.20600000000000016;1.0;0.47539457296018833;0.7784081983115941;0.5125925925925926;0.20600000000000016;6.151111111111111;0.5125925925925926;1.0;0.20900000000000016;12.0;1.0;0.5125925925925926;0.20600000000000016;6.151111111111111;0.5125925925925926;Now
10:17:41 22/04/2020;Wednesday;0.2093;0.21000000000000016;1.0;0.4711687595755897;0.7467522055230449;0.47726851851851854;0.21000000000000016;5.727222222222222;0.47726851851851854;1.0;0.21133333333333348;12.0;1.0;0.47726851851851854;0.21000000000000016;5.727222222222222;0.47726851851851854;Now
16:01:19 22/04/2020;Wednesday;0.2105;0.21100000000000016;1.0;0.47010637094172614;0.738793745489104;0.4409722222222222;0.21100000000000016;5.165555555555556;0.43046296296296294;1.0;0.21233333333333348;12.0;1.0;1.0;0.21200000000000016;12.0;1.0;Now
21:11:15 22/04/2020;Wednesday;0.2128;0.21300000000000016;1.0;0.4679743582719034;0.7228226242969141;1.0;0.21300000000000016;12.0;1.0;1.0;0.21300000000000016;12.0;1.0;1.0;0.21300000000000016;12.0;1.0;Now
03:53:45 23/04/2020;Thursday;0.2102;0.21300000000000016;1.0;0.4679743582719034;0.7228226242969141;0.5706944444444444;0.21300000000000016;6.848333333333334;0.5706944444444444;1.0;0.21450000000000016;12.0;1.0;0.5706944444444444;0.21300000000000016;6.848333333333334;0.5706944444444444;Now
10:44:39 23/04/2020;Thursday;0.216;0.21600000000000016;1.0;0.46475800154488983;0.698728572787961;0.5474537037037037;0.21600000000000016;6.569444444444445;0.5474537037037037;1.0;0.21700000000000016;12.0;1.0;0.5474537037037037;0.21600000000000016;6.569444444444445;0.5474537037037037;Now
17:18:49 23/04/2020;Thursday;0.2176;0.21800000000000017;1.0;0.46260134024881494;0.6825728062591524;1.0;0.21800000000000017;12.0;1.0;1.0;0.21800000000000017;12.0;1.0;1.0;0.21800000000000017;12.0;1.0;Now
22:54:21 23/04/2020;Thursday;0.2172;0.21800000000000017;1.0;0.46260134024881494;0.6825728062591524;0.5586342592592592;0.21800000000000017;6.703611111111111;0.5586342592592592;1.0;0.22000000000000017;12.0;1.0;0.5586342592592592;0.21800000000000017;6.703611111111111;0.5586342592592592;Now
05:36:34 24/04/2020;Friday;0.2195;0.22000000000000017;1.0;0.46043457732885334;0.6663413674505231;0.3959722222222222;0.22000000000000017;4.751666666666667;0.3959722222222222;1.0;0.2213333333333335;12.0;1.0;0.3959722222222222;0.22000000000000017;4.751666666666667;0.3959722222222222;Now
10:21:40 24/04/2020;Friday;0.2215;0.22200000000000017;1.0;0.4582575694955838;0.6500331829666168;1.0;0.22200000000000017;12.0;1.0;1.0;0.22200000000000017;12.0;1.0;1.0;0.22200000000000017;12.0;1.0;Now
15:06:31 24/04/2020;Friday;0.2217;0.22200000000000017;1.0;0.4582575694955838;0.6500331829666168;1.0;0.22200000000000017;12.0;1.0;1.0;0.22200000000000017;12.0;1.0;1.0;0.22200000000000017;12.0;1.0;Now
21:40:32 24/04/2020;Friday;0.2185;0.22200000000000017;1.0;0.4582575694955838;0.6500331829666168;1.0;0.22200000000000017;12.0;1.0;1.0;0.22050000000000017;12.0;1.0;1.0;0.22200000000000017;12.0;1.0;Now
02:51:05 25/04/2020;Saturday;0.2186;0.22200000000000017;1.0;0.4582575694955838;0.6500331829666168;1.0;0.22200000000000017;12.0;1.0;1.0;0.22000000000000017;12.0;1.0;1.0;0.22050000000000017;12.0;1.0;Now
04:14:04 25/04/2020;Saturday;0.2186;0.21900000000000017;1.0;0.46151923036857284;0.6744666123864632;1.0;0.21900000000000017;12.0;1.0;1.0;0.21900000000000017;12.0;1.0;1.0;0.21900000000000017;12.0;1.0;Now
09:33:23 25/04/2020;Saturday;0.21;0.21900000000000017;1.0;0.46151923036857284;0.6744666123864632;1.0;0.21900000000000017;12.0;1.0;1.0;0.21450000000000016;12.0;1.0;1.0;0.21900000000000017;12.0;1.0;Now
16:16:05 25/04/2020;Saturday;0.2076;0.21000000000000016;1.0;0.4711687595755897;0.7467522055230449;1.0;0.21000000000000016;12.0;1.0;1.0;0.2086666666666668;12.0;1.0;1.0;0.21000000000000016;12.0;1.0;Now
23:23:24 25/04/2020;Saturday;0.2069;0.20800000000000016;1.0;0.47328638264796913;0.7626155327945296;1.0;0.20800000000000016;12.0;1.0;1.0;0.2076666666666668;12.0;1.0;1.0;0.20800000000000016;12.0;1.0;Now
04:00:37 26/04/2020;Sunday;0.2044;0.20800000000000016;1.0;0.47328638264796913;0.7626155327945296;1.0;0.20800000000000016;12.0;1.0;1.0;0.2066666666666668;12.0;1.0;1.0;0.20800000000000016;12.0;1.0;Now
10:17:53 26/04/2020;Sunday;0.2007;0.20700000000000016;1.0;0.4743416490252567;0.7705206392886224;1.0;0.20700000000000016;12.0;1.0;1.0;0.20433333333333348;12.0;1.0;1.0;0.20600000000000016;12.0;1.0;Now
15:10:45 26/04/2020;Sunday;0.2006;0.20500000000000015;1.0;0.4764451699828637;0.7862783262009828;1.0;0.20500000000000015;12.0;1.0;1.0;0.20300000000000015;12.0;1.0;1.0;0.20300000000000015;12.0;1.0;Now
20:29:46 26/04/2020;Sunday;0.1988;0.20100000000000015;1.0;0.4806245936279165;0.8175868087880929;1.0;0.20100000000000015;12.0;1.0;1.0;0.20000000000000015;12.0;1.0;1.0;0.20100000000000015;12.0;1.0;Now
03:45:47 27/04/2020;Monday;0.1947;0.19900000000000015;1.0;0.48270073544588665;0.8331393958136344;1.0;0.19900000000000015;12.0;1.0;1.0;0.19633333333333347;12.0;1.0;1.0;0.19900000000000015;12.0;1.0;Now
09:38:57 27/04/2020;Monday;0.1941;0.19500000000000015;1.0;0.48682645778552325;0.8640455965245057;1.0;0.19500000000000015;12.0;1.0;1.0;0.19500000000000015;12.0;1.0;1.0;0.19500000000000015;12.0;1.0;Now
14:32:14 27/04/2020;Monday;0.1937;0.19500000000000015;1.0;0.48682645778552325;0.8640455965245057;1.0;0.19500000000000015;12.0;1.0;1.0;0.19500000000000015;12.0;1.0;1.0;0.19500000000000015;12.0;1.0;Now
19:33:46 27/04/2020;Monday;0.1931;0.19500000000000015;1.0;0.48682645778552325;0.8640455965245057;1.0;0.19500000000000015;12.0;1.0;1.0;0.19450000000000014;12.0;1.0;1.0;0.19500000000000015;12.0;1.0;Now
02:50:21 28/04/2020;Tuesday;0.1925;0.19400000000000014;1.0;0.4878524367060186;0.8717313077361682;1.0;0.19400000000000014;12.0;1.0;1.0;0.19350000000000014;12.0;1.0;1.0;0.19400000000000014;12.0;1.0;Now
09:49:32 28/04/2020;Tuesday;0.1917;0.19300000000000014;1.0;0.48887626246321253;0.8794008893851318;0.628287037037037;0.19300000000000014;7.539444444444444;0.628287037037037;1.0;0.19450000000000014;12.0;1.0;0.628287037037037;0.19300000000000014;7.539444444444444;0.628287037037037;Now
17:21:54 28/04/2020;Tuesday;0.1953;0.19600000000000015;1.0;0.48579831205964463;0.8563436535559374;1.0;0.19600000000000015;12.0;1.0;1.0;0.19600000000000015;12.0;1.0;1.0;0.19600000000000015;12.0;1.0;Now
00:21:31 29/04/2020;Wednesday;0.1948;0.19600000000000015;1.0;0.48579831205964463;0.8563436535559374;1.0;0.19600000000000015;12.0;1.0;1.0;0.19600000000000015;12.0;1.0;1.0;0.19600000000000015;12.0;1.0;Now
05:15:09 29/04/2020;Wednesday;0.1933;0.19600000000000015;1.0;0.48579831205964463;0.8563436535559374;1.0;0.19600000000000015;12.0;1.0;1.0;0.19500000000000015;12.0;1.0;1.0;0.19600000000000015;12.0;1.0;Now
12:48:27 29/04/2020;Wednesday;0.1916;0.19400000000000014;1.0;0.4878524367060186;0.8717313077361682;1.0;0.19400000000000014;12.0;1.0;1.0;0.1926666666666668;12.0;1.0;1.0;0.19400000000000014;12.0;1.0;Now
18:15:26 29/04/2020;Wednesday;0.1882;0.19200000000000014;1.0;0.4898979485566355;0.8870544425977355;1.0;0.19200000000000014;12.0;1.0;1.0;0.19100000000000014;12.0;1.0;1.0;0.19200000000000014;12.0;1.0;Now
23:01:20 29/04/2020;Wednesday;0.188;0.19200000000000014;1.0;0.4898979485566355;0.8870544425977355;1.0;0.19200000000000014;12.0;1.0;1.0;0.1896666666666668;12.0;1.0;1.0;0.19200000000000014;12.0;1.0;Now
05:43:38 30/04/2020;Thursday;0.1822;0.18900000000000014;1.0;0.4929503017546494;0.9099199271874222;1.0;0.18900000000000014;12.0;1.0;1.0;0.18850000000000014;12.0;1.0;1.0;0.18850000000000014;12.0;1.0;Now
10:37:38 30/04/2020;Thursday;0.181;0.18800000000000014;1.0;0.4939635614091386;0.9175103570990557;1.0;0.18800000000000014;12.0;1.0;1.0;0.18333333333333346;12.0;1.0;1.0;0.18800000000000014;12.0;1.0;Now
17:59:59 30/04/2020;Thursday;0.1806;0.18100000000000013;1.0;0.5009990019950138;0.9702135496400305;1.0;0.18100000000000013;12.0;1.0;1.0;0.18100000000000013;12.0;1.0;1.0;0.18100000000000013;12.0;1.0;Now
22:36:18 30/04/2020;Thursday;0.1799;0.18100000000000013;1.0;0.5009990019950138;0.9702135496400305;1.0;0.18100000000000013;12.0;1.0;1.0;0.18100000000000013;12.0;1.0;1.0;0.18100000000000013;12.0;1.0;Now
23:02:33 30/04/2020;Thursday;0.1799;0.18100000000000013;1.0;0.5009990019950138;0.9702135496400305;1.0;0.18100000000000013;12.0;1.0;1.0;0.18100000000000013;12.0;1.0;1.0;0.18100000000000013;12.0;1.0;Now
23:02:33 30/04/2020;Thursday;0.1799;0.18100000000000013;1.0;0.5009990019950138;0.9702135496400305;1.0;0.18100000000000013;12.0;1.0;1.0;0.18100000000000013;12.0;1.0;1.0;0.18100000000000013;12.0;1.0;Now
04:20:02 01/05/2020;Friday;0.1787;0.18100000000000013;1.0;0.5009990019950138;0.9702135496400305;1.0;0.18100000000000013;12.0;1.0;1.0;0.17966666666666678;12.0;1.0;1.0;0.18100000000000013;12.0;1.0;Now
11:02:53 01/05/2020;Friday;0.1768;0.17900000000000013;1.0;0.5029910535983716;0.9851362084162418;1.0;0.17900000000000013;12.0;1.0;1.0;0.17833333333333345;12.0;1.0;1.0;0.17900000000000013;12.0;1.0;Now
15:47:52 01/05/2020;Friday;0.1764;0.17900000000000013;1.0;0.5029910535983716;0.9851362084162418;1.0;0.17900000000000013;12.0;1.0;1.0;0.17766666666666678;12.0;1.0;1.0;0.17900000000000013;12.0;1.0;Now
20:48:25 01/05/2020;Friday;0.1755;0.17700000000000013;1.0;0.5049752469181038;1.0;0.9992361111111111;0.17700000000000013;11.990833333333333;0.9992361111111111;1.0;0.17733333333333345;12.0;1.0;0.9992361111111111;0.17700000000000013;11.990833333333333;0.9992361111111111;Now
02:22:44 02/05/2020;Saturday;0.1765;0.17700000000000013;1.0;0.5049752469181038;1.0;0.5349074074074074;0.17700000000000013;6.418888888888889;0.5349074074074074;1.0;0.17750000000000013;12.0;1.0;0.5349074074074074;0.17700000000000013;6.418888888888889;0.5349074074074074;Now
08:47:52 02/05/2020;Saturday;0.1774;0.17800000000000013;1.0;0.503984126734166;0.992575419087443;0.5947453703703703;0.17800000000000013;7.1369444444444445;0.5947453703703703;1.0;0.17900000000000013;12.0;1.0;0.5947453703703703;0.17800000000000013;7.1369444444444445;0.5947453703703703;Now
15:56:05 02/05/2020;Saturday;0.1791;0.18000000000000013;1.0;0.5019960159204452;0.9776822811624796;0.8745601851851852;0.18000000000000013;10.494722222222222;0.8745601851851852;1.0;0.18033333333333346;12.0;1.0;0.8745601851851852;0.18000000000000013;10.494722222222222;0.8745601851851852;Now
20:57:41 02/05/2020;Saturday;0.1799;0.18000000000000013;1.0;0.5019960159204452;0.9776822811624796;0.45567129629629627;0.18000000000000013;5.468055555555556;0.45567129629629627;1.0;0.18050000000000013;12.0;1.0;1.0;0.18050000000000013;12.0;1.0;Now
02:25:46 03/05/2020;Sunday;0.1805;0.18100000000000013;1.0;0.5009990019950138;0.9702135496400305;1.0;0.18100000000000013;12.0;1.0;1.0;0.18100000000000013;12.0;1.0;1.0;0.18100000000000013;12.0;1.0;Now
09:07:41 03/05/2020;Sunday;0.1808;0.18100000000000013;1.0;0.5009990019950138;0.9702135496400305;0.4428935185185185;0.18100000000000013;5.314722222222223;0.4428935185185185;1.0;0.18300000000000013;12.0;1.0;0.4428935185185185;0.18100000000000013;5.314722222222223;0.4428935185185185;Now
14:26:34 03/05/2020;Sunday;0.1814;0.18200000000000013;1.0;0.4999999999999999;0.9627299252885235;0.48935185185185187;0.18200000000000013;5.872222222222222;0.48935185185185187;1.0;0.18600000000000014;12.0;1.0;0.48935185185185187;0.18200000000000013;5.872222222222222;0.48935185185185187;Now
20:18:54 03/05/2020;Sunday;0.1853;0.18600000000000014;1.0;0.49598387070548966;0.9326446970935801;0.4070138888888889;0.18600000000000014;4.884166666666666;0.4070138888888889;1.0;0.18800000000000014;12.0;1.0;1.0;0.18800000000000014;12.0;1.0;Now
01:11:57 04/05/2020;Monday;0.1891;0.19000000000000014;1.0;0.4919349550499536;0.902313862972928;0.6173842592592592;0.19000000000000014;7.408611111111111;0.6173842592592592;1.0;0.19250000000000014;12.0;1.0;0.6173842592592592;0.19000000000000014;7.408611111111111;0.6173842592592592;Now
08:36:28 04/05/2020;Monday;0.1944;0.19500000000000015;1.0;0.48682645778552325;0.8640455965245057;0.4895601851851852;0.19500000000000015;5.874722222222222;0.4895601851851852;1.0;0.1976666666666668;12.0;1.0;0.4895601851851852;0.19500000000000015;5.874722222222222;0.4895601851851852;Now
14:28:57 04/05/2020;Monday;0.1965;0.19700000000000015;1.0;0.48476798574163277;0.8486253755525339;0.4434490740740741;0.19700000000000015;5.3213888888888885;0.4434490740740741;1.0;0.19900000000000015;12.0;1.0;1.0;0.19900000000000015;12.0;1.0;Now
19:48:14 04/05/2020;Monday;0.2005;0.20100000000000015;1.0;0.4806245936279165;0.8175868087880929;1.0;0.20100000000000015;12.0;1.0;1.0;0.20100000000000015;12.0;1.0;1.0;0.20100000000000015;12.0;1.0;Now
02:39:58 05/05/2020;Tuesday;0.1921;0.20100000000000015;1.0;0.4806245936279165;0.8175868087880929;1.0;0.20100000000000015;12.0;1.0;1.0;0.1956666666666668;12.0;1.0;1.0;0.20100000000000015;12.0;1.0;Now
08:07:55 05/05/2020;Tuesday;0.1879;0.19300000000000014;1.0;0.48887626246321253;0.8794008893851318;1.0;0.19300000000000014;12.0;1.0;1.0;0.1916666666666668;12.0;1.0;1.0;0.19300000000000014;12.0;1.0;Now
13:25:49 05/05/2020;Tuesday;0.1872;0.19300000000000014;1.0;0.48887626246321253;0.8794008893851318;1.0;0.19300000000000014;12.0;1.0;1.0;0.19100000000000014;12.0;1.0;1.0;0.19100000000000014;12.0;1.0;Now
18:44:28 05/05/2020;Tuesday;0.189;0.18900000000000014;1.0;0.4929503017546494;0.9099199271874222;0.6283333333333333;0.18900000000000014;7.54;0.6283333333333333;1.0;0.19250000000000014;12.0;1.0;0.6283333333333333;0.18900000000000014;7.54;0.6283333333333333;Now
02:16:52 06/05/2020;Wednesday;0.1952;0.19600000000000015;1.0;0.48579831205964463;0.8563436535559374;1.0;0.19600000000000015;12.0;1.0;1.0;0.19600000000000015;12.0;1.0;1.0;0.19600000000000015;12.0;1.0;Now
08:26:14 06/05/2020;Wednesday;0.1876;0.19600000000000015;1.0;0.48579831205964463;0.8563436535559374;1.0;0.19600000000000015;12.0;1.0;1.0;0.19450000000000014;12.0;1.0;1.0;0.19600000000000015;12.0;1.0;Now
15:33:53 06/05/2020;Wednesday;0.1924;0.19300000000000014;1.0;0.48887626246321253;0.8794008893851318;0.4544212962962963;0.19300000000000014;5.453055555555555;0.4544212962962963;1.0;0.19833333333333347;12.0;1.0;1.0;0.19700000000000015;12.0;1.0;Now
21:01:04 06/05/2020;Wednesday;0.2001;0.20100000000000015;1.0;0.4806245936279165;0.8175868087880929;1.0;0.20100000000000015;12.0;1.0;1.0;0.20100000000000015;12.0;1.0;1.0;0.20100000000000015;12.0;1.0;Now
03:01:50 07/05/2020;Thursday;0.1937;0.20100000000000015;1.0;0.4806245936279165;0.8175868087880929;1.0;0.20100000000000015;12.0;1.0;1.0;0.19750000000000015;12.0;1.0;1.0;0.20100000000000015;12.0;1.0;Now
10:34:23 07/05/2020;Thursday;0.1935;0.19400000000000014;1.0;0.4878524367060186;0.8717313077361682;0.8964814814814814;0.19400000000000014;10.757777777777777;0.8964814814814814;1.0;0.1946666666666668;12.0;1.0;0.8964814814814814;0.19400000000000014;10.757777777777777;0.8964814814814814;Now
16:43:09 07/05/2020;Thursday;0.1878;0.19400000000000014;1.0;0.4878524367060186;0.8717313077361682;0.556412037037037;0.19400000000000014;4.611666666666666;0.38430555555555557;1.0;0.19533333333333347;12.0;1.0;1.0;0.19500000000000015;12.0;1.0;Now
21:19:51 07/05/2020;Thursday;0.1954;0.19600000000000015;1.0;0.48579831205964463;0.8563436535559374;1.0;0.19600000000000015;12.0;1.0;1.0;0.19600000000000015;12.0;1.0;1.0;0.19600000000000015;12.0;1.0;Now
02:39:14 08/05/2020;Friday;0.1867;0.19600000000000015;1.0;0.48579831205964463;0.8563436535559374;1.0;0.19600000000000015;12.0;1.0;1.0;0.19450000000000014;12.0;1.0;1.0;0.19600000000000015;12.0;1.0;Now
10:11:18 08/05/2020;Friday;0.1928;0.19300000000000014;1.0;0.48887626246321253;0.8794008893851318;1.0;0.19300000000000014;12.0;1.0;1.0;0.19300000000000014;12.0;1.0;1.0;0.19300000000000014;12.0;1.0;Now
15:04:59 08/05/2020;Friday;0.1868;0.19300000000000014;1.0;0.48887626246321253;0.8794008893851318;1.0;0.19300000000000014;12.0;1.0;1.0;0.19300000000000014;12.0;1.0;1.0;0.19300000000000014;12.0;1.0;Now
21:47:22 08/05/2020;Friday;0.1927;0.19300000000000014;1.0;0.48887626246321253;0.8794008893851318;1.0;0.19300000000000014;12.0;1.0;1.0;0.19300000000000014;12.0;1.0;1.0;0.19300000000000014;12.0;1.0;Now
03:56:35 09/05/2020;Saturday;0.191;0.19300000000000014;1.0;0.48887626246321253;0.8794008893851318;1.0;0.19300000000000014;12.0;1.0;1.0;0.19300000000000014;12.0;1.0;1.0;0.19300000000000014;12.0;1.0;Now
08:58:45 09/05/2020;Saturday;0.1887;0.19300000000000014;1.0;0.48887626246321253;0.8794008893851318;1.0;0.19300000000000014;12.0;1.0;1.0;0.19100000000000014;12.0;1.0;1.0;0.19300000000000014;12.0;1.0;Now
20:42:21 09/05/2020;Saturday;0.1799;0.18900000000000014;1.0;0.4929503017546494;0.9099199271874222;1.0;0.18900000000000014;12.0;1.0;1.0;0.18600000000000014;12.0;1.0;1.0;0.18900000000000014;12.0;1.0;Now
03:33:31 10/05/2020;Sunday;0.1829;0.18300000000000013;1.0;0.4989989979949858;0.95523131866109;1.0;0.18300000000000013;12.0;1.0;1.0;0.18300000000000013;12.0;1.0;1.0;0.18300000000000013;12.0;1.0;Now
09:33:35 10/05/2020;Sunday;0.1795;0.18300000000000013;1.0;0.4989989979949858;0.95523131866109;1.0;0.18300000000000013;12.0;1.0;1.0;0.18200000000000013;12.0;1.0;1.0;0.18300000000000013;12.0;1.0;Now
14:52:02 10/05/2020;Sunday;0.1796;0.18300000000000013;1.0;0.4989989979949858;0.95523131866109;1.0;0.18300000000000013;12.0;1.0;1.0;0.18100000000000013;12.0;1.0;1.0;0.18300000000000013;12.0;1.0;Now
21:18:56 10/05/2020;Sunday;0.1798;0.18000000000000013;1.0;0.5019960159204452;0.9776822811624796;0.8613888888888889;0.18000000000000013;10.336666666666666;0.8613888888888889;1.0;0.18100000000000013;12.0;1.0;0.8613888888888889;0.18000000000000013;10.336666666666666;0.8613888888888889;Now
02:37:30 11/05/2020;Monday;0.18;0.18000000000000013;1.0;0.5019960159204452;0.9776822811624796;0.4189351851851852;0.18000000000000013;5.027222222222222;0.4189351851851852;1.0;0.18200000000000013;12.0;1.0;0.4189351851851852;0.18000000000000013;5.027222222222222;0.4189351851851852;Now
07:39:08 11/05/2020;Monday;0.1821;0.18300000000000013;1.0;0.4989989979949858;0.95523131866109;1.0;0.18300000000000013;12.0;1.0;1.0;0.18300000000000013;12.0;1.0;1.0;0.18300000000000013;12.0;1.0;Now
12:24:15 11/05/2020;Monday;0.1823;0.18300000000000013;1.0;0.4989989979949858;0.95523131866109;1.0;0.18300000000000013;12.0;1.0;1.0;0.18300000000000013;12.0;1.0;1.0;0.18300000000000013;12.0;1.0;Now
17:17:18 11/05/2020;Monday;0.1828;0.18300000000000013;1.0;0.4989989979949858;0.95523131866109;1.0;0.18300000000000013;12.0;1.0;1.0;0.18300000000000013;12.0;1.0;1.0;0.18300000000000013;12.0;1.0;Now
23:26:28 11/05/2020;Monday;0.1813;0.18300000000000013;1.0;0.4989989979949858;0.95523131866109;0.9088657407407408;0.18300000000000013;10.90638888888889;0.9088657407407408;1.0;0.18366666666666678;12.0;1.0;0.9088657407407408;0.18300000000000013;10.90638888888889;0.9088657407407408;Now
04:02:53 12/05/2020;Tuesday;0.1821;0.18300000000000013;1.0;0.4989989979949858;0.95523131866109;0.5249537037037038;0.18300000000000013;6.299444444444444;0.5249537037037038;1.0;0.18433333333333346;12.0;1.0;0.5249537037037038;0.18300000000000013;6.299444444444444;0.5249537037037038;Now
10:20:51 12/05/2020;Tuesday;0.1842;0.18500000000000014;1.0;0.4969909455915669;0.940188796283426;1.0;0.18500000000000014;12.0;1.0;1.0;0.18500000000000014;12.0;1.0;1.0;0.18500000000000014;12.0;1.0;Now
15:22:07 12/05/2020;Tuesday;0.1848;0.18500000000000014;1.0;0.4969909455915669;0.940188796283426;1.0;0.18500000000000014;12.0;1.0;1.0;0.18500000000000014;12.0;1.0;1.0;0.18500000000000014;12.0;1.0;Now
22:24:14 12/05/2020;Tuesday;0.1844;0.18500000000000014;1.0;0.4969909455915669;0.940188796283426;1.0;0.18500000000000014;12.0;1.0;1.0;0.18500000000000014;12.0;1.0;1.0;0.18500000000000014;12.0;1.0;Now
03:26:42 13/05/2020;Wednesday;0.1811;0.18500000000000014;1.0;0.4969909455915669;0.940188796283426;1.0;0.18500000000000014;12.0;1.0;1.0;0.18500000000000014;12.0;1.0;1.0;0.18500000000000014;12.0;1.0;Now
09:35:43 13/05/2020;Wednesday;0.1812;0.18500000000000014;1.0;0.4969909455915669;0.940188796283426;1.0;0.18500000000000014;12.0;1.0;1.0;0.18400000000000014;12.0;1.0;1.0;0.18500000000000014;12.0;1.0;Now
16:25:44 13/05/2020;Wednesday;0.1825;0.18300000000000013;1.0;0.4989989979949858;0.95523131866109;0.46675925925925926;0.18300000000000013;5.601111111111111;0.46675925925925926;1.0;0.18500000000000014;12.0;1.0;1.0;0.18500000000000014;12.0;1.0;Now
22:01:48 13/05/2020;Wednesday;0.187;0.18700000000000014;1.0;0.4949747468305831;0.925085248722476;0.5706018518518519;0.18700000000000014;6.847222222222222;0.5706018518518519;1.0;0.18950000000000014;12.0;1.0;0.5706018518518519;0.18700000000000014;6.847222222222222;0.5706018518518519;Now
04:52:38 14/05/2020;Thursday;0.192;0.19200000000000014;1.0;0.4898979485566355;0.8870544425977355;0.6181018518518518;0.19200000000000014;7.417222222222223;0.6181018518518518;1.0;0.19500000000000015;12.0;1.0;0.6181018518518518;0.19200000000000014;7.417222222222223;0.6181018518518518;Now
12:17:40 14/05/2020;Thursday;0.1976;0.19800000000000015;1.0;0.4837354648979128;0.8408906581364854;0.5589814814814815;0.19800000000000015;6.707777777777777;0.5589814814814815;1.0;0.20000000000000015;12.0;1.0;0.5589814814814815;0.19800000000000015;6.707777777777777;0.5589814814814815;Now
19:00:08 14/05/2020;Thursday;0.2016;0.20200000000000015;1.0;0.4795831523312718;0.8097852673626159;0.5125462962962963;0.20200000000000015;6.150555555555556;0.5125462962962963;1.0;0.20400000000000015;12.0;1.0;0.5125462962962963;0.20200000000000015;6.150555555555556;0.5125462962962963;Now
01:09:10 15/05/2020;Friday;0.2058;0.20600000000000016;1.0;0.47539457296018833;0.7784081983115941;0.5357175925925926;0.20600000000000016;6.4286111111111115;0.5357175925925926;1.0;0.20750000000000016;12.0;1.0;0.5357175925925926;0.20600000000000016;6.4286111111111115;0.5357175925925926;Now
07:34:53 15/05/2020;Friday;0.2087;0.20900000000000016;1.0;0.4722287581247036;0.7546927611919059;0.6050462962962962;0.20900000000000016;7.260555555555555;0.6050462962962962;1.0;0.21100000000000016;12.0;1.0;0.6050462962962962;0.20900000000000016;7.260555555555555;0.6050462962962962;Now
14:50:31 15/05/2020;Friday;0.213;0.21300000000000016;1.0;0.4679743582719034;0.7228226242969141;0.5829166666666666;0.21300000000000016;6.995;0.5829166666666666;1.0;0.21500000000000016;12.0;1.0;0.5829166666666666;0.21300000000000016;6.995;0.5829166666666666;Now
21:50:13 15/05/2020;Friday;0.2163;0.21700000000000016;1.0;0.463680924774785;0.6906600824491737;0.4784027777777778;0.21700000000000016;5.740833333333334;0.4784027777777778;1.0;0.21866666666666681;12.0;1.0;0.4784027777777778;0.21700000000000016;5.740833333333334;0.4784027777777778;Now
03:34:40 16/05/2020;Saturday;0.2187;0.21900000000000017;1.0;0.46151923036857284;0.6744666123864632;0.4319212962962963;0.21900000000000017;5.183055555555556;0.4319212962962963;1.0;0.2203333333333335;12.0;1.0;0.4319212962962963;0.21900000000000017;5.183055555555556;0.4319212962962963;Now
08:45:39 16/05/2020;Saturday;0.22;0.22000000000000017;1.0;0.46043457732885334;0.6663413674505231;0.441875;0.22000000000000017;5.3025;0.441875;1.0;0.22200000000000017;12.0;1.0;0.441875;0.22000000000000017;5.3025;0.441875;Now
14:03:48 16/05/2020;Saturday;0.2217;0.22200000000000017;1.0;0.4582575694955838;0.6500331829666168;0.4196064814814815;0.22200000000000017;5.035277777777778;0.4196064814814815;1.0;0.22300000000000017;12.0;1.0;1.0;0.22300000000000017;12.0;1.0;Now
19:05:55 16/05/2020;Saturday;0.2232;0.22400000000000017;1.0;0.456070170039655;0.6336471537929372;1.0;0.22400000000000017;12.0;1.0;1.0;0.22400000000000017;12.0;1.0;1.0;0.22400000000000017;12.0;1.0;Now
02:22:32 17/05/2020;Sunday;0.2237;0.22400000000000017;1.0;0.456070170039655;0.6336471537929372;0.617037037037037;0.22400000000000017;7.404444444444445;0.617037037037037;1.0;0.22450000000000017;12.0;1.0;0.617037037037037;0.22400000000000017;7.404444444444445;0.617037037037037;Now
09:46:48 17/05/2020;Sunday;0.2246;0.22500000000000017;1.0;0.45497252664309284;0.6254245967882648;0.4544675925925926;0.22500000000000017;5.453611111111111;0.4544675925925926;1.0;0.22625000000000017;12.0;1.0;0.4544675925925926;0.22500000000000017;5.453611111111111;0.4544675925925926;Now
15:14:01 17/05/2020;Sunday;0.226;0.22600000000000017;1.0;0.4538722287164085;0.6171821544316476;0.5253240740740741;0.22600000000000017;6.303888888888889;0.5253240740740741;1.0;0.22666666666666682;12.0;1.0;0.5253240740740741;0.22600000000000017;6.303888888888889;0.5253240740740741;Now
20:17:37 17/05/2020;Sunday;0.226;0.22600000000000017;1.0;0.4538722287164085;0.6171821544316476;0.1036574074074074;0.22600000000000017;1.2438888888888888;0.1036574074074074;1.0;0.22766666666666682;12.0;1.0;0.6387731481481481;0.22700000000000017;7.665277777777778;0.6387731481481481;Now
21:32:15 17/05/2020;Sunday;0.2279;0.22800000000000017;1.0;0.4516635916254484;0.6006370319994143;0.5351157407407408;0.22800000000000017;6.421388888888889;0.5351157407407408;1.0;0.22850000000000018;12.0;1.0;0.5351157407407408;0.22800000000000017;6.421388888888889;0.5351157407407408;Now
03:57:32 18/05/2020;Monday;0.2288;0.22900000000000018;1.0;0.4505552130427522;0.5923340566364488;0.5811342592592592;0.22900000000000018;6.973611111111111;0.5811342592592592;1.0;0.22950000000000018;12.0;1.0;0.5811342592592592;0.22900000000000018;6.973611111111111;0.5811342592592592;Now
10:55:57 18/05/2020;Monday;0.2299;0.23000000000000018;1.0;0.4494441010848844;0.584010605285349;0.6180324074074074;0.23000000000000018;7.416388888888889;0.6180324074074074;1.0;0.23100000000000018;12.0;1.0;0.6180324074074074;0.23000000000000018;7.416388888888889;0.6180324074074074;Now
18:20:56 18/05/2020;Monday;0.2319;0.23200000000000018;1.0;0.44721359549995776;0.5673016637668717;0.9205092592592593;0.23200000000000018;11.046111111111111;0.9205092592592593;1.0;0.23250000000000018;12.0;1.0;0.9205092592592593;0.23200000000000018;11.046111111111111;0.9205092592592593;Now
05:23:42 19/05/2020;Tuesday;0.233;0.23300000000000018;1.0;0.44609416046390904;0.5589158634005896;0.48833333333333334;0.23300000000000018;5.86;0.48833333333333334;1.0;0.23366666666666683;12.0;1.0;1.0;0.23400000000000018;12.0;1.0;Now
10:17:37 19/05/2020;Tuesday;0.233;0.23300000000000018;1.0;0.44609416046390904;0.5589158634005896;0.08011574074074074;0.23300000000000018;0.9613888888888888;0.08011574074074074;1.0;0.23466666666666683;12.0;1.0;0.6165277777777778;0.23400000000000018;7.398333333333333;0.6165277777777778;Now
11:15:18 19/05/2020;Tuesday;0.2344;0.23500000000000018;1.0;0.4438468204234427;0.5420808132836813;0.536412037037037;0.23500000000000018;6.436944444444444;0.536412037037037;1.0;0.23550000000000018;12.0;1.0;0.536412037037037;0.23500000000000018;6.436944444444444;0.536412037037037;Now
17:41:31 19/05/2020;Tuesday;0.2355;0.23600000000000018;1.0;0.4427188724235729;0.5336312414498015;0.5007407407407407;0.23600000000000018;6.0088888888888885;0.5007407407407407;1.0;0.23650000000000018;12.0;1.0;0.5007407407407407;0.23600000000000018;6.0088888888888885;0.5007407407407407;Now
23:42:03 19/05/2020;Tuesday;0.2368;0.23700000000000018;1.0;0.4415880433163921;0.5251600869514833;0.5599074074074074;0.23700000000000018;6.7188888888888885;0.5599074074074074;1.0;0.23800000000000018;12.0;1.0;0.5599074074074074;0.23700000000000018;6.7188888888888885;0.5599074074074074;Now
06:25:11 20/05/2020;Wednesday;0.2385;0.23900000000000018;1.0;0.4393176527297757;0.5081523628766196;0.4654861111111111;0.23900000000000018;5.585833333333333;0.4654861111111111;1.0;0.23950000000000018;12.0;1.0;1.0;0.23950000000000018;12.0;1.0;Now
12:00:20 20/05/2020;Wednesday;0.2392;0.24000000000000019;1.0;0.4381780460041327;0.4996154543561873;0.5949074074074074;0.24000000000000019;7.138888888888889;0.5949074074074074;1.0;0.2410000000000002;12.0;1.0;0.5949074074074074;0.24000000000000019;7.138888888888889;0.5949074074074074;Now
19:08:40 20/05/2020;Wednesday;0.2414;0.2420000000000002;1.0;0.4358898943540671;0.48247468036991203;0.6046759259259259;0.2420000000000002;5.306388888888889;0.44219907407407405;1.0;0.24266666666666684;12.0;1.0;0.6046759259259259;0.2420000000000002;5.306388888888889;0.44219907407407405;Now
00:27:03 21/05/2020;Thursday;0.2423;0.2430000000000002;1.0;0.4347413023856829;0.4738704624930243;1.0;0.2430000000000002;12.0;1.0;1.0;0.2430000000000002;12.0;1.0;1.0;0.2430000000000002;12.0;1.0;Now
05:11:41 21/05/2020;Thursday;0.2415;0.2430000000000002;1.0;0.4347413023856829;0.4738704624930243;1.0;0.2430000000000002;12.0;1.0;1.0;0.2425000000000002;12.0;1.0;1.0;0.2430000000000002;12.0;1.0;Now
15:40:42 21/05/2020;Thursday;0.2417;0.2420000000000002;1.0;0.4358898943540671;0.48247468036991203;0.5831712962962963;0.2420000000000002;6.998055555555555;0.5831712962962963;1.0;0.2430000000000002;12.0;1.0;0.5831712962962963;0.2420000000000002;6.998055555555555;0.5831712962962963;Now
22:40:35 21/05/2020;Thursday;0.2437;0.2440000000000002;1.0;0.43358966777357577;0.46524345186620025;0.41944444444444445;0.2440000000000002;5.033333333333333;0.41944444444444445;1.0;0.24566666666666684;12.0;1.0;0.9432870370370371;0.2445000000000002;11.319444444444445;0.9432870370370371;Now
03:42:35 22/05/2020;Friday;0.2443;0.2450000000000002;1.0;0.43243496620879285;0.45659346638863135;0.5238425925925926;0.2450000000000002;6.286111111111111;0.5238425925925926;1.0;0.2480000000000002;12.0;1.0;0.5238425925925926;0.2450000000000002;6.286111111111111;0.5238425925925926;Now
09:59:45 22/05/2020;Friday;0.2472;0.2480000000000002;1.0;0.4289522117905441;0.4305038029997591;0.46608796296296295;0.2480000000000002;5.593055555555556;0.46608796296296295;1.0;0.2503333333333335;12.0;1.0;0.9784490740740741;0.24950000000000017;11.741388888888888;0.9784490740740741;Now
15:35:20 22/05/2020;Friday;0.2505;0.25100000000000017;1.0;0.42544094772365276;0.40420057096748113;0.5123611111111112;0.25100000000000017;6.148333333333333;0.5123611111111112;1.0;0.25150000000000017;12.0;1.0;0.5123611111111112;0.25100000000000017;6.148333333333333;0.5123611111111112;Now
21:44:14 22/05/2020;Friday;0.2515;0.25200000000000017;1.0;0.4242640687119283;0.3953844520058808;0.4894675925925926;0.25200000000000017;5.873611111111111;0.4894675925925926;1.0;0.25300000000000017;12.0;1.0;1.0;0.25300000000000017;12.0;1.0;Now
03:36:39 23/05/2020;Saturday;0.2539;0.25400000000000017;1.0;0.4219004621945795;0.3776784380250321;0.5241666666666667;0.25400000000000017;6.29;0.5241666666666667;1.0;0.25600000000000017;12.0;1.0;0.5241666666666667;0.25400000000000017;6.29;0.5241666666666667;Now
09:54:03 23/05/2020;Saturday;0.2574;0.2580000000000002;1.0;0.41713307229228397;0.3419654411100956;0.617800925925926;0.2580000000000002;7.413611111111111;0.617800925925926;1.0;0.2595000000000002;12.0;1.0;0.617800925925926;0.2580000000000002;7.413611111111111;0.617800925925926;Now
17:18:52 23/05/2020;Saturday;0.261;0.2610000000000002;1.0;0.41352146256270644;0.3149105096331774;0.5821296296296297;0.2610000000000002;6.985555555555556;0.5821296296296297;1.0;0.2620000000000002;12.0;1.0;0.5821296296296297;0.2610000000000002;6.985555555555556;0.5821296296296297;Now
00:18:00 24/05/2020;Sunday;0.2627;0.2630000000000002;1.0;0.4110960958218891;0.29674184361098094;0.5591203703703703;0.2630000000000002;6.709444444444444;0.5591203703703703;1.0;0.2650000000000002;12.0;1.0;0.5591203703703703;0.2630000000000002;6.709444444444444;0.5591203703703703;Now
07:00:34 24/05/2020;Sunday;0.2662;0.2670000000000002;1.0;0.4062019202317978;0.2600790823658962;0.4878240740740741;0.2670000000000002;5.853888888888889;0.4878240740740741;1.0;0.2680000000000002;12.0;1.0;1.0;0.2680000000000002;12.0;1.0;Now
12:51:48 24/05/2020;Sunday;0.2689;0.2690000000000002;1.0;0.40373258476372675;0.24158104218867013;0.5711574074074074;0.2690000000000002;6.853888888888889;0.5711574074074074;1.0;0.2710000000000002;12.0;1.0;0.5711574074074074;0.2690000000000002;6.853888888888889;0.5711574074074074;Now
19:43:02 24/05/2020;Sunday;0.2706;0.2710000000000002;1.0;0.40124805295477733;0.22296916469458303;0.407337962962963;0.2710000000000002;4.888055555555556;0.407337962962963;1.0;0.2730000000000002;12.0;1.0;0.9782175925925926;0.2720000000000002;11.738611111111112;0.9782175925925926;Now
00:36:19 25/05/2020;Monday;0.2725;0.2730000000000002;1.0;0.3987480407475375;0.20424132198101147;0.5708796296296297;0.2730000000000002;6.850555555555555;0.5708796296296297;1.0;0.2740000000000002;12.0;1.0;0.5708796296296297;0.2730000000000002;6.850555555555555;0.5708796296296297;Now
07:27:21 25/05/2020;Monday;0.2749;0.2750000000000002;1.0;0.3962322551231787;0.18539531901446046;0.44224537037037037;0.2750000000000002;5.3069444444444445;0.44224537037037037;1.0;0.2760000000000002;12.0;1.0;1.0;0.2760000000000002;12.0;1.0;Now
12:45:46 25/05/2020;Monday;0.2767;0.2770000000000002;1.0;0.3937003937005903;0.16642889062763822;0.5828009259259259;0.2770000000000002;6.993611111111111;0.5828009259259259;1.0;0.2780000000000002;12.0;1.0;0.5828009259259259;0.2770000000000002;6.993611111111111;0.5828009259259259;Now
19:45:23 25/05/2020;Monday;0.2784;0.2790000000000002;1.0;0.39115214431215867;0.14733969834157667;0.5942824074074075;0.2790000000000002;7.131388888888889;0.5942824074074075;1.0;0.2795000000000002;12.0;1.0;0.5942824074074075;0.2790000000000002;7.131388888888889;0.5942824074074075;Now
02:53:16 26/05/2020;Tuesday;0.2793;0.2800000000000002;1.0;0.3898717737923583;0.13774831409134194;1.0;0.2800000000000002;12.0;1.0;1.0;0.2800000000000002;12.0;1.0;1.0;0.2800000000000002;12.0;1.0;Now
09:52:26 26/05/2020;Tuesday;0.2773;0.2800000000000002;1.0;0.3898717737923583;0.13774831409134194;1.0;0.2800000000000002;12.0;1.0;1.0;0.2790000000000002;12.0;1.0;1.0;0.2790000000000002;12.0;1.0;Now
15:28:07 26/05/2020;Tuesday;0.2779;0.2780000000000002;1.0;0.3924283374069714;0.1568997890813682;1.0;0.2780000000000002;12.0;1.0;1.0;0.2780000000000002;12.0;1.0;1.0;0.2780000000000002;12.0;1.0;Now
22:26:20 26/05/2020;Tuesday;0.2778;0.2780000000000002;1.0;0.3924283374069714;0.1568997890813682;1.0;0.2780000000000002;12.0;1.0;1.0;0.2780000000000002;12.0;1.0;1.0;0.2780000000000002;12.0;1.0;Now
05:51:28 27/05/2020;Wednesday;0.2763;0.2780000000000002;1.0;0.3924283374069714;0.1568997890813682;0.4646064814814815;0.2780000000000002;5.575277777777778;0.4646064814814815;1.0;0.2790000000000002;12.0;1.0;0.4646064814814815;0.2780000000000002;5.575277777777778;0.4646064814814815;Now
11:25:59 27/05/2020;Wednesday;0.2787;0.2790000000000002;1.0;0.39115214431215867;0.14733969834157667;0.44298611111111114;0.2790000000000002;5.315833333333333;0.44298611111111114;1.0;0.2795000000000002;12.0;1.0;1.0;0.2795000000000002;12.0;1.0;Now
16:44:56 27/05/2020;Wednesday;0.2793;0.2800000000000002;1.0;0.3898717737923583;0.13774831409134194;0.6058564814814815;0.2800000000000002;7.270277777777777;0.6058564814814815;1.0;0.2810000000000002;12.0;1.0;0.6058564814814815;0.2800000000000002;7.270277777777777;0.6058564814814815;Now
00:01:09 28/05/2020;Thursday;0.2817;0.2820000000000002;1.0;0.3872983346207414;0.11847042260768581;0.5472453703703704;0.2820000000000002;6.566944444444444;0.5472453703703704;1.0;0.2840000000000002;12.0;1.0;0.5472453703703704;0.2820000000000002;6.566944444444444;0.5472453703703704;Now
06:35:10 28/05/2020;Thursday;0.286;0.2860000000000002;1.0;0.3820994634908557;0.07952515644991653;0.6281712962962963;0.2860000000000002;7.538055555555555;0.6281712962962963;1.0;0.2865000000000002;12.0;1.0;0.6281712962962963;0.2860000000000002;7.538055555555555;0.6281712962962963;Now
14:07:27 28/05/2020;Thursday;0.2865;0.2870000000000002;1.0;0.38078865529319517;0.06970576049562631;1.0;0.2870000000000002;12.0;1.0;1.0;0.2870000000000002;12.0;1.0;1.0;0.2870000000000002;12.0;1.0;Now
21:01:54 28/05/2020;Thursday;0.2867;0.2870000000000002;1.0;0.38078865529319517;0.06970576049562631;1.0;0.2870000000000002;12.0;1.0;1.0;0.2870000000000002;12.0;1.0;1.0;0.2870000000000002;12.0;1.0;Now
02:37:59 29/05/2020;Friday;0.2856;0.2870000000000002;1.0;0.38078865529319517;0.06970576049562631;1.0;0.2870000000000002;12.0;1.0;1.0;0.2865000000000002;12.0;1.0;1.0;0.2870000000000002;12.0;1.0;Now
09:28:36 29/05/2020;Friday;0.2813;0.2860000000000002;1.0;0.3820994634908557;0.07952515644991653;1.0;0.2860000000000002;12.0;1.0;1.0;0.2833333333333335;12.0;1.0;1.0;0.2860000000000002;12.0;1.0;Now
14:46:50 29/05/2020;Friday;0.2809;0.2820000000000002;1.0;0.3872983346207414;0.11847042260768581;1.0;0.2820000000000002;12.0;1.0;1.0;0.2816666666666669;12.0;1.0;1.0;0.2820000000000002;12.0;1.0;Now
20:13:27 29/05/2020;Friday;0.279;0.2820000000000002;1.0;0.3872983346207414;0.11847042260768581;1.0;0.2820000000000002;12.0;1.0;1.0;0.28066666666666684;12.0;1.0;1.0;0.2820000000000002;12.0;1.0;Now
02:30:43 30/05/2020;Saturday;0.2762;0.2810000000000002;1.0;0.3885871845545087;0.1281253270001886;1.0;0.2810000000000002;12.0;1.0;1.0;0.2790000000000002;12.0;1.0;1.0;0.2800000000000002;12.0;1.0;Now
07:25:32 30/05/2020;Saturday;0.2707;0.2790000000000002;1.0;0.39115214431215867;0.14733969834157667;1.0;0.2790000000000002;12.0;1.0;1.0;0.2756666666666669;12.0;1.0;1.0;0.2780000000000002;12.0;1.0;Now
12:35:40 30/05/2020;Saturday;0.2641;0.2770000000000002;1.0;0.3937003937005903;0.16642889062763822;1.0;0.2770000000000002;12.0;1.0;1.0;0.2740000000000002;12.0;1.0;1.0;0.2770000000000002;12.0;1.0;Now
18:52:44 30/05/2020;Saturday;0.2572;0.2710000000000002;1.0;0.40124805295477733;0.22296916469458303;1.0;0.2710000000000002;12.0;1.0;1.0;0.2645000000000002;12.0;1.0;1.0;0.2710000000000002;12.0;1.0;Now
01:35:29 31/05/2020;Sunday;0.2542;0.2580000000000002;1.0;0.41713307229228397;0.3419654411100956;1.0;0.2580000000000002;12.0;1.0;1.0;0.2565000000000002;12.0;1.0;1.0;0.2580000000000002;12.0;1.0;Now
08:09:47 31/05/2020;Sunday;0.2535;0.25500000000000017;1.0;0.42071367935925236;0.368788128525419;1.0;0.25500000000000017;12.0;1.0;1.0;0.25450000000000017;12.0;1.0;1.0;0.25500000000000017;12.0;1.0;Now
15:08:27 31/05/2020;Sunday;0.2524;0.25400000000000017;1.0;0.4219004621945795;0.3776784380250321;0.5486111111111112;0.25400000000000017;6.583333333333333;0.5486111111111112;1.0;0.2546666666666668;12.0;1.0;0.5486111111111112;0.25400000000000017;6.583333333333333;0.5486111111111112;Now
21:43:27 31/05/2020;Sunday;0.2545;0.25500000000000017;1.0;0.42071367935925236;0.368788128525419;0.4878472222222222;0.25500000000000017;5.854166666666667;0.4878472222222222;1.0;0.25550000000000017;12.0;1.0;0.4878472222222222;0.25500000000000017;5.854166666666667;0.4878472222222222;Now
21:43:27 31/05/2020;Sunday;0.2545;0.25500000000000017;1.0;0.42071367935925236;0.368788128525419;0.4878472222222222;0.25500000000000017;5.854166666666667;0.4878472222222222;1.0;0.2556666666666669;12.0;1.0;0.4878472222222222;0.25500000000000017;5.854166666666667;0.4878472222222222;Now
03:34:42 01/06/2020;Monday;0.2559;0.25600000000000017;1.0;0.4195235392680604;0.35987266948469426;0.8972453703703703;0.25600000000000017;10.766944444444444;0.8972453703703703;1.0;0.2563333333333335;12.0;1.0;0.8972453703703703;0.25600000000000017;10.766944444444444;0.8972453703703703;Now
08:45:25 01/06/2020;Monday;0.2558;0.25600000000000017;1.0;0.4195235392680604;0.35987266948469426;0.46569444444444447;0.25600000000000017;5.588333333333333;0.46569444444444447;1.0;0.2565000000000002;12.0;1.0;1.0;0.2565000000000002;12.0;1.0;Now
14:20:43 01/06/2020;Monday;0.2565;0.2570000000000002;1.0;0.41833001326703756;0.3509318462531181;1.0;0.2570000000000002;12.0;1.0;1.0;0.2570000000000002;12.0;1.0;1.0;0.2570000000000002;12.0;1.0;Now
21:28:31 01/06/2020;Monday;0.2539;0.2570000000000002;1.0;0.41833001326703756;0.3509318462531181;1.0;0.2570000000000002;12.0;1.0;1.0;0.25500000000000017;12.0;1.0;1.0;0.25550000000000017;12.0;1.0;Now
02:30:16 02/06/2020;Tuesday;0.2522;0.25400000000000017;1.0;0.4219004621945795;0.3776784380250321;1.0;0.25400000000000017;12.0;1.0;1.0;0.25400000000000017;12.0;1.0;1.0;0.25400000000000017;12.0;1.0;Now
08:56:59 02/06/2020;Tuesday;0.2507;0.25400000000000017;1.0;0.4219004621945795;0.3776784380250321;1.0;0.25400000000000017;12.0;1.0;1.0;0.25250000000000017;12.0;1.0;1.0;0.25400000000000017;12.0;1.0;Now
16:20:41 02/06/2020;Tuesday;0.251;0.25100000000000017;1.0;0.42544094772365276;0.40420057096748113;0.40078703703703705;0.25100000000000017;4.809444444444445;0.40078703703703705;1.0;0.2546666666666668;12.0;1.0;0.9324768518518518;0.25250000000000017;11.189722222222223;0.9324768518518518;Now
21:09:15 02/06/2020;Tuesday;0.2537;0.25400000000000017;1.0;0.4219004621945795;0.3776784380250321;0.5316898148148148;0.25400000000000017;6.380277777777778;0.5316898148148148;1.0;0.25733333333333347;12.0;1.0;0.5316898148148148;0.25400000000000017;6.380277777777778;0.5316898148148148;Now
03:32:04 03/06/2020;Wednesday;0.2584;0.2590000000000002;1.0;0.4159326868617082;0.33297323320231664;1.0;0.2590000000000002;12.0;1.0;1.0;0.2590000000000002;12.0;1.0;1.0;0.2590000000000002;12.0;1.0;Now
08:35:13 03/06/2020;Wednesday;0.2572;0.2590000000000002;1.0;0.4159326868617082;0.33297323320231664;1.0;0.2590000000000002;12.0;1.0;1.0;0.2586666666666668;12.0;1.0;1.0;0.2590000000000002;12.0;1.0;Now
13:37:09 03/06/2020;Wednesday;0.2571;0.2590000000000002;1.0;0.4159326868617082;0.33297323320231664;1.0;0.2590000000000002;12.0;1.0;1.0;0.2585000000000002;12.0;1.0;1.0;0.2590000000000002;12.0;1.0;Now
19:37:37 03/06/2020;Wednesday;0.257;0.2580000000000002;1.0;0.41713307229228397;0.3419654411100956;1.0;0.2580000000000002;12.0;1.0;1.0;0.2575000000000002;12.0;1.0;1.0;0.2580000000000002;12.0;1.0;Now
01:46:21 04/06/2020;Thursday;0.2552;0.2570000000000002;1.0;0.41833001326703756;0.3509318462531181;0.9448842592592592;0.2570000000000002;11.338611111111112;0.9448842592592592;1.0;0.25733333333333347;12.0;1.0;0.9448842592592592;0.2570000000000002;11.338611111111112;0.9448842592592592;Now
07:47:06 04/06/2020;Thursday;0.2563;0.2570000000000002;1.0;0.41833001326703756;0.3509318462531181;0.44384259259259257;0.2570000000000002;5.3261111111111115;0.44384259259259257;1.0;0.2575000000000002;12.0;1.0;1.0;0.2575000000000002;12.0;1.0;Now
13:06:40 04/06/2020;Thursday;0.2578;0.2580000000000002;1.0;0.41713307229228397;0.3419654411100956;1.0;0.2580000000000002;12.0;1.0;1.0;0.2580000000000002;12.0;1.0;1.0;0.2580000000000002;12.0;1.0;Now
19:48:55 04/06/2020;Thursday;0.2558;0.2580000000000002;1.0;0.41713307229228397;0.3419654411100956;1.0;0.2580000000000002;12.0;1.0;1.0;0.2566666666666668;12.0;1.0;1.0;0.2580000000000002;12.0;1.0;Now
01:58:25 05/06/2020;Friday;0.2546;0.25600000000000017;1.0;0.4195235392680604;0.35987266948469426;1.0;0.25600000000000017;12.0;1.0;1.0;0.2556666666666669;12.0;1.0;1.0;0.25600000000000017;12.0;1.0;Now
06:44:48 05/06/2020;Friday;0.2515;0.25600000000000017;1.0;0.4195235392680604;0.35987266948469426;1.0;0.25600000000000017;12.0;1.0;1.0;0.2543333333333335;12.0;1.0;1.0;0.25550000000000017;12.0;1.0;Now
11:20:59 05/06/2020;Friday;0.2469;0.25500000000000017;1.0;0.42071367935925236;0.368788128525419;1.0;0.25500000000000017;12.0;1.0;1.0;0.25350000000000017;12.0;1.0;1.0;0.25350000000000017;12.0;1.0;Now
16:40:14 05/06/2020;Friday;0.2455;0.25200000000000017;1.0;0.4242640687119283;0.3953844520058808;1.0;0.25200000000000017;12.0;1.0;1.0;0.25000000000000017;12.0;1.0;1.0;0.25200000000000017;12.0;1.0;Now
02:36:53 06/06/2020;Saturday;0.2479;0.2480000000000002;1.0;0.4289522117905441;0.4305038029997591;1.0;0.2480000000000002;12.0;1.0;1.0;0.2480000000000002;12.0;1.0;1.0;0.2480000000000002;12.0;1.0;Now
08:45:01 06/06/2020;Saturday;0.2465;0.2480000000000002;1.0;0.4289522117905441;0.4305038029997591;1.0;0.2480000000000002;12.0;1.0;1.0;0.2475000000000002;12.0;1.0;1.0;0.2480000000000002;12.0;1.0;Now
15:45:03 06/06/2020;Saturday;0.2455;0.2470000000000002;1.0;0.4301162633521311;0.43922383024312894;1.0;0.2470000000000002;12.0;1.0;1.0;0.2465000000000002;12.0;1.0;1.0;0.2470000000000002;12.0;1.0;Now
22:44:35 06/06/2020;Saturday;0.245;0.2460000000000002;1.0;0.4312771730569563;0.447920321521717;1.0;0.2460000000000002;12.0;1.0;1.0;0.2455000000000002;12.0;1.0;1.0;0.2460000000000002;12.0;1.0;Now
05:44:34 07/06/2020;Sunday;0.2429;0.2450000000000002;1.0;0.43243496620879285;0.45659346638863135;1.0;0.2450000000000002;12.0;1.0;1.0;0.24366666666666684;12.0;1.0;1.0;0.2450000000000002;12.0;1.0;Now
11:53:30 07/06/2020;Sunday;0.2411;0.2430000000000002;1.0;0.4347413023856829;0.4738704624930243;1.0;0.2430000000000002;12.0;1.0;1.0;0.24266666666666684;12.0;1.0;1.0;0.2430000000000002;12.0;1.0;Now
17:12:58 07/06/2020;Sunday;0.2402;0.2430000000000002;1.0;0.4347413023856829;0.4738704624930243;1.0;0.2430000000000002;12.0;1.0;1.0;0.2425000000000002;12.0;1.0;1.0;0.2425000000000002;12.0;1.0;Now
23:05:39 07/06/2020;Sunday;0.24;0.2420000000000002;1.0;0.4358898943540671;0.48247468036991203;1.0;0.2420000000000002;12.0;1.0;1.0;0.24066666666666683;12.0;1.0;1.0;0.2420000000000002;12.0;1.0;Now
05:31:21 08/06/2020;Monday;0.2384;0.24000000000000019;1.0;0.4381780460041327;0.4996154543561873;1.0;0.24000000000000019;12.0;1.0;1.0;0.24000000000000019;12.0;1.0;1.0;0.24000000000000019;12.0;1.0;Now
10:17:06 08/06/2020;Monday;0.2382;0.24000000000000019;1.0;0.4381780460041327;0.4996154543561873;1.0;0.24000000000000019;12.0;1.0;1.0;0.24000000000000019;12.0;1.0;1.0;0.24000000000000019;12.0;1.0;Now
15:27:07 08/06/2020;Monday;0.2392;0.24000000000000019;1.0;0.4381780460041327;0.4996154543561873;0.5953472222222222;0.24000000000000019;7.144166666666667;0.5953472222222222;1.0;0.24050000000000019;12.0;1.0;0.5953472222222222;0.24000000000000019;7.144166666666667;0.5953472222222222;Now
22:35:46 08/06/2020;Monday;0.2409;0.2410000000000002;1.0;0.4370354676682429;0.49105628520472844;0.5829166666666666;0.2410000000000002;6.995;0.5829166666666666;1.0;0.2425000000000002;12.0;1.0;0.5829166666666666;0.2410000000000002;6.995;0.5829166666666666;Now
05:35:28 09/06/2020;Tuesday;0.2433;0.2440000000000002;1.0;0.43358966777357577;0.46524345186620025;0.4903472222222222;0.2440000000000002;5.884166666666666;0.4903472222222222;1.0;0.24566666666666684;12.0;1.0;0.4903472222222222;0.2440000000000002;5.884166666666666;0.4903472222222222;Now
11:28:31 09/06/2020;Tuesday;0.246;0.2460000000000002;1.0;0.4312771730569563;0.447920321521717;0.3841898148148148;0.2460000000000002;4.610277777777778;0.3841898148148148;1.0;0.24666666666666684;12.0;1.0;1.0;0.2465000000000002;12.0;1.0;Now
16:05:08 09/06/2020;Tuesday;0.2466;0.2470000000000002;1.0;0.4301162633521311;0.43922383024312894;1.0;0.2470000000000002;12.0;1.0;1.0;0.2470000000000002;12.0;1.0;1.0;0.2470000000000002;12.0;1.0;Now
23:21:56 09/06/2020;Tuesday;0.2461;0.2470000000000002;1.0;0.4301162633521311;0.43922383024312894;1.0;0.2470000000000002;12.0;1.0;1.0;0.2470000000000002;12.0;1.0;1.0;0.2470000000000002;12.0;1.0;Now
01:17:08 10/06/2020;Wednesday;0.2461;0.2470000000000002;1.0;0.4301162633521311;0.43922383024312894;1.0;0.2470000000000002;12.0;1.0;1.0;0.2470000000000002;12.0;1.0;1.0;0.2470000000000002;12.0;1.0;Now
04:40:56 10/06/2020;Wednesday;0.2469;0.2470000000000002;1.0;0.4301162633521311;0.43922383024312894;1.0;0.2470000000000002;12.0;1.0;1.0;0.2470000000000002;12.0;1.0;1.0;0.2470000000000002;12.0;1.0;Now
10:57:54 10/06/2020;Wednesday;0.2448;0.2470000000000002;1.0;0.4301162633521311;0.43922383024312894;1.0;0.2470000000000002;12.0;1.0;1.0;0.2470000000000002;12.0;1.0;1.0;0.2470000000000002;12.0;1.0;Now
15:35:32 10/06/2020;Wednesday;0.2458;0.2470000000000002;1.0;0.4301162633521311;0.43922383024312894;0.6230555555555556;0.2470000000000002;7.476666666666667;0.6230555555555556;1.0;0.2475000000000002;12.0;1.0;0.6230555555555556;0.2470000000000002;7.476666666666667;0.6230555555555556;Now
23:04:08 10/06/2020;Wednesday;0.2474;0.2480000000000002;1.0;0.4289522117905441;0.4305038029997591;1.0;0.2480000000000002;12.0;1.0;1.0;0.2480000000000002;12.0;1.0;1.0;0.2480000000000002;12.0;1.0;Now
04:15:50 11/06/2020;Thursday;0.2469;0.2480000000000002;1.0;0.4289522117905441;0.4305038029997591;0.909074074074074;0.2480000000000002;10.908888888888889;0.909074074074074;1.0;0.24833333333333352;12.0;1.0;0.909074074074074;0.2480000000000002;10.908888888888889;0.909074074074074;Now
08:52:29 11/06/2020;Thursday;0.2467;0.2480000000000002;1.0;0.4289522117905441;0.4305038029997591;0.5248379629629629;0.2480000000000002;6.298055555555556;0.5248379629629629;1.0;0.2490000000000002;12.0;1.0;0.5248379629629629;0.2480000000000002;6.298055555555556;0.5248379629629629;Now
15:10:22 11/06/2020;Thursday;0.2485;0.2490000000000002;1.0;0.4277849927241485;0.421760047659511;0.4197916666666667;0.2490000000000002;5.0375;0.4197916666666667;1.0;0.2506666666666668;12.0;1.0;0.9791435185185186;0.24950000000000017;11.749722222222223;0.9791435185185186;Now
20:12:37 11/06/2020;Thursday;0.2496;0.25000000000000017;1.0;0.42661458015403064;0.4129923694619095;0.5593518518518519;0.25000000000000017;6.7122222222222225;0.5593518518518519;1.0;0.25150000000000017;12.0;1.0;0.5593518518518519;0.25000000000000017;6.7122222222222225;0.5593518518518519;Now
02:55:21 12/06/2020;Friday;0.2526;0.25300000000000017;1.0;0.4230839160261234;0.38654380962271623;0.4558564814814815;0.25300000000000017;5.470277777777778;0.4558564814814815;1.0;0.25500000000000017;12.0;1.0;1.0;0.25500000000000017;12.0;1.0;Now
08:23:34 12/06/2020;Friday;0.2568;0.2570000000000002;1.0;0.41833001326703756;0.3509318462531181;0.5585185185185185;0.2570000000000002;6.702222222222222;0.5585185185185185;1.0;0.2585000000000002;12.0;1.0;0.5585185185185185;0.2570000000000002;6.702222222222222;0.5585185185185185;Now
15:05:42 12/06/2020;Friday;0.2599;0.2600000000000002;1.0;0.4147288270665542;0.3239549984802835;0.46782407407407406;0.2600000000000002;5.613888888888889;0.46782407407407406;1.0;0.2605000000000002;12.0;1.0;1.0;0.2605000000000002;12.0;1.0;Now
20:42:32 12/06/2020;Friday;0.2603;0.2610000000000002;1.0;0.41352146256270644;0.3149105096331774;0.5361111111111111;0.2610000000000002;6.433333333333334;0.5361111111111111;1.0;0.2615000000000002;12.0;1.0;0.5361111111111111;0.2610000000000002;6.433333333333334;0.5361111111111111;Now
03:08:32 13/06/2020;Saturday;0.2619;0.2620000000000002;1.0;0.41231056256176585;0.3058395360220059;0.5824537037037038;0.2620000000000002;6.989444444444445;0.5824537037037038;1.0;0.2650000000000002;12.0;1.0;0.5824537037037038;0.2620000000000002;6.989444444444445;0.5824537037037038;Now
10:07:54 13/06/2020;Saturday;0.268;0.2680000000000002;1.0;0.4049691346263315;0.25084416149156263;0.5486805555555555;0.2680000000000002;6.5841666666666665;0.5486805555555555;1.0;0.2700000000000002;12.0;1.0;0.5486805555555555;0.2680000000000002;6.5841666666666665;0.5486805555555555;Now
16:42:57 13/06/2020;Saturday;0.2715;0.2720000000000002;1.0;0.39999999999999974;0.21361987457208056;0.5133101851851852;0.2720000000000002;6.159722222222222;0.5133101851851852;1.0;0.2736666666666669;12.0;1.0;0.5133101851851852;0.2720000000000002;6.159722222222222;0.5133101851851852;Now
22:52:32 13/06/2020;Saturday;0.2739;0.2740000000000002;1.0;0.39749213828703556;0.1948332304221963;0.4867361111111111;0.2740000000000002;4.8875;0.40729166666666666;1.0;0.27466666666666684;12.0;1.0;1.0;0.2745000000000002;12.0;1.0;Now
03:45:47 14/06/2020;Sunday;0.2745;0.2750000000000002;1.0;0.3962322551231787;0.18539531901446046;1.0;0.2750000000000002;12.0;1.0;1.0;0.2750000000000002;12.0;1.0;1.0;0.2750000000000002;12.0;1.0;Now
09:55:20 14/06/2020;Sunday;0.2734;0.2750000000000002;1.0;0.3962322551231787;0.18539531901446046;1.0;0.2750000000000002;12.0;1.0;1.0;0.2750000000000002;12.0;1.0;1.0;0.2750000000000002;12.0;1.0;Now
15:31:56 14/06/2020;Sunday;0.2746;0.2750000000000002;1.0;0.3962322551231787;0.18539531901446046;1.0;0.2750000000000002;12.0;1.0;1.0;0.2750000000000002;12.0;1.0;1.0;0.2750000000000002;12.0;1.0;Now
22:56:20 14/06/2020;Sunday;0.2747;0.2750000000000002;1.0;0.3962322551231787;0.18539531901446046;0.6195601851851852;0.2750000000000002;7.434722222222222;0.6195601851851852;1.0;0.2755000000000002;12.0;1.0;0.6195601851851852;0.2750000000000002;7.434722222222222;0.6195601851851852;Now
06:22:25 15/06/2020;Monday;0.2757;0.2760000000000002;1.0;0.39496835316262974;0.17592730239678586;0.45310185185185187;0.2760000000000002;5.437222222222222;0.45310185185185187;1.0;0.2770000000000002;12.0;1.0;0.45310185185185187;0.2760000000000002;5.437222222222222;0.45310185185185187;Now
11:48:39 15/06/2020;Monday;0.2767;0.2770000000000002;1.0;0.3937003937005903;0.16642889062763822;0.5469675925925926;0.2770000000000002;5.745555555555556;0.4787962962962963;1.0;0.2776666666666669;12.0;1.0;0.5469675925925926;0.2770000000000002;5.745555555555556;0.4787962962962963;Now
17:33:23 15/06/2020;Monday;0.2773;0.2780000000000002;1.0;0.3924283374069714;0.1568997890813682;1.0;0.2780000000000002;12.0;1.0;1.0;0.2780000000000002;12.0;1.0;1.0;0.2780000000000002;12.0;1.0;Now
22:59:34 15/06/2020;Monday;0.2768;0.2780000000000002;1.0;0.3924283374069714;0.1568997890813682;1.0;0.2780000000000002;12.0;1.0;1.0;0.2780000000000002;12.0;1.0;1.0;0.2780000000000002;12.0;1.0;Now
05:09:41 16/06/2020;Tuesday;0.2767;0.2780000000000002;1.0;0.3924283374069714;0.1568997890813682;0.5950231481481482;0.2780000000000002;7.1402777777777775;0.5950231481481482;1.0;0.2785000000000002;12.0;1.0;0.5950231481481482;0.2780000000000002;7.1402777777777775;0.5950231481481482;Now
12:18:06 16/06/2020;Tuesday;0.2782;0.2790000000000002;1.0;0.39115214431215867;0.14733969834157667;1.0;0.2790000000000002;12.0;1.0;1.0;0.2790000000000002;12.0;1.0;1.0;0.2790000000000002;12.0;1.0;Now
18:48:47 16/06/2020;Tuesday;0.2789;0.2790000000000002;1.0;0.39115214431215867;0.14733969834157667;0.5372222222222223;0.2790000000000002;6.446666666666666;0.5372222222222223;1.0;0.2800000000000002;12.0;1.0;0.5372222222222223;0.2790000000000002;6.446666666666666;0.5372222222222223;Now
01:15:35 17/06/2020;Wednesday;0.2801;0.2810000000000002;1.0;0.3885871845545087;0.1281253270001886;0.46625;0.2810000000000002;5.595;0.46625;1.0;0.2815000000000002;12.0;1.0;1.0;0.2815000000000002;12.0;1.0;Now
06:51:17 17/06/2020;Wednesday;0.2815;0.2820000000000002;1.0;0.3872983346207414;0.11847042260768581;0.6186342592592593;0.2820000000000002;7.423611111111111;0.6186342592592593;1.0;0.2830000000000002;12.0;1.0;0.6186342592592593;0.2820000000000002;7.423611111111111;0.6186342592592593;Now
14:16:42 17/06/2020;Wednesday;0.2837;0.2840000000000002;1.0;0.38470768123342663;0.09906357770408478;0.4778935185185185;0.2840000000000002;5.7347222222222225;0.4778935185185185;1.0;0.2853333333333335;12.0;1.0;0.4778935185185185;0.2840000000000002;5.7347222222222225;0.4778935185185185;Now
20:00:47 17/06/2020;Wednesday;0.2845;0.2850000000000002;1.0;0.38340579025361604;0.08931098152495286;0.44305555555555554;0.2850000000000002;5.316666666666666;0.44305555555555554;1.0;0.2870000000000002;12.0;1.0;0.44305555555555554;0.2850000000000002;5.316666666666666;0.44305555555555554;Now
01:19:47 18/06/2020;Thursday;0.2861;0.2870000000000002;1.0;0.38078865529319517;0.06970576049562631;0.45425925925925925;0.2870000000000002;5.4511111111111115;0.45425925925925925;1.0;0.2880000000000002;12.0;1.0;1.0;0.2880000000000002;12.0;1.0;Now
06:46:51 18/06/2020;Thursday;0.2887;0.2890000000000002;1.0;0.37815340802378045;0.04996485833921005;0.5483796296296296;0.2890000000000002;6.580555555555556;0.5483796296296296;1.0;0.2895000000000002;12.0;1.0;0.5483796296296296;0.2890000000000002;6.580555555555556;0.5483796296296296;Now
13:21:41 18/06/2020;Thursday;0.2892;0.2900000000000002;1.0;0.37682887362833517;0.040042638057733226;1.0;0.2900000000000002;12.0;1.0;1.0;0.2900000000000002;12.0;1.0;1.0;0.2900000000000002;12.0;1.0;Now
19:48:08 18/06/2020;Thursday;0.2886;0.2900000000000002;1.0;0.37682887362833517;0.040042638057733226;1.0;0.2900000000000002;12.0;1.0;1.0;0.2895000000000002;12.0;1.0;1.0;0.2900000000000002;12.0;1.0;Now
02:30:39 19/06/2020;Friday;0.2852;0.2890000000000002;1.0;0.37815340802378045;0.04996485833921005;1.0;0.2890000000000002;12.0;1.0;1.0;0.28833333333333355;12.0;1.0;1.0;0.2890000000000002;12.0;1.0;Now
08:14:49 19/06/2020;Friday;0.2869;0.2870000000000002;1.0;0.38078865529319517;0.06970576049562631;0.46655092592592595;0.2870000000000002;5.598611111111111;0.46655092592592595;1.0;0.28833333333333355;12.0;1.0;1.0;0.2880000000000002;12.0;1.0;Now
13:50:44 19/06/2020;Friday;0.2889;0.2890000000000002;1.0;0.37815340802378045;0.04996485833921005;1.0;0.2890000000000002;12.0;1.0;1.0;0.2890000000000002;12.0;1.0;1.0;0.2890000000000002;12.0;1.0;Now
19:51:57 19/06/2020;Friday;0.2882;0.2890000000000002;1.0;0.37815340802378045;0.04996485833921005;1.0;0.2890000000000002;12.0;1.0;1.0;0.2890000000000002;12.0;1.0;1.0;0.2890000000000002;12.0;1.0;Now
02:34:47 20/06/2020;Saturday;0.2879;0.2890000000000002;1.0;0.37815340802378045;0.04996485833921005;1.0;0.2890000000000002;12.0;1.0;1.0;0.2885000000000002;12.0;1.0;1.0;0.2890000000000002;12.0;1.0;Now
09:09:02 20/06/2020;Saturday;0.2861;0.2880000000000002;1.0;0.3794733192202053;0.05985244577216007;1.0;0.2880000000000002;12.0;1.0;1.0;0.2875000000000002;12.0;1.0;1.0;0.2880000000000002;12.0;1.0;Now
16:43:19 20/06/2020;Saturday;0.2864;0.2870000000000002;1.0;0.38078865529319517;0.06970576049562631;0.6050694444444444;0.2870000000000002;7.260833333333333;0.6050694444444444;1.0;0.2880000000000002;12.0;1.0;0.6050694444444444;0.2870000000000002;7.260833333333333;0.6050694444444444;Now
23:58:58 20/06/2020;Saturday;0.2889;0.2890000000000002;1.0;0.37815340802378045;0.04996485833921005;0.5249768518518518;0.2890000000000002;6.299722222222222;0.5249768518518518;1.0;0.2910000000000002;12.0;1.0;0.5249768518518518;0.2890000000000002;6.299722222222222;0.5249768518518518;Now
06:16:57 21/06/2020;Sunday;0.2915;0.2920000000000002;1.0;0.37416573867739383;0.020092826476089284;1.0;0.2920000000000002;12.0;1.0;1.0;0.2920000000000002;12.0;1.0;1.0;0.2920000000000002;12.0;1.0;Now
11:53:45 21/06/2020;Sunday;0.2916;0.2920000000000002;1.0;0.37416573867739383;0.020092826476089284;1.0;0.2920000000000002;12.0;1.0;1.0;0.2920000000000002;12.0;1.0;1.0;0.2920000000000002;12.0;1.0;Now
17:20:08 21/06/2020;Sunday;0.2913;0.2920000000000002;1.0;0.37416573867739383;0.020092826476089284;1.0;0.2920000000000002;12.0;1.0;1.0;0.2920000000000002;12.0;1.0;1.0;0.2920000000000002;12.0;1.0;Now
00:11:42 22/06/2020;Monday;0.2918;0.2920000000000002;1.0;0.37416573867739383;0.020092826476089284;0.47886574074074073;0.2920000000000002;5.746388888888889;0.47886574074074073;1.0;0.2930000000000002;12.0;1.0;0.47886574074074073;0.2920000000000002;5.746388888888889;0.47886574074074073;Now
05:56:29 22/06/2020;Monday;0.2929;0.2930000000000002;1.0;0.37282703764614467;0.010064482501957113;0.4509490740740741;0.2930000000000002;5.166111111111111;0.43050925925925926;1.0;0.2936666666666669;12.0;1.0;1.0;0.2935000000000002;12.0;1.0;Now
11:06:27 22/06/2020;Monday;0.2933;0.2940000000000002;1.0;0.37148351242013394;0.0;1.0;0.2940000000000002;12.0;1.0;1.0;0.2940000000000002;12.0;1.0;1.0;0.2940000000000002;12.0;1.0;Now
17:41:46 22/06/2020;Monday;0.2922;0.2940000000000002;1.0;0.37148351242013394;0.0;1.0;0.2940000000000002;12.0;1.0;1.0;0.2935000000000002;12.0;1.0;1.0;0.2940000000000002;12.0;1.0;Now
00:58:26 23/06/2020;Tuesday;0.2918;0.2930000000000002;1.0;0.37282703764614467;0.010064482501957113;0.6290277777777777;0.2930000000000002;7.548333333333333;0.6290277777777777;1.0;0.2935000000000002;12.0;1.0;0.6290277777777777;0.2930000000000002;7.548333333333333;0.6290277777777777;Now
08:31:20 23/06/2020;Tuesday;0.2936;0.2940000000000002;1.0;0.37148351242013394;0.0;1.0;0.2940000000000002;12.0;1.0;1.0;0.2940000000000002;12.0;1.0;1.0;0.2940000000000002;12.0;1.0;Now
13:59:44 23/06/2020;Tuesday;0.2925;0.2940000000000002;1.0;0.37148351242013394;0.0;1.0;0.2940000000000002;12.0;1.0;1.0;0.2936666666666669;12.0;1.0;1.0;0.2940000000000002;12.0;1.0;Now
20:10:41 23/06/2020;Tuesday;0.2915;0.2940000000000002;1.0;0.37148351242013394;0.0;1.0;0.2940000000000002;12.0;1.0;1.0;0.2933333333333335;12.0;1.0;1.0;0.2935000000000002;12.0;1.0;Now
01:00:49 24/06/2020;Wednesday;0.2922;0.2930000000000002;1.0;0.37282703764614467;0.010064482501957113;1.0;0.2930000000000002;12.0;1.0;1.0;0.2930000000000002;12.0;1.0;1.0;0.2930000000000002;12.0;1.0;Now
07:27:33 24/06/2020;Wednesday;0.2909;0.2930000000000002;1.0;0.37282703764614467;0.010064482501957113;1.0;0.2930000000000002;12.0;1.0;1.0;0.2920000000000002;12.0;1.0;1.0;0.2930000000000002;12.0;1.0;Now
13:37:10 24/06/2020;Wednesday;0.2908;0.2910000000000002;1.0;0.37549966711037147;0.030085418436889104;1.0;0.2910000000000002;12.0;1.0;1.0;0.2910000000000002;12.0;1.0;1.0;0.2910000000000002;12.0;1.0;Now
19:37:53 24/06/2020;Wednesday;0.2888;0.2910000000000002;1.0;0.37549966711037147;0.030085418436889104;1.0;0.2910000000000002;12.0;1.0;1.0;0.2910000000000002;12.0;1.0;1.0;0.2910000000000002;12.0;1.0;Now
00:23:27 25/06/2020;Thursday;0.2877;0.2910000000000002;1.0;0.37549966711037147;0.030085418436889104;1.0;0.2910000000000002;12.0;1.0;1.0;0.2895000000000002;12.0;1.0;1.0;0.2910000000000002;12.0;1.0;Now
07:39:19 25/06/2020;Thursday;0.2824;0.2880000000000002;1.0;0.3794733192202053;0.05985244577216007;1.0;0.2880000000000002;12.0;1.0;1.0;0.28466666666666685;12.0;1.0;1.0;0.2880000000000002;12.0;1.0;Now
12:50:32 25/06/2020;Thursday;0.2811;0.2830000000000002;1.0;0.3860051813123754;0.10878328120354358;1.0;0.2830000000000002;12.0;1.0;1.0;0.2830000000000002;12.0;1.0;1.0;0.2830000000000002;12.0;1.0;Now
18:09:33 25/06/2020;Thursday;0.2799;0.2830000000000002;1.0;0.3860051813123754;0.10878328120354358;1.0;0.2830000000000002;12.0;1.0;1.0;0.2830000000000002;12.0;1.0;1.0;0.2830000000000002;12.0;1.0;Now
01:43:28 26/06/2020;Friday;0.2824;0.2830000000000002;1.0;0.3860051813123754;0.10878328120354358;1.0;0.2830000000000002;12.0;1.0;1.0;0.2830000000000002;12.0;1.0;1.0;0.2830000000000002;12.0;1.0;Now
07:52:45 26/06/2020;Friday;0.2811;0.2830000000000002;1.0;0.3860051813123754;0.10878328120354358;1.0;0.2830000000000002;12.0;1.0;1.0;0.2825000000000002;12.0;1.0;1.0;0.2830000000000002;12.0;1.0;Now
14:10:31 26/06/2020;Friday;0.2802;0.2820000000000002;1.0;0.3872983346207414;0.11847042260768581;1.0;0.2820000000000002;12.0;1.0;1.0;0.2815000000000002;12.0;1.0;1.0;0.2820000000000002;12.0;1.0;Now
21:35:35 26/06/2020;Friday;0.2798;0.2810000000000002;1.0;0.3885871845545087;0.1281253270001886;1.0;0.2810000000000002;12.0;1.0;1.0;0.2810000000000002;12.0;1.0;1.0;0.2810000000000002;12.0;1.0;Now
03:03:45 27/06/2020;Saturday;0.2801;0.2810000000000002;1.0;0.3885871845545087;0.1281253270001886;1.0;0.2810000000000002;12.0;1.0;1.0;0.2810000000000002;12.0;1.0;1.0;0.2810000000000002;12.0;1.0;Now
08:39:22 27/06/2020;Saturday;0.2763;0.2810000000000002;1.0;0.3885871845545087;0.1281253270001886;1.0;0.2810000000000002;12.0;1.0;1.0;0.2790000000000002;12.0;1.0;1.0;0.2810000000000002;12.0;1.0;Now
16:13:04 27/06/2020;Saturday;0.2724;0.2770000000000002;1.0;0.3937003937005903;0.16642889062763822;1.0;0.2770000000000002;12.0;1.0;1.0;0.2750000000000002;12.0;1.0;1.0;0.2750000000000002;12.0;1.0;Now
21:48:44 27/06/2020;Saturday;0.2703;0.2730000000000002;1.0;0.3987480407475375;0.20424132198101147;1.0;0.2730000000000002;12.0;1.0;1.0;0.2720000000000002;12.0;1.0;1.0;0.2730000000000002;12.0;1.0;Now
04:31:40 28/06/2020;Sunday;0.266;0.2710000000000002;1.0;0.40124805295477733;0.22296916469458303;1.0;0.2710000000000002;12.0;1.0;1.0;0.2685000000000002;12.0;1.0;1.0;0.2710000000000002;12.0;1.0;Now
11:57:21 28/06/2020;Sunday;0.2614;0.2660000000000002;1.0;0.407430975749267;0.2692860607761431;1.0;0.2660000000000002;12.0;1.0;1.0;0.2640000000000002;12.0;1.0;1.0;0.2660000000000002;12.0;1.0;Now
18:40:56 28/06/2020;Sunday;0.2629;0.2630000000000002;1.0;0.4110960958218891;0.29674184361098094;0.9202546296296297;0.2630000000000002;11.043055555555556;0.9202546296296297;1.0;0.2633333333333335;12.0;1.0;0.9202546296296297;0.2630000000000002;11.043055555555556;0.9202546296296297;Now
23:51:28 28/06/2020;Sunday;0.2628;0.2630000000000002;1.0;0.4110960958218891;0.29674184361098094;0.6147453703703704;0.2630000000000002;5.8675;0.48895833333333333;1.0;0.2636666666666669;12.0;1.0;0.6147453703703704;0.2630000000000002;5.8675;0.48895833333333333;Now
05:43:31 29/06/2020;Monday;0.2635;0.2640000000000002;1.0;0.4098780306383837;0.28761719489706417;1.0;0.2640000000000002;12.0;1.0;1.0;0.2640000000000002;12.0;1.0;1.0;0.2640000000000002;12.0;1.0;Now
10:20:54 29/06/2020;Monday;0.2625;0.2640000000000002;1.0;0.4098780306383837;0.28761719489706417;0.9749305555555555;0.2640000000000002;11.699166666666667;0.9749305555555555;1.0;0.2646666666666668;12.0;1.0;0.9749305555555555;0.2640000000000002;11.699166666666667;0.9749305555555555;Now
17:29:48 29/06/2020;Monday;0.264;0.2640000000000002;1.0;0.4098780306383837;0.28761719489706417;0.3792361111111111;0.2640000000000002;4.550833333333333;0.3792361111111111;1.0;0.26625000000000015;12.0;1.0;0.3792361111111111;0.2640000000000002;4.550833333333333;0.3792361111111111;Now
22:02:51 29/06/2020;Monday;0.266;0.2660000000000002;1.0;0.407430975749267;0.2692860607761431;0.5021296296296296;0.2660000000000002;6.025555555555556;0.5021296296296296;1.0;0.2677500000000002;12.0;1.0;0.9333333333333333;0.2675000000000002;11.2;0.9333333333333333;Now
02:36:02 30/06/2020;Tuesday;0.266;0.2660000000000002;1.0;0.407430975749267;0.2692860607761431;0.12270833333333334;0.2660000000000002;1.4725;0.12270833333333334;1.0;0.2690000000000002;12.0;1.0;0.5539120370370371;0.2675000000000002;6.646944444444444;0.5539120370370371;Now
04:04:23 30/06/2020;Tuesday;0.2689;0.2690000000000002;1.0;0.40373258476372675;0.24158104218867013;0.4312037037037037;0.2690000000000002;5.174444444444444;0.4312037037037037;1.0;0.2700000000000002;12.0;1.0;0.4312037037037037;0.2690000000000002;5.174444444444444;0.4312037037037037;Now
09:14:51 30/06/2020;Tuesday;0.2696;0.2700000000000002;1.0;0.4024922359499619;0.2322894645608156;;;;;;;;;;;;;Now
14:00:08 30/06/2020;Tuesday;0.2707;0.2710000000000002;1.0;0.40124805295477733;0.22296916469458303;;;;;;;;;;;;;Now
16:14:57 30/06/2020;Tuesday;0.2707;0.2710000000000002;1.0;0.40124805295477733;0.22296916469458303;;;;;;;;;;;;;Now
19:25:28 30/06/2020;Tuesday;0.2721;0.2730000000000002;1.0;0.3987480407475375;0.20424132198101147;;;;;;;;;;;;;Now
