07:45:49 01/04/2020;Wednesday;0.2457;0.2460000000000002;1.0;0.6148170459575757;0.8465825302156735;0.5472453703703704;0.2460000000000002;6.566944444444444;0.5472453703703704;1.0;0.2465000000000002;12.0;1.0;0.5472453703703704;0.2460000000000002;6.566944444444444;0.5472453703703704;Now
14:19:50 01/04/2020;Wednesday;0.2461;0.2470000000000002;1.0;0.6140032573203499;0.8157775158356401;0.5472916666666666;0.2470000000000002;6.5675;0.5472916666666666;1.0;0.2475000000000002;12.0;1.0;0.5472916666666666;0.2470000000000002;6.5675;0.5472916666666666;Now
20:53:53 01/04/2020;Wednesday;0.2473;0.2480000000000002;1.0;0.6131883886702355;0.7849316188344431;1.0;0.2480000000000002;12.0;1.0;1.0;0.2480000000000002;12.0;1.0;1.0;0.2480000000000002;12.0;1.0;Now
11:08:50 02/04/2020;Thursday;0.2466;0.2470000000000002;1.0;0.6140032573203499;0.8157775158356401;1.0;0.2470000000000002;12.0;1.0;1.0;0.2470000000000002;12.0;1.0;1.0;0.2470000000000002;12.0;1.0;Now
17:59:40 02/04/2020;Thursday;0.2467;0.2470000000000002;1.0;0.6140032573203499;0.8157775158356401;0.4544212962962963;0.2470000000000002;5.453055555555555;0.4544212962962963;1.0;0.2475000000000002;12.0;1.0;1.0;0.2475000000000002;12.0;1.0;Now
23:26:51 02/04/2020;Thursday;0.2479;0.2480000000000002;1.0;0.6131883886702355;0.7849316188344431;1.0;0.2480000000000002;12.0;1.0;1.0;0.2480000000000002;12.0;1.0;1.0;0.2480000000000002;12.0;1.0;Now
06:59:52 03/04/2020;Friday;0.2475;0.2480000000000002;1.0;0.6131883886702355;0.7849316188344431;1.0;0.2480000000000002;12.0;1.0;1.0;0.2480000000000002;12.0;1.0;1.0;0.2480000000000002;12.0;1.0;Now
18:02:10 03/04/2020;Friday;0.2471;0.2480000000000002;1.0;0.6131883886702355;0.7849316188344431;1.0;0.2480000000000002;12.0;1.0;1.0;0.2480000000000002;12.0;1.0;1.0;0.2480000000000002;12.0;1.0;Now
01:01:09 04/04/2020;Saturday;0.2469;0.2480000000000002;1.0;0.6131883886702355;0.7849316188344431;1.0;0.2480000000000002;12.0;1.0;1.0;0.2480000000000002;12.0;1.0;1.0;0.2480000000000002;12.0;1.0;Now
03:44:25 04/04/2020;Saturday;0.2469;0.2480000000000002;1.0;0.6131883886702355;0.7849316188344431;1.0;0.2480000000000002;12.0;1.0;1.0;0.2480000000000002;12.0;1.0;1.0;0.2480000000000002;12.0;1.0;Now
07:10:05 04/04/2020;Saturday;0.2473;0.2480000000000002;1.0;0.6131883886702355;0.7849316188344431;1.0;0.2480000000000002;12.0;1.0;1.0;0.2480000000000002;12.0;1.0;1.0;0.2480000000000002;12.0;1.0;Now
14:42:40 04/04/2020;Saturday;0.2468;0.2480000000000002;1.0;0.6131883886702355;0.7849316188344431;1.0;0.2480000000000002;12.0;1.0;1.0;0.24733333333333352;12.0;1.0;1.0;0.2480000000000002;12.0;1.0;Now
20:51:45 04/04/2020;Saturday;0.2466;0.2470000000000002;1.0;0.6140032573203499;0.8157775158356401;1.0;0.2470000000000002;12.0;1.0;1.0;0.2470000000000002;12.0;1.0;1.0;0.2470000000000002;12.0;1.0;Now
01:53:37 05/04/2020;Sunday;0.2462;0.2470000000000002;1.0;0.6140032573203499;0.8157775158356401;1.0;0.2470000000000002;12.0;1.0;1.0;0.2470000000000002;12.0;1.0;1.0;0.2470000000000002;12.0;1.0;Now
07:12:05 05/04/2020;Sunday;0.2455;0.2470000000000002;1.0;0.6140032573203499;0.8157775158356401;1.0;0.2470000000000002;12.0;1.0;1.0;0.2470000000000002;12.0;1.0;1.0;0.2470000000000002;12.0;1.0;Now
13:29:58 05/04/2020;Sunday;0.2454;0.2470000000000002;1.0;0.6140032573203499;0.8157775158356401;1.0;0.2470000000000002;12.0;1.0;1.0;0.2465000000000002;12.0;1.0;1.0;0.2470000000000002;12.0;1.0;Now
19:55:11 05/04/2020;Sunday;0.2448;0.2460000000000002;1.0;0.6148170459575757;0.8465825302156735;1.0;0.2460000000000002;12.0;1.0;1.0;0.2455000000000002;12.0;1.0;1.0;0.2460000000000002;12.0;1.0;Now
03:11:08 06/04/2020;Monday;0.2446;0.2450000000000002;1.0;0.6156297588648553;0.8773468241003021;1.0;0.2450000000000002;12.0;1.0;1.0;0.2450000000000002;12.0;1.0;1.0;0.2450000000000002;12.0;1.0;Now
14:47:07 06/04/2020;Monday;0.2447;0.2450000000000002;1.0;0.6156297588648553;0.8773468241003021;0.4888888888888889;0.2450000000000002;5.866666666666666;0.4888888888888889;1.0;0.2455000000000002;12.0;1.0;1.0;0.2455000000000002;12.0;1.0;Now
20:39:07 06/04/2020;Monday;0.2455;0.2460000000000002;1.0;0.6148170459575757;0.8465825302156735;1.0;0.2460000000000002;12.0;1.0;1.0;0.2460000000000002;12.0;1.0;1.0;0.2460000000000002;12.0;1.0;Now
02:48:13 07/04/2020;Tuesday;0.246;0.2460000000000002;1.0;0.6148170459575757;0.8465825302156735;0.6287037037037037;0.2460000000000002;7.544444444444444;0.6287037037037037;1.0;0.24633333333333352;12.0;1.0;0.6287037037037037;0.2460000000000002;7.544444444444444;0.6287037037037037;Now
04:43:58 07/04/2020;Tuesday;0.246;0.2460000000000002;1.0;0.6148170459575757;0.8465825302156735;0.46793981481481484;0.2460000000000002;5.615277777777778;0.46793981481481484;1.0;0.24666666666666684;12.0;1.0;0.46793981481481484;0.2460000000000002;5.615277777777778;0.46793981481481484;Now
10:20:53 07/04/2020;Tuesday;0.2462;0.2470000000000002;1.0;0.6140032573203499;0.8157775158356401;1.0;0.2470000000000002;12.0;1.0;1.0;0.2470000000000002;12.0;1.0;1.0;0.2470000000000002;12.0;1.0;Now
15:06:19 07/04/2020;Tuesday;0.2463;0.2470000000000002;1.0;0.6140032573203499;0.8157775158356401;0.922962962962963;0.2470000000000002;11.075555555555555;0.922962962962963;1.0;0.24766666666666684;12.0;1.0;0.922962962962963;0.2470000000000002;11.075555555555555;0.922962962962963;Now
20:10:20 07/04/2020;Tuesday;0.2465;0.2470000000000002;1.0;0.6140032573203499;0.8157775158356401;0.5007175925925926;0.2470000000000002;6.008611111111111;0.5007175925925926;1.0;0.2480000000000002;12.0;1.0;0.5007175925925926;0.2470000000000002;6.008611111111111;0.5007175925925926;Now
02:10:51 08/04/2020;Wednesday;0.2482;0.2490000000000002;1.0;0.6123724356957944;0.7540446760076461;1.0;0.2490000000000002;12.0;1.0;1.0;0.2490000000000002;12.0;1.0;1.0;0.2490000000000002;12.0;1.0;Now
16:40:59 08/04/2020;Wednesday;0.2482;0.2490000000000002;1.0;0.6123724356957944;0.7540446760076461;1.0;0.2490000000000002;12.0;1.0;1.0;0.2490000000000002;12.0;1.0;1.0;0.2490000000000002;12.0;1.0;Now
16:51:48 08/04/2020;Wednesday;0.2477;0.2490000000000002;1.0;0.6123724356957944;0.7540446760076461;1.0;0.2490000000000002;12.0;1.0;1.0;0.2490000000000002;12.0;1.0;1.0;0.2490000000000002;12.0;1.0;Now
17:06:01 08/04/2020;Wednesday;0.2477;0.2490000000000002;1.0;0.6123724356957944;0.7540446760076461;1.0;0.2490000000000002;12.0;1.0;1.0;0.2490000000000002;12.0;1.0;1.0;0.2490000000000002;12.0;1.0;Now
22:18:50 08/04/2020;Wednesday;0.2481;0.2490000000000002;1.0;0.6123724356957944;0.7540446760076461;0.6063194444444444;0.2490000000000002;7.275833333333333;0.6063194444444444;1.0;0.25000000000000017;12.0;1.0;0.6063194444444444;0.2490000000000002;7.275833333333333;0.6063194444444444;Now
05:35:23 09/04/2020;Thursday;0.2502;0.25100000000000017;1.0;0.6107372593840987;0.6921469946055195;1.0;0.25100000000000017;12.0;1.0;1.0;0.25100000000000017;12.0;1.0;1.0;0.25100000000000017;12.0;1.0;Now
10:20:28 09/04/2020;Thursday;0.2487;0.25100000000000017;1.0;0.6107372593840987;0.6921469946055195;1.0;0.25100000000000017;12.0;1.0;1.0;0.25000000000000017;12.0;1.0;1.0;0.25100000000000017;12.0;1.0;Now
17:44:49 09/04/2020;Thursday;0.2489;0.2490000000000002;1.0;0.6123724356957944;0.7540446760076461;0.4430787037037037;0.2490000000000002;5.316944444444444;0.4430787037037037;1.0;0.25000000000000017;12.0;1.0;0.4430787037037037;0.2490000000000002;5.316944444444444;0.4430787037037037;Now
23:03:50 09/04/2020;Thursday;0.2493;0.25000000000000017;1.0;0.6115553940568261;0.723116523062057;0.46618055555555554;0.25000000000000017;5.594166666666666;0.46618055555555554;1.0;0.2506666666666668;12.0;1.0;1.0;0.25050000000000017;12.0;1.0;Now
04:39:29 10/04/2020;Friday;0.2501;0.25100000000000017;1.0;0.6107372593840987;0.6921469946055195;1.0;0.25100000000000017;12.0;1.0;1.0;0.25100000000000017;12.0;1.0;1.0;0.25100000000000017;12.0;1.0;Now
10:57:08 10/04/2020;Friday;0.2504;0.25100000000000017;1.0;0.6107372593840987;0.6921469946055195;0.9552083333333333;0.25100000000000017;11.4625;0.9552083333333333;1.0;0.25133333333333346;12.0;1.0;0.9552083333333333;0.25100000000000017;11.4625;0.9552083333333333;Now
15:33:49 10/04/2020;Friday;0.2506;0.25100000000000017;1.0;0.6107372593840987;0.6921469946055195;0.570925925925926;0.25100000000000017;6.851111111111111;0.570925925925926;1.0;0.25150000000000017;12.0;1.0;0.570925925925926;0.25100000000000017;6.851111111111111;0.570925925925926;Now
22:24:53 10/04/2020;Friday;0.2517;0.25200000000000017;1.0;0.6099180272790761;0.6611359241366092;0.617337962962963;0.25200000000000017;7.408055555555555;0.617337962962963;1.0;0.25250000000000017;12.0;1.0;0.617337962962963;0.25200000000000017;7.408055555555555;0.617337962962963;Now
05:49:22 11/04/2020;Saturday;0.2525;0.25300000000000017;1.0;0.6090976933136423;0.6300831440341931;1.0;0.25300000000000017;12.0;1.0;1.0;0.25300000000000017;12.0;1.0;1.0;0.25300000000000017;12.0;1.0;Now
11:41:47 11/04/2020;Saturday;0.2524;0.25300000000000017;1.0;0.6090976933136423;0.6300831440341931;1.0;0.25300000000000017;12.0;1.0;1.0;0.25300000000000017;12.0;1.0;1.0;0.25300000000000017;12.0;1.0;Now
23:51:53 11/04/2020;Saturday;0.2523;0.25300000000000017;1.0;0.6090976933136423;0.6300831440341931;1.0;0.25300000000000017;12.0;1.0;1.0;0.25300000000000017;12.0;1.0;1.0;0.25300000000000017;12.0;1.0;Now
10:03:53 12/04/2020;Sunday;0.2522;0.25300000000000017;1.0;0.6090976933136423;0.6300831440341931;1.0;0.25300000000000017;12.0;1.0;1.0;0.25300000000000017;12.0;1.0;1.0;0.25300000000000017;12.0;1.0;Now
15:05:48 12/04/2020;Sunday;0.2517;0.25300000000000017;1.0;0.6090976933136423;0.6300831440341931;1.0;0.25300000000000017;12.0;1.0;1.0;0.25300000000000017;12.0;1.0;1.0;0.25300000000000017;12.0;1.0;Now
22:13:40 12/04/2020;Sunday;0.2521;0.25300000000000017;1.0;0.6090976933136423;0.6300831440341931;1.0;0.25300000000000017;12.0;1.0;1.0;0.25300000000000017;12.0;1.0;1.0;0.25300000000000017;12.0;1.0;Now
10:32:07 13/04/2020;Monday;0.2515;0.25200000000000017;1.0;0.6099180272790761;0.6611359241366092;1.0;0.25200000000000017;12.0;1.0;1.0;0.25200000000000017;12.0;1.0;1.0;0.25200000000000017;12.0;1.0;Now
17:23:11 13/04/2020;Monday;0.2514;0.25200000000000017;1.0;0.6099180272790761;0.6611359241366092;0.617337962962963;0.25200000000000017;7.408055555555555;0.617337962962963;1.0;0.25250000000000017;12.0;1.0;0.617337962962963;0.25200000000000017;7.408055555555555;0.617337962962963;Now
00:47:40 14/04/2020;Tuesday;0.253;0.25300000000000017;1.0;0.6090976933136423;0.6300831440341931;0.594375;0.25300000000000017;7.1325;0.594375;1.0;0.25350000000000017;12.0;1.0;0.594375;0.25300000000000017;7.1325;0.594375;Now
07:55:37 14/04/2020;Tuesday;0.2531;0.25400000000000017;1.0;0.6082762530298218;0.5989884855468358;1.0;0.25400000000000017;12.0;1.0;1.0;0.25400000000000017;12.0;1.0;1.0;0.25400000000000017;12.0;1.0;Now
15:20:09 14/04/2020;Tuesday;0.253;0.25400000000000017;1.0;0.6082762530298218;0.5989884855468358;0.4194212962962963;0.25400000000000017;5.033055555555555;0.4194212962962963;1.0;0.25450000000000017;12.0;1.0;1.0;0.25450000000000017;12.0;1.0;Now
20:22:08 14/04/2020;Tuesday;0.2541;0.25500000000000017;1.0;0.6074537019394974;0.5678517787821243;1.0;0.25500000000000017;12.0;1.0;1.0;0.25500000000000017;12.0;1.0;1.0;0.25500000000000017;12.0;1.0;Now
03:21:48 15/04/2020;Wednesday;0.2547;0.25500000000000017;1.0;0.6074537019394974;0.5678517787821243;1.0;0.25500000000000017;12.0;1.0;1.0;0.25500000000000017;12.0;1.0;1.0;0.25500000000000017;12.0;1.0;Now
10:12:38 15/04/2020;Wednesday;0.2548;0.25500000000000017;1.0;0.6074537019394974;0.5678517787821243;0.5826388888888889;0.25500000000000017;6.991666666666666;0.5826388888888889;1.0;0.25550000000000017;12.0;1.0;0.5826388888888889;0.25500000000000017;6.991666666666666;0.5826388888888889;Now
17:12:08 15/04/2020;Wednesday;0.2551;0.25600000000000017;1.0;0.6066300355241239;0.5366728526958254;0.5473148148148148;0.25600000000000017;6.567777777777778;0.5473148148148148;1.0;0.2565000000000002;12.0;1.0;0.5473148148148148;0.25600000000000017;6.567777777777778;0.5473148148148148;Now
23:46:12 15/04/2020;Wednesday;0.2567;0.2570000000000002;1.0;0.6058052492344382;0.5054515350809295;0.4897222222222222;0.2570000000000002;5.876666666666667;0.4897222222222222;1.0;0.2575000000000002;12.0;1.0;1.0;0.2575000000000002;12.0;1.0;Now
05:38:48 16/04/2020;Thursday;0.2574;0.2580000000000002;1.0;0.6049793384901668;0.4741876525565473;1.0;0.2580000000000002;12.0;1.0;1.0;0.2580000000000002;12.0;1.0;1.0;0.2580000000000002;12.0;1.0;Now
12:55:08 16/04/2020;Thursday;0.2566;0.2580000000000002;1.0;0.6049793384901668;0.4741876525565473;1.0;0.2580000000000002;12.0;1.0;1.0;0.2580000000000002;12.0;1.0;1.0;0.2580000000000002;12.0;1.0;Now
17:41:37 16/04/2020;Thursday;0.2575;0.2580000000000002;1.0;0.6049793384901668;0.4741876525565473;1.0;0.2580000000000002;12.0;1.0;1.0;0.2580000000000002;12.0;1.0;1.0;0.2580000000000002;12.0;1.0;Now
00:57:12 17/04/2020;Friday;0.2576;0.2580000000000002;1.0;0.6049793384901668;0.4741876525565473;0.6153935185185185;0.2580000000000002;6.748888888888889;0.5624074074074074;1.0;0.2586666666666668;12.0;1.0;0.6153935185185185;0.2580000000000002;6.748888888888889;0.5624074074074074;Now
07:42:08 17/04/2020;Friday;0.259;0.2590000000000002;1.0;0.6041522986797284;0.44288103055668016;0.9784953703703704;0.2590000000000002;11.741944444444444;0.9784953703703704;1.0;0.25933333333333347;12.0;1.0;0.9784953703703704;0.2590000000000002;11.741944444444444;0.9784953703703704;Now
12:19:03 17/04/2020;Friday;0.2573;0.2590000000000002;1.0;0.6041522986797284;0.44288103055668016;0.5938888888888889;0.2590000000000002;7.126666666666667;0.5938888888888889;1.0;0.2595000000000002;12.0;1.0;0.5938888888888889;0.2590000000000002;7.126666666666667;0.5938888888888889;Now
19:26:39 17/04/2020;Friday;0.2592;0.2600000000000002;1.0;0.603324125159934;0.4115314933188566;0.4665972222222222;0.2600000000000002;5.599166666666667;0.4665972222222222;1.0;0.2605000000000002;12.0;1.0;1.0;0.2605000000000002;12.0;1.0;Now
01:02:36 18/04/2020;Saturday;0.2607;0.2610000000000002;1.0;0.6024948132556825;0.38013886387260415;0.5826388888888889;0.2610000000000002;6.991666666666666;0.5826388888888889;1.0;0.2615000000000002;12.0;1.0;0.5826388888888889;0.2610000000000002;6.991666666666666;0.5826388888888889;Now
08:02:06 18/04/2020;Saturday;0.262;0.2620000000000002;1.0;0.6016643582596528;0.3487029640278043;0.5569675925925925;0.2620000000000002;5.166944444444445;0.4305787037037037;1.0;0.2626666666666668;12.0;1.0;0.5569675925925925;0.2620000000000002;5.166944444444445;0.4305787037037037;Now
13:12:07 18/04/2020;Saturday;0.2625;0.2630000000000002;1.0;0.6008327554319919;0.31722361436288266;1.0;0.2630000000000002;12.0;1.0;1.0;0.2630000000000002;12.0;1.0;1.0;0.2630000000000002;12.0;1.0;Now
18:31:06 18/04/2020;Saturday;0.2615;0.2630000000000002;1.0;0.6008327554319919;0.31722361436288266;1.0;0.2630000000000002;12.0;1.0;1.0;0.2630000000000002;12.0;1.0;1.0;0.2630000000000002;12.0;1.0;Now
00:40:07 19/04/2020;Sunday;0.261;0.2630000000000002;1.0;0.6008327554319919;0.31722361436288266;1.0;0.2630000000000002;12.0;1.0;1.0;0.2620000000000002;12.0;1.0;1.0;0.2630000000000002;12.0;1.0;Now
06:57:38 19/04/2020;Sunday;0.2609;0.2610000000000002;1.0;0.6024948132556825;0.38013886387260415;1.0;0.2610000000000002;12.0;1.0;1.0;0.2610000000000002;12.0;1.0;1.0;0.2610000000000002;12.0;1.0;Now
13:23:41 19/04/2020;Sunday;0.26;0.2610000000000002;1.0;0.6024948132556825;0.38013886387260415;1.0;0.2610000000000002;12.0;1.0;1.0;0.2605000000000002;12.0;1.0;1.0;0.2610000000000002;12.0;1.0;Now
20:06:17 19/04/2020;Sunday;0.2597;0.2600000000000002;1.0;0.603324125159934;0.4115314933188566;0.9548148148148148;0.2600000000000002;11.457777777777778;0.9548148148148148;1.0;0.2606666666666668;12.0;1.0;0.9548148148148148;0.2600000000000002;11.457777777777778;0.9548148148148148;Now
02:15:10 20/04/2020;Monday;0.2599;0.2600000000000002;1.0;0.603324125159934;0.4115314933188566;0.44247685185185187;0.2600000000000002;5.309722222222222;0.44247685185185187;1.0;0.2613333333333335;12.0;1.0;0.44247685185185187;0.2600000000000002;5.309722222222222;0.44247685185185187;Now
07:33:45 20/04/2020;Monday;0.2616;0.2620000000000002;1.0;0.6016643582596528;0.3487029640278043;1.0;0.2620000000000002;12.0;1.0;1.0;0.2620000000000002;12.0;1.0;1.0;0.2620000000000002;12.0;1.0;Now
13:09:17 20/04/2020;Monday;0.2605;0.2620000000000002;1.0;0.6016643582596528;0.3487029640278043;1.0;0.2620000000000002;12.0;1.0;1.0;0.2620000000000002;12.0;1.0;1.0;0.2620000000000002;12.0;1.0;Now
20:00:10 20/04/2020;Monday;0.2614;0.2620000000000002;1.0;0.6016643582596528;0.3487029640278043;0.5346527777777778;0.2620000000000002;6.4158333333333335;0.5346527777777778;1.0;0.2640000000000002;12.0;1.0;0.5346527777777778;0.2620000000000002;6.4158333333333335;0.5346527777777778;Now
20:10:47 20/04/2020;Monday;0.2614;0.2620000000000002;1.0;0.6016643582596528;0.3487029640278043;0.5199074074074074;0.2620000000000002;6.238888888888889;0.5199074074074074;1.0;0.2646666666666668;12.0;1.0;0.5199074074074074;0.2620000000000002;6.238888888888889;0.5199074074074074;Now
02:25:07 21/04/2020;Tuesday;0.2657;0.2660000000000002;1.0;0.5983310120660635;0.22252305350804782;1.0;0.2660000000000002;12.0;1.0;1.0;0.2660000000000002;12.0;1.0;1.0;0.2660000000000002;12.0;1.0;Now
07:35:43 21/04/2020;Tuesday;0.2658;0.2660000000000002;1.0;0.5983310120660635;0.22252305350804782;1.0;0.2660000000000002;12.0;1.0;1.0;0.2660000000000002;12.0;1.0;1.0;0.2660000000000002;12.0;1.0;Now
19:28:50 21/04/2020;Tuesday;0.2656;0.2660000000000002;1.0;0.5983310120660635;0.22252305350804782;1.0;0.2660000000000002;12.0;1.0;1.0;0.2660000000000002;12.0;1.0;1.0;0.2660000000000002;12.0;1.0;Now
01:46:07 22/04/2020;Wednesday;0.2648;0.2660000000000002;1.0;0.5983310120660635;0.22252305350804782;1.0;0.2660000000000002;12.0;1.0;1.0;0.2655000000000002;12.0;1.0;1.0;0.2660000000000002;12.0;1.0;Now
08:11:18 22/04/2020;Wednesday;0.2648;0.2650000000000002;1.0;0.5991660871578095;0.25413384165733494;1.0;0.2650000000000002;12.0;1.0;1.0;0.2650000000000002;12.0;1.0;1.0;0.2650000000000002;12.0;1.0;Now
14:03:33 22/04/2020;Wednesday;0.2644;0.2650000000000002;1.0;0.5991660871578095;0.25413384165733494;0.9667592592592592;0.2650000000000002;11.601111111111111;0.9667592592592592;1.0;0.2653333333333335;12.0;1.0;0.9667592592592592;0.2650000000000002;11.601111111111111;0.9667592592592592;Now
20:12:32 22/04/2020;Wednesday;0.2646;0.2650000000000002;1.0;0.5991660871578095;0.25413384165733494;0.4542824074074074;0.2650000000000002;5.451388888888889;0.4542824074074074;1.0;0.2656666666666669;12.0;1.0;0.4542824074074074;0.2650000000000002;5.451388888888889;0.4542824074074074;Now
01:39:37 23/04/2020;Thursday;0.2655;0.2660000000000002;1.0;0.5983310120660635;0.22252305350804782;1.0;0.2660000000000002;12.0;1.0;1.0;0.2660000000000002;12.0;1.0;1.0;0.2660000000000002;12.0;1.0;Now
06:16:41 23/04/2020;Thursday;0.2652;0.2660000000000002;1.0;0.5983310120660635;0.22252305350804782;1.0;0.2660000000000002;12.0;1.0;1.0;0.2660000000000002;12.0;1.0;1.0;0.2660000000000002;12.0;1.0;Now
11:51:30 23/04/2020;Thursday;0.2647;0.2660000000000002;1.0;0.5983310120660635;0.22252305350804782;1.0;0.2660000000000002;12.0;1.0;1.0;0.2660000000000002;12.0;1.0;1.0;0.2660000000000002;12.0;1.0;Now
22:37:34 23/04/2020;Thursday;0.2654;0.2660000000000002;1.0;0.5983310120660635;0.22252305350804782;1.0;0.2660000000000002;12.0;1.0;1.0;0.2660000000000002;12.0;1.0;1.0;0.2660000000000002;12.0;1.0;Now
05:20:01 24/04/2020;Friday;0.2649;0.2660000000000002;1.0;0.5983310120660635;0.22252305350804782;1.0;0.2660000000000002;12.0;1.0;1.0;0.2660000000000002;12.0;1.0;1.0;0.2660000000000002;12.0;1.0;Now
10:47:06 24/04/2020;Friday;0.2653;0.2660000000000002;1.0;0.5983310120660635;0.22252305350804782;1.0;0.2660000000000002;12.0;1.0;1.0;0.2660000000000002;12.0;1.0;1.0;0.2660000000000002;12.0;1.0;Now
18:19:31 24/04/2020;Friday;0.2651;0.2660000000000002;1.0;0.5983310120660635;0.22252305350804782;1.0;0.2660000000000002;12.0;1.0;1.0;0.2660000000000002;12.0;1.0;1.0;0.2660000000000002;12.0;1.0;Now
01:35:30 25/04/2020;Saturday;0.2653;0.2660000000000002;1.0;0.5983310120660635;0.22252305350804782;1.0;0.2660000000000002;12.0;1.0;1.0;0.2660000000000002;12.0;1.0;1.0;0.2660000000000002;12.0;1.0;Now
08:34:29 25/04/2020;Saturday;0.2655;0.2660000000000002;1.0;0.5983310120660635;0.22252305350804782;1.0;0.2660000000000002;12.0;1.0;1.0;0.2660000000000002;12.0;1.0;1.0;0.2660000000000002;12.0;1.0;Now
14:52:03 25/04/2020;Saturday;0.2657;0.2660000000000002;1.0;0.5983310120660635;0.22252305350804782;1.0;0.2660000000000002;12.0;1.0;1.0;0.2660000000000002;12.0;1.0;1.0;0.2660000000000002;12.0;1.0;Now
19:29:22 25/04/2020;Saturday;0.2659;0.2660000000000002;1.0;0.5983310120660635;0.22252305350804782;1.0;0.2660000000000002;12.0;1.0;1.0;0.2660000000000002;12.0;1.0;1.0;0.2660000000000002;12.0;1.0;Now
02:03:23 26/04/2020;Sunday;0.265;0.2660000000000002;1.0;0.5983310120660635;0.22252305350804782;1.0;0.2660000000000002;12.0;1.0;1.0;0.2655000000000002;12.0;1.0;1.0;0.2660000000000002;12.0;1.0;Now
09:19:00 26/04/2020;Sunday;0.2645;0.2650000000000002;1.0;0.5991660871578095;0.25413384165733494;1.0;0.2650000000000002;12.0;1.0;1.0;0.2650000000000002;12.0;1.0;1.0;0.2650000000000002;12.0;1.0;Now
14:29:12 26/04/2020;Sunday;0.264;0.2650000000000002;1.0;0.5991660871578095;0.25413384165733494;1.0;0.2650000000000002;12.0;1.0;1.0;0.2645000000000002;12.0;1.0;1.0;0.2650000000000002;12.0;1.0;Now
02:05:03 27/04/2020;Monday;0.2638;0.2640000000000002;1.0;0.5999999999999999;0.28570063421288233;1.0;0.2640000000000002;12.0;1.0;1.0;0.2640000000000002;12.0;1.0;1.0;0.2640000000000002;12.0;1.0;Now
08:22:33 27/04/2020;Monday;0.2639;0.2640000000000002;1.0;0.5999999999999999;0.28570063421288233;0.931875;0.2640000000000002;11.1825;0.931875;1.0;0.2645000000000002;12.0;1.0;0.931875;0.2640000000000002;11.1825;0.931875;Now
19:33:30 27/04/2020;Monday;0.2646;0.2650000000000002;1.0;0.5991660871578095;0.25413384165733494;1.0;0.2650000000000002;12.0;1.0;1.0;0.2650000000000002;12.0;1.0;1.0;0.2650000000000002;12.0;1.0;Now
00:44:01 28/04/2020;Tuesday;0.2647;0.2650000000000002;1.0;0.5991660871578095;0.25413384165733494;0.6174074074074074;0.2650000000000002;7.408888888888889;0.6174074074074074;1.0;0.2660000000000002;12.0;1.0;0.6174074074074074;0.2650000000000002;7.408888888888889;0.6174074074074074;Now
08:08:33 28/04/2020;Tuesday;0.2666;0.2670000000000002;1.0;0.5974947698515861;0.1908680852966644;1.0;0.2670000000000002;12.0;1.0;1.0;0.2670000000000002;12.0;1.0;1.0;0.2670000000000002;12.0;1.0;Now
14:59:29 28/04/2020;Tuesday;0.2665;0.2670000000000002;1.0;0.5974947698515861;0.1908680852966644;0.4311111111111111;0.2670000000000002;5.173333333333333;0.4311111111111111;1.0;0.2676666666666669;12.0;1.0;0.4311111111111111;0.2670000000000002;5.173333333333333;0.4311111111111111;Now
20:09:53 28/04/2020;Tuesday;0.2671;0.2680000000000002;1.0;0.5966573556070518;0.15916875126213612;1.0;0.2680000000000002;12.0;1.0;1.0;0.2680000000000002;12.0;1.0;1.0;0.2680000000000002;12.0;1.0;Now
02:02:01 29/04/2020;Wednesday;0.2673;0.2680000000000002;1.0;0.5966573556070518;0.15916875126213612;1.0;0.2680000000000002;12.0;1.0;1.0;0.2680000000000002;12.0;1.0;1.0;0.2680000000000002;12.0;1.0;Now
06:47:27 29/04/2020;Wednesday;0.266;0.2680000000000002;1.0;0.5966573556070518;0.15916875126213612;1.0;0.2680000000000002;12.0;1.0;1.0;0.2680000000000002;12.0;1.0;1.0;0.2680000000000002;12.0;1.0;Now
12:14:22 29/04/2020;Wednesday;0.2669;0.2680000000000002;1.0;0.5966573556070518;0.15916875126213612;1.0;0.2680000000000002;12.0;1.0;1.0;0.2675000000000002;12.0;1.0;1.0;0.2680000000000002;12.0;1.0;Now
19:39:22 29/04/2020;Wednesday;0.2663;0.2670000000000002;1.0;0.5974947698515861;0.1908680852966644;1.0;0.2670000000000002;12.0;1.0;1.0;0.2670000000000002;12.0;1.0;1.0;0.2670000000000002;12.0;1.0;Now
00:24:20 30/04/2020;Thursday;0.266;0.2670000000000002;1.0;0.5974947698515861;0.1908680852966644;1.0;0.2670000000000002;12.0;1.0;1.0;0.2665000000000002;12.0;1.0;1.0;0.2670000000000002;12.0;1.0;Now
07:48:55 30/04/2020;Thursday;0.2654;0.2660000000000002;1.0;0.5983310120660635;0.22252305350804782;1.0;0.2660000000000002;12.0;1.0;1.0;0.2660000000000002;12.0;1.0;1.0;0.2660000000000002;12.0;1.0;Now
12:59:16 30/04/2020;Thursday;0.2652;0.2660000000000002;1.0;0.5983310120660635;0.22252305350804782;1.0;0.2660000000000002;12.0;1.0;1.0;0.2660000000000002;12.0;1.0;1.0;0.2660000000000002;12.0;1.0;Now
18:49:45 30/04/2020;Thursday;0.2645;0.2660000000000002;1.0;0.5983310120660635;0.22252305350804782;1.0;0.2660000000000002;12.0;1.0;1.0;0.26583333333333353;12.0;1.0;1.0;0.2660000000000002;12.0;1.0;Now
22:46:36 30/04/2020;Thursday;0.2645;0.2660000000000002;1.0;0.5983310120660635;0.22252305350804782;1.0;0.2660000000000002;12.0;1.0;1.0;0.26557142857142874;12.0;1.0;1.0;0.2656666666666669;12.0;1.0;Now
23:02:04 30/04/2020;Thursday;0.2645;0.2660000000000002;1.0;0.5983310120660635;0.22252305350804782;1.0;0.2660000000000002;12.0;1.0;1.0;0.2655000000000001;12.0;1.0;1.0;0.2656666666666669;12.0;1.0;Now
23:33:51 30/04/2020;Thursday;0.2637;0.2660000000000002;1.0;0.5983310120660635;0.22252305350804782;1.0;0.2660000000000002;12.0;1.0;1.0;0.2654000000000002;12.0;1.0;1.0;0.2656666666666669;12.0;1.0;Now
23:33:51 30/04/2020;Thursday;0.2637;0.2660000000000002;1.0;0.5983310120660635;0.22252305350804782;1.0;0.2660000000000002;12.0;1.0;1.0;0.26525000000000015;12.0;1.0;1.0;0.2655000000000002;12.0;1.0;Now
04:28:31 01/05/2020;Friday;0.2634;0.2650000000000002;1.0;0.5991660871578095;0.25413384165733494;1.0;0.2650000000000002;12.0;1.0;1.0;0.2647500000000002;12.0;1.0;1.0;0.2650000000000002;12.0;1.0;Now
10:03:50 01/05/2020;Friday;0.2626;0.2650000000000002;1.0;0.5991660871578095;0.25413384165733494;1.0;0.2650000000000002;12.0;1.0;1.0;0.26425000000000015;12.0;1.0;1.0;0.2650000000000002;12.0;1.0;Now
10:35:26 01/05/2020;Friday;0.2626;0.2650000000000002;1.0;0.5991660871578095;0.25413384165733494;1.0;0.2650000000000002;12.0;1.0;1.0;0.2640000000000002;12.0;1.0;1.0;0.2640000000000002;12.0;1.0;Now
15:21:35 01/05/2020;Friday;0.2626;0.2640000000000002;1.0;0.5999999999999999;0.28570063421288233;1.0;0.2640000000000002;12.0;1.0;1.0;0.2633333333333335;12.0;1.0;1.0;0.2635000000000002;12.0;1.0;Now
17:28:14 01/05/2020;Friday;0.2623;0.2630000000000002;1.0;0.6008327554319919;0.31722361436288266;1.0;0.2630000000000002;12.0;1.0;1.0;0.2630000000000002;12.0;1.0;1.0;0.2630000000000002;12.0;1.0;Now
23:13:44 01/05/2020;Friday;0.2625;0.2630000000000002;1.0;0.6008327554319919;0.31722361436288266;1.0;0.2630000000000002;12.0;1.0;1.0;0.2630000000000002;12.0;1.0;1.0;0.2630000000000002;12.0;1.0;Now
04:36:15 02/05/2020;Saturday;0.2629;0.2630000000000002;1.0;0.6008327554319919;0.31722361436288266;1.0;0.2630000000000002;12.0;1.0;1.0;0.2630000000000002;12.0;1.0;1.0;0.2630000000000002;12.0;1.0;Now
11:52:18 02/05/2020;Saturday;0.2627;0.2630000000000002;1.0;0.6008327554319919;0.31722361436288266;1.0;0.2630000000000002;12.0;1.0;1.0;0.2630000000000002;12.0;1.0;1.0;0.2630000000000002;12.0;1.0;Now
16:46:22 02/05/2020;Saturday;0.2623;0.2630000000000002;1.0;0.6008327554319919;0.31722361436288266;1.0;0.2630000000000002;12.0;1.0;1.0;0.2630000000000002;12.0;1.0;1.0;0.2630000000000002;12.0;1.0;Now
23:20:16 02/05/2020;Saturday;0.2613;0.2630000000000002;1.0;0.6008327554319919;0.31722361436288266;1.0;0.2630000000000002;12.0;1.0;1.0;0.2630000000000002;12.0;1.0;1.0;0.2630000000000002;12.0;1.0;Now
04:22:13 03/05/2020;Sunday;0.2603;0.2630000000000002;1.0;0.6008327554319919;0.31722361436288266;1.0;0.2630000000000002;12.0;1.0;1.0;0.2620000000000002;12.0;1.0;1.0;0.2630000000000002;12.0;1.0;Now
11:46:42 03/05/2020;Sunday;0.26;0.2610000000000002;1.0;0.6024948132556825;0.38013886387260415;1.0;0.2610000000000002;12.0;1.0;1.0;0.2603333333333335;12.0;1.0;1.0;0.2605000000000002;12.0;1.0;Now
16:31:56 03/05/2020;Sunday;0.2593;0.2600000000000002;1.0;0.603324125159934;0.4115314933188566;1.0;0.2600000000000002;12.0;1.0;1.0;0.2600000000000002;12.0;1.0;1.0;0.2600000000000002;12.0;1.0;Now
22:15:55 03/05/2020;Sunday;0.2585;0.2600000000000002;1.0;0.603324125159934;0.4115314933188566;1.0;0.2600000000000002;12.0;1.0;1.0;0.2596666666666669;12.0;1.0;1.0;0.2600000000000002;12.0;1.0;Now
03:59:58 04/05/2020;Monday;0.2574;0.2600000000000002;1.0;0.603324125159934;0.4115314933188566;1.0;0.2600000000000002;12.0;1.0;1.0;0.2590000000000002;12.0;1.0;1.0;0.2600000000000002;12.0;1.0;Now
09:43:58 04/05/2020;Monday;0.2566;0.2590000000000002;1.0;0.6041522986797284;0.44288103055668016;1.0;0.2590000000000002;12.0;1.0;1.0;0.2585000000000002;12.0;1.0;1.0;0.2585000000000002;12.0;1.0;Now
15:02:20 04/05/2020;Monday;0.2565;0.2580000000000002;1.0;0.6049793384901668;0.4741876525565473;1.0;0.2580000000000002;12.0;1.0;1.0;0.25733333333333347;12.0;1.0;1.0;0.2580000000000002;12.0;1.0;Now
22:19:50 04/05/2020;Monday;0.2562;0.2570000000000002;1.0;0.6058052492344382;0.5054515350809295;0.4075462962962963;0.2570000000000002;4.890555555555555;0.4075462962962963;1.0;0.2580000000000002;12.0;1.0;0.4075462962962963;0.2570000000000002;4.890555555555555;0.4075462962962963;Now
22:59:07 04/05/2020;Monday;0.2562;0.2570000000000002;1.0;0.6058052492344382;0.5054515350809295;0.3529861111111111;0.2570000000000002;4.235833333333333;0.3529861111111111;1.0;0.2583333333333335;12.0;1.0;0.3529861111111111;0.2570000000000002;4.235833333333333;0.3529861111111111;Now
03:13:16 05/05/2020;Tuesday;0.2585;0.2590000000000002;1.0;0.6041522986797284;0.44288103055668016;1.0;0.2590000000000002;12.0;1.0;1.0;0.2590000000000002;12.0;1.0;1.0;0.2590000000000002;12.0;1.0;Now
07:50:12 05/05/2020;Tuesday;0.2575;0.2590000000000002;1.0;0.6041522986797284;0.44288103055668016;1.0;0.2590000000000002;12.0;1.0;1.0;0.2590000000000002;12.0;1.0;1.0;0.2590000000000002;12.0;1.0;Now
14:57:52 05/05/2020;Tuesday;0.254;0.2590000000000002;1.0;0.6041522986797284;0.44288103055668016;1.0;0.2590000000000002;12.0;1.0;1.0;0.2576666666666669;12.0;1.0;1.0;0.2590000000000002;12.0;1.0;Now
21:15:13 05/05/2020;Tuesday;0.2564;0.2570000000000002;1.0;0.6058052492344382;0.5054515350809295;1.0;0.2570000000000002;12.0;1.0;1.0;0.2570000000000002;12.0;1.0;1.0;0.2570000000000002;12.0;1.0;Now
02:50:43 06/05/2020;Wednesday;0.2562;0.2570000000000002;1.0;0.6058052492344382;0.5054515350809295;1.0;0.2570000000000002;12.0;1.0;1.0;0.2570000000000002;12.0;1.0;1.0;0.2570000000000002;12.0;1.0;Now
10:15:07 06/05/2020;Wednesday;0.2538;0.2570000000000002;1.0;0.6058052492344382;0.5054515350809295;1.0;0.2570000000000002;12.0;1.0;1.0;0.2565000000000002;12.0;1.0;1.0;0.2570000000000002;12.0;1.0;Now
17:39:38 06/05/2020;Wednesday;0.2556;0.25600000000000017;1.0;0.6066300355241239;0.5366728526958254;0.9548842592592592;0.25600000000000017;11.45861111111111;0.9548842592592592;1.0;0.2563333333333335;12.0;1.0;0.9548842592592592;0.25600000000000017;11.45861111111111;0.9548842592592592;Now
22:24:45 06/05/2020;Wednesday;0.256;0.25600000000000017;1.0;0.6066300355241239;0.5366728526958254;0.5588888888888889;0.25600000000000017;6.706666666666667;0.5588888888888889;1.0;0.2565000000000002;12.0;1.0;0.5588888888888889;0.25600000000000017;6.706666666666667;0.5588888888888889;Now
05:07:09 07/05/2020;Thursday;0.2566;0.2570000000000002;1.0;0.6058052492344382;0.5054515350809295;0.6284953703703704;0.2570000000000002;7.541944444444445;0.6284953703703704;1.0;0.2575000000000002;12.0;1.0;0.6284953703703704;0.2570000000000002;7.541944444444445;0.6284953703703704;Now
12:39:40 07/05/2020;Thursday;0.2574;0.2580000000000002;1.0;0.6049793384901668;0.4741876525565473;1.0;0.2580000000000002;12.0;1.0;1.0;0.2580000000000002;12.0;1.0;1.0;0.2580000000000002;12.0;1.0;Now
20:04:23 07/05/2020;Thursday;0.2577;0.2580000000000002;1.0;0.6049793384901668;0.4741876525565473;1.0;0.2580000000000002;12.0;1.0;1.0;0.2580000000000002;12.0;1.0;1.0;0.2580000000000002;12.0;1.0;Now
01:14:23 08/05/2020;Friday;0.2576;0.2580000000000002;1.0;0.6049793384901668;0.4741876525565473;1.0;0.2580000000000002;12.0;1.0;1.0;0.2580000000000002;12.0;1.0;1.0;0.2580000000000002;12.0;1.0;Now
07:40:28 08/05/2020;Friday;0.255;0.2580000000000002;1.0;0.6049793384901668;0.4741876525565473;1.0;0.2580000000000002;12.0;1.0;1.0;0.2575000000000002;12.0;1.0;1.0;0.2580000000000002;12.0;1.0;Now
15:04:53 08/05/2020;Friday;0.2569;0.2570000000000002;1.0;0.6058052492344382;0.5054515350809295;1.0;0.2570000000000002;12.0;1.0;1.0;0.2570000000000002;12.0;1.0;1.0;0.2570000000000002;12.0;1.0;Now
21:46:54 08/05/2020;Friday;0.2547;0.2570000000000002;1.0;0.6058052492344382;0.5054515350809295;1.0;0.2570000000000002;12.0;1.0;1.0;0.25600000000000017;12.0;1.0;1.0;0.2570000000000002;12.0;1.0;Now
04:13:05 09/05/2020;Saturday;0.255;0.25500000000000017;1.0;0.6074537019394974;0.5678517787821243;0.5353472222222222;0.25500000000000017;6.424166666666666;0.5353472222222222;1.0;0.2563333333333335;12.0;1.0;0.5353472222222222;0.25500000000000017;6.424166666666666;0.5353472222222222;Now
10:38:32 09/05/2020;Saturday;0.2552;0.25600000000000017;1.0;0.6066300355241239;0.5366728526958254;0.4991435185185185;0.25600000000000017;5.308333333333334;0.4423611111111111;1.0;0.25733333333333347;12.0;1.0;1.0;0.2570000000000002;12.0;1.0;Now
15:57:02 09/05/2020;Saturday;0.2573;0.2580000000000002;1.0;0.6049793384901668;0.4741876525565473;1.0;0.2580000000000002;12.0;1.0;1.0;0.2580000000000002;12.0;1.0;1.0;0.2580000000000002;12.0;1.0;Now
21:57:39 09/05/2020;Saturday;0.2543;0.2580000000000002;1.0;0.6049793384901668;0.4741876525565473;1.0;0.2580000000000002;12.0;1.0;1.0;0.2580000000000002;12.0;1.0;1.0;0.2580000000000002;12.0;1.0;Now
02:51:02 10/05/2020;Sunday;0.2567;0.2580000000000002;1.0;0.6049793384901668;0.4741876525565473;1.0;0.2580000000000002;12.0;1.0;1.0;0.2575000000000002;12.0;1.0;1.0;0.2580000000000002;12.0;1.0;Now
09:59:08 10/05/2020;Sunday;0.2559;0.2570000000000002;1.0;0.6058052492344382;0.5054515350809295;1.0;0.2570000000000002;12.0;1.0;1.0;0.2563333333333335;12.0;1.0;1.0;0.2570000000000002;12.0;1.0;Now
15:42:37 10/05/2020;Sunday;0.2553;0.25600000000000017;1.0;0.6066300355241239;0.5366728526958254;1.0;0.25600000000000017;12.0;1.0;1.0;0.25600000000000017;12.0;1.0;1.0;0.25600000000000017;12.0;1.0;Now
20:44:40 10/05/2020;Sunday;0.2548;0.25600000000000017;1.0;0.6066300355241239;0.5366728526958254;1.0;0.25600000000000017;12.0;1.0;1.0;0.2556666666666669;12.0;1.0;1.0;0.25600000000000017;12.0;1.0;Now
01:46:01 11/05/2020;Monday;0.2524;0.25600000000000017;1.0;0.6066300355241239;0.5366728526958254;1.0;0.25600000000000017;12.0;1.0;1.0;0.2546666666666668;12.0;1.0;1.0;0.25600000000000017;12.0;1.0;Now
07:55:01 11/05/2020;Monday;0.252;0.25500000000000017;1.0;0.6074537019394974;0.5678517787821243;1.0;0.25500000000000017;12.0;1.0;1.0;0.2536666666666669;12.0;1.0;1.0;0.25500000000000017;12.0;1.0;Now
13:39:01 11/05/2020;Monday;0.2521;0.25300000000000017;1.0;0.6090976933136423;0.6300831440341931;0.8849305555555556;0.25300000000000017;10.619166666666667;0.8849305555555556;1.0;0.2536666666666669;12.0;1.0;0.8849305555555556;0.25300000000000017;10.619166666666667;0.8849305555555556;Now
19:14:33 11/05/2020;Monday;0.2529;0.25300000000000017;1.0;0.6090976933136423;0.6300831440341931;0.41891203703703705;0.25300000000000017;5.026944444444444;0.41891203703703705;1.0;0.2543333333333335;12.0;1.0;0.41891203703703705;0.25300000000000017;5.026944444444444;0.41891203703703705;Now
00:16:10 12/05/2020;Tuesday;0.255;0.25500000000000017;1.0;0.6074537019394974;0.5678517787821243;1.0;0.25500000000000017;12.0;1.0;1.0;0.25500000000000017;12.0;1.0;1.0;0.25500000000000017;12.0;1.0;Now
04:52:52 12/05/2020;Tuesday;0.2549;0.25500000000000017;1.0;0.6074537019394974;0.5678517787821243;1.0;0.25500000000000017;12.0;1.0;1.0;0.25500000000000017;12.0;1.0;1.0;0.25500000000000017;12.0;1.0;Now
11:43:54 12/05/2020;Tuesday;0.2548;0.25500000000000017;1.0;0.6074537019394974;0.5678517787821243;0.5167824074074074;0.25500000000000017;6.201388888888889;0.5167824074074074;1.0;0.25550000000000017;12.0;1.0;0.5167824074074074;0.25500000000000017;6.201388888888889;0.5167824074074074;Now
17:55:59 12/05/2020;Tuesday;0.2551;0.25600000000000017;1.0;0.6066300355241239;0.5366728526958254;1.0;0.25600000000000017;12.0;1.0;1.0;0.25600000000000017;12.0;1.0;1.0;0.25600000000000017;12.0;1.0;Now
00:12:54 13/05/2020;Wednesday;0.2554;0.25600000000000017;1.0;0.6066300355241239;0.5366728526958254;1.0;0.25600000000000017;12.0;1.0;1.0;0.25600000000000017;12.0;1.0;1.0;0.25600000000000017;12.0;1.0;Now
06:38:23 13/05/2020;Wednesday;0.255;0.25600000000000017;1.0;0.6066300355241239;0.5366728526958254;1.0;0.25600000000000017;12.0;1.0;1.0;0.25600000000000017;12.0;1.0;1.0;0.25600000000000017;12.0;1.0;Now
13:04:22 13/05/2020;Wednesday;0.2553;0.25600000000000017;1.0;0.6066300355241239;0.5366728526958254;1.0;0.25600000000000017;12.0;1.0;1.0;0.25600000000000017;12.0;1.0;1.0;0.25600000000000017;12.0;1.0;Now
14:56:28 13/05/2020;Wednesday;0.2553;0.25600000000000017;1.0;0.6066300355241239;0.5366728526958254;0.8463194444444444;0.25600000000000017;10.155833333333334;0.8463194444444444;1.0;0.2565000000000002;12.0;1.0;0.8463194444444444;0.25600000000000017;10.155833333333334;0.8463194444444444;Now
01:05:49 14/05/2020;Thursday;0.2566;0.2570000000000002;1.0;0.6058052492344382;0.5054515350809295;1.0;0.2570000000000002;12.0;1.0;1.0;0.2570000000000002;12.0;1.0;1.0;0.2570000000000002;12.0;1.0;Now
05:51:08 14/05/2020;Thursday;0.2561;0.2570000000000002;1.0;0.6058052492344382;0.5054515350809295;1.0;0.2570000000000002;12.0;1.0;1.0;0.2570000000000002;12.0;1.0;1.0;0.2570000000000002;12.0;1.0;Now
13:07:05 14/05/2020;Thursday;0.2565;0.2570000000000002;1.0;0.6058052492344382;0.5054515350809295;0.5595138888888889;0.2570000000000002;6.714166666666666;0.5595138888888889;1.0;0.2575000000000002;12.0;1.0;0.5595138888888889;0.2570000000000002;6.714166666666666;0.5595138888888889;Now
19:49:56 14/05/2020;Thursday;0.2572;0.2580000000000002;1.0;0.6049793384901668;0.4741876525565473;1.0;0.2580000000000002;12.0;1.0;1.0;0.2580000000000002;12.0;1.0;1.0;0.2580000000000002;12.0;1.0;Now
03:22:35 15/05/2020;Friday;0.257;0.2580000000000002;1.0;0.6049793384901668;0.4741876525565473;1.0;0.2580000000000002;12.0;1.0;1.0;0.25733333333333347;12.0;1.0;1.0;0.2580000000000002;12.0;1.0;Now
08:41:39 15/05/2020;Friday;0.2567;0.2570000000000002;1.0;0.6058052492344382;0.5054515350809295;1.0;0.2570000000000002;12.0;1.0;1.0;0.2570000000000002;12.0;1.0;1.0;0.2570000000000002;12.0;1.0;Now
14:08:42 15/05/2020;Friday;0.2564;0.2570000000000002;1.0;0.6058052492344382;0.5054515350809295;0.9796296296296296;0.2570000000000002;11.755555555555556;0.9796296296296296;1.0;0.2575000000000002;12.0;1.0;0.9796296296296296;0.2570000000000002;11.755555555555556;0.9796296296296296;Now
01:54:02 16/05/2020;Saturday;0.2574;0.2580000000000002;1.0;0.6049793384901668;0.4741876525565473;1.0;0.2580000000000002;12.0;1.0;1.0;0.2580000000000002;12.0;1.0;1.0;0.2580000000000002;12.0;1.0;Now
08:11:16 16/05/2020;Saturday;0.257;0.2580000000000002;1.0;0.6049793384901668;0.4741876525565473;1.0;0.2580000000000002;12.0;1.0;1.0;0.2575000000000002;12.0;1.0;1.0;0.2575000000000002;12.0;1.0;Now
13:55:07 16/05/2020;Saturday;0.2564;0.2570000000000002;1.0;0.6058052492344382;0.5054515350809295;1.0;0.2570000000000002;12.0;1.0;1.0;0.2570000000000002;12.0;1.0;1.0;0.2570000000000002;12.0;1.0;Now
20:21:22 16/05/2020;Saturday;0.2559;0.2570000000000002;1.0;0.6058052492344382;0.5054515350809295;1.0;0.2570000000000002;12.0;1.0;1.0;0.2565000000000002;12.0;1.0;1.0;0.2570000000000002;12.0;1.0;Now
03:29:21 17/05/2020;Sunday;0.2545;0.25600000000000017;1.0;0.6066300355241239;0.5366728526958254;1.0;0.25600000000000017;12.0;1.0;1.0;0.25550000000000017;12.0;1.0;1.0;0.25550000000000017;12.0;1.0;Now
08:39:42 17/05/2020;Sunday;0.254;0.25500000000000017;1.0;0.6074537019394974;0.5678517787821243;1.0;0.25500000000000017;12.0;1.0;1.0;0.25450000000000017;12.0;1.0;1.0;0.25500000000000017;12.0;1.0;Now
15:39:36 17/05/2020;Sunday;0.2532;0.25400000000000017;1.0;0.6082762530298218;0.5989884855468358;1.0;0.25400000000000017;12.0;1.0;1.0;0.25400000000000017;12.0;1.0;1.0;0.25400000000000017;12.0;1.0;Now
21:06:23 17/05/2020;Sunday;0.2529;0.25400000000000017;1.0;0.6082762530298218;0.5989884855468358;1.0;0.25400000000000017;12.0;1.0;1.0;0.25400000000000017;12.0;1.0;1.0;0.25400000000000017;12.0;1.0;Now
02:33:11 18/05/2020;Monday;0.2522;0.25400000000000017;1.0;0.6082762530298218;0.5989884855468358;1.0;0.25400000000000017;12.0;1.0;1.0;0.25350000000000017;12.0;1.0;1.0;0.25400000000000017;12.0;1.0;Now
10:05:41 18/05/2020;Monday;0.2516;0.25300000000000017;1.0;0.6090976933136423;0.6300831440341931;1.0;0.25300000000000017;12.0;1.0;1.0;0.25250000000000017;12.0;1.0;1.0;0.25250000000000017;12.0;1.0;Now
15:24:43 18/05/2020;Monday;0.2511;0.25200000000000017;1.0;0.6099180272790761;0.6611359241366092;1.0;0.25200000000000017;12.0;1.0;1.0;0.25200000000000017;12.0;1.0;1.0;0.25200000000000017;12.0;1.0;Now
22:06:39 18/05/2020;Monday;0.2514;0.25200000000000017;1.0;0.6099180272790761;0.6611359241366092;1.0;0.25200000000000017;12.0;1.0;1.0;0.25200000000000017;12.0;1.0;1.0;0.25200000000000017;12.0;1.0;Now
05:31:09 19/05/2020;Tuesday;0.2511;0.25200000000000017;1.0;0.6099180272790761;0.6611359241366092;1.0;0.25200000000000017;12.0;1.0;1.0;0.25200000000000017;12.0;1.0;1.0;0.25200000000000017;12.0;1.0;Now
12:56:18 19/05/2020;Tuesday;0.2515;0.25200000000000017;1.0;0.6099180272790761;0.6611359241366092;0.5001851851851852;0.25200000000000017;6.002222222222223;0.5001851851851852;1.0;0.25250000000000017;12.0;1.0;0.5001851851851852;0.25200000000000017;6.002222222222223;0.5001851851851852;Now
18:56:26 19/05/2020;Tuesday;0.2521;0.25300000000000017;1.0;0.6090976933136423;0.6300831440341931;1.0;0.25300000000000017;12.0;1.0;1.0;0.25300000000000017;12.0;1.0;1.0;0.25300000000000017;12.0;1.0;Now
01:47:30 20/05/2020;Wednesday;0.2524;0.25300000000000017;1.0;0.6090976933136423;0.6300831440341931;1.0;0.25300000000000017;12.0;1.0;1.0;0.25300000000000017;12.0;1.0;1.0;0.25300000000000017;12.0;1.0;Now
19:49:24 20/05/2020;Wednesday;0.2526;0.25300000000000017;1.0;0.6090976933136423;0.6300831440341931;1.0;0.25300000000000017;12.0;1.0;1.0;0.25300000000000017;12.0;1.0;1.0;0.25300000000000017;12.0;1.0;Now
02:40:58 21/05/2020;Thursday;0.2527;0.25300000000000017;1.0;0.6090976933136423;0.6300831440341931;1.0;0.25300000000000017;12.0;1.0;1.0;0.25300000000000017;12.0;1.0;1.0;0.25300000000000017;12.0;1.0;Now
09:40:25 21/05/2020;Thursday;0.2521;0.25300000000000017;1.0;0.6090976933136423;0.6300831440341931;1.0;0.25300000000000017;12.0;1.0;1.0;0.25300000000000017;12.0;1.0;1.0;0.25300000000000017;12.0;1.0;Now
15:15:54 21/05/2020;Thursday;0.2519;0.25300000000000017;1.0;0.6090976933136423;0.6300831440341931;1.0;0.25300000000000017;12.0;1.0;1.0;0.25250000000000017;12.0;1.0;1.0;0.25300000000000017;12.0;1.0;Now
22:15:25 21/05/2020;Thursday;0.2517;0.25200000000000017;1.0;0.6099180272790761;0.6611359241366092;1.0;0.25200000000000017;12.0;1.0;1.0;0.25200000000000017;12.0;1.0;1.0;0.25200000000000017;12.0;1.0;Now
03:16:56 22/05/2020;Friday;0.2516;0.25200000000000017;1.0;0.6099180272790761;0.6611359241366092;1.0;0.25200000000000017;12.0;1.0;1.0;0.25200000000000017;12.0;1.0;1.0;0.25200000000000017;12.0;1.0;Now
08:19:02 22/05/2020;Friday;0.2511;0.25200000000000017;1.0;0.6099180272790761;0.6611359241366092;1.0;0.25200000000000017;12.0;1.0;1.0;0.25200000000000017;12.0;1.0;1.0;0.25200000000000017;12.0;1.0;Now
14:28:07 22/05/2020;Friday;0.2504;0.25200000000000017;1.0;0.6099180272790761;0.6611359241366092;1.0;0.25200000000000017;12.0;1.0;1.0;0.25133333333333346;12.0;1.0;1.0;0.25200000000000017;12.0;1.0;Now
20:44:55 22/05/2020;Friday;0.2497;0.25100000000000017;1.0;0.6107372593840987;0.6921469946055195;1.0;0.25100000000000017;12.0;1.0;1.0;0.2506666666666668;12.0;1.0;1.0;0.25100000000000017;12.0;1.0;Now
02:03:58 23/05/2020;Saturday;0.2494;0.25100000000000017;1.0;0.6107372593840987;0.6921469946055195;1.0;0.25100000000000017;12.0;1.0;1.0;0.2503333333333335;12.0;1.0;1.0;0.25100000000000017;12.0;1.0;Now
07:48:01 23/05/2020;Saturday;0.2493;0.25000000000000017;1.0;0.6115553940568261;0.723116523062057;1.0;0.25000000000000017;12.0;1.0;1.0;0.25000000000000017;12.0;1.0;1.0;0.25000000000000017;12.0;1.0;Now
12:41:17 23/05/2020;Saturday;0.2495;0.25000000000000017;1.0;0.6115553940568261;0.723116523062057;1.0;0.25000000000000017;12.0;1.0;1.0;0.25000000000000017;12.0;1.0;1.0;0.25000000000000017;12.0;1.0;Now
19:49:11 23/05/2020;Saturday;0.2489;0.25000000000000017;1.0;0.6115553940568261;0.723116523062057;1.0;0.25000000000000017;12.0;1.0;1.0;0.24933333333333352;12.0;1.0;1.0;0.25000000000000017;12.0;1.0;Now
00:50:47 24/05/2020;Sunday;0.2486;0.2490000000000002;1.0;0.6123724356957944;0.7540446760076461;1.0;0.2490000000000002;12.0;1.0;1.0;0.2490000000000002;12.0;1.0;1.0;0.2490000000000002;12.0;1.0;Now
06:34:21 24/05/2020;Sunday;0.2476;0.2490000000000002;1.0;0.6123724356957944;0.7540446760076461;1.0;0.2490000000000002;12.0;1.0;1.0;0.2490000000000002;12.0;1.0;1.0;0.2490000000000002;12.0;1.0;Now
19:17:15 24/05/2020;Sunday;0.2467;0.2470000000000002;1.0;0.6140032573203499;0.8157775158356401;1.0;0.2470000000000002;12.0;1.0;1.0;0.2470000000000002;12.0;1.0;1.0;0.2470000000000002;12.0;1.0;Now
01:51:51 25/05/2020;Monday;0.2461;0.2470000000000002;1.0;0.6140032573203499;0.8157775158356401;1.0;0.2470000000000002;12.0;1.0;1.0;0.2470000000000002;12.0;1.0;1.0;0.2470000000000002;12.0;1.0;Now
06:36:47 25/05/2020;Monday;0.2458;0.2470000000000002;1.0;0.6140032573203499;0.8157775158356401;1.0;0.2470000000000002;12.0;1.0;1.0;0.2470000000000002;12.0;1.0;1.0;0.2470000000000002;12.0;1.0;Now
13:19:12 25/05/2020;Monday;0.2449;0.2470000000000002;1.0;0.6140032573203499;0.8157775158356401;1.0;0.2470000000000002;12.0;1.0;1.0;0.24566666666666684;12.0;1.0;1.0;0.2470000000000002;12.0;1.0;Now
19:53:31 25/05/2020;Monday;0.2436;0.2450000000000002;1.0;0.6156297588648553;0.8773468241003021;1.0;0.2450000000000002;12.0;1.0;1.0;0.24466666666666684;12.0;1.0;1.0;0.2450000000000002;12.0;1.0;Now
00:55:13 26/05/2020;Tuesday;0.2423;0.2450000000000002;1.0;0.6156297588648553;0.8773468241003021;1.0;0.2450000000000002;12.0;1.0;1.0;0.2445000000000002;12.0;1.0;1.0;0.2445000000000002;12.0;1.0;Now
05:57:10 26/05/2020;Tuesday;0.2414;0.2440000000000002;1.0;0.6164414002968974;0.9080705585465374;1.0;0.2440000000000002;12.0;1.0;1.0;0.2430000000000002;12.0;1.0;1.0;0.2440000000000002;12.0;1.0;Now
13:21:13 26/05/2020;Tuesday;0.2403;0.2420000000000002;1.0;0.6180614856144976;0.9693969880672115;1.0;0.2420000000000002;12.0;1.0;1.0;0.2413333333333335;12.0;1.0;1.0;0.2420000000000002;12.0;1.0;Now
18:56:40 26/05/2020;Tuesday;0.2402;0.2410000000000002;1.0;0.6188699378706319;1.0;1.0;0.2410000000000002;12.0;1.0;1.0;0.2410000000000002;12.0;1.0;1.0;0.2410000000000002;12.0;1.0;Now
00:32:11 27/05/2020;Wednesday;0.2406;0.2410000000000002;1.0;0.6188699378706319;1.0;1.0;0.2410000000000002;12.0;1.0;1.0;0.2410000000000002;12.0;1.0;1.0;0.2410000000000002;12.0;1.0;Now
07:22:42 27/05/2020;Wednesday;0.2404;0.2410000000000002;1.0;0.6188699378706319;1.0;1.0;0.2410000000000002;12.0;1.0;1.0;0.2410000000000002;12.0;1.0;1.0;0.2410000000000002;12.0;1.0;Now
14:38:41 27/05/2020;Wednesday;0.2402;0.2410000000000002;1.0;0.6188699378706319;1.0;1.0;0.2410000000000002;12.0;1.0;1.0;0.2410000000000002;12.0;1.0;1.0;0.2410000000000002;12.0;1.0;Now
00:34:29 28/05/2020;Thursday;0.2404;0.2410000000000002;1.0;0.6188699378706319;1.0;1.0;0.2410000000000002;12.0;1.0;1.0;0.2410000000000002;12.0;1.0;1.0;0.2410000000000002;12.0;1.0;Now
05:52:45 28/05/2020;Thursday;0.2407;0.2410000000000002;1.0;0.6188699378706319;1.0;1.0;0.2410000000000002;12.0;1.0;1.0;0.2410000000000002;12.0;1.0;1.0;0.2410000000000002;12.0;1.0;Now
11:53:17 28/05/2020;Thursday;0.2402;0.2410000000000002;1.0;0.6188699378706319;1.0;1.0;0.2410000000000002;12.0;1.0;1.0;0.2410000000000002;12.0;1.0;1.0;0.2410000000000002;12.0;1.0;Now
18:46:37 28/05/2020;Thursday;0.2401;0.2410000000000002;1.0;0.6188699378706319;1.0;1.0;0.2410000000000002;12.0;1.0;1.0;0.2410000000000002;12.0;1.0;1.0;0.2410000000000002;12.0;1.0;Now
23:58:08 28/05/2020;Thursday;0.24;0.2410000000000002;1.0;0.6188699378706319;1.0;1.0;0.2410000000000002;12.0;1.0;1.0;0.2410000000000002;12.0;1.0;1.0;0.2410000000000002;12.0;1.0;Now
04:59:08 29/05/2020;Friday;0.2401;0.2410000000000002;1.0;0.6188699378706319;1.0;1.0;0.2410000000000002;12.0;1.0;1.0;0.2410000000000002;12.0;1.0;1.0;0.2410000000000002;12.0;1.0;Now
14:54:44 29/05/2020;Friday;0.2404;0.2410000000000002;1.0;0.6188699378706319;1.0;1.0;0.2410000000000002;12.0;1.0;1.0;0.2410000000000002;12.0;1.0;1.0;0.2410000000000002;12.0;1.0;Now
21:29:30 29/05/2020;Friday;0.2408;0.2410000000000002;1.0;0.6188699378706319;1.0;0.861574074074074;0.2410000000000002;10.338888888888889;0.861574074074074;1.0;0.2413333333333335;12.0;1.0;0.861574074074074;0.2410000000000002;10.338888888888889;0.861574074074074;Now
02:14:10 30/05/2020;Saturday;0.2406;0.2410000000000002;1.0;0.6188699378706319;1.0;0.46620370370370373;0.2410000000000002;5.594444444444444;0.46620370370370373;1.0;0.24166666666666684;12.0;1.0;0.46620370370370373;0.2410000000000002;5.594444444444444;0.46620370370370373;Now
07:49:50 30/05/2020;Saturday;0.2412;0.2420000000000002;1.0;0.6180614856144976;0.9693969880672115;0.9555092592592592;0.2420000000000002;11.466111111111111;0.9555092592592592;1.0;0.2423333333333335;12.0;1.0;0.9555092592592592;0.2420000000000002;11.466111111111111;0.9555092592592592;Now
13:42:08 30/05/2020;Saturday;0.2416;0.2420000000000002;1.0;0.6180614856144976;0.9693969880672115;0.46620370370370373;0.2420000000000002;5.594444444444444;0.46620370370370373;1.0;0.2425000000000002;12.0;1.0;1.0;0.2425000000000002;12.0;1.0;Now
19:17:48 30/05/2020;Saturday;0.2423;0.2430000000000002;1.0;0.6172519744804384;0.9387538935525244;1.0;0.2430000000000002;12.0;1.0;1.0;0.2430000000000002;12.0;1.0;1.0;0.2430000000000002;12.0;1.0;Now
02:25:25 31/05/2020;Sunday;0.242;0.2430000000000002;1.0;0.6172519744804384;0.9387538935525244;1.0;0.2430000000000002;12.0;1.0;1.0;0.2423333333333335;12.0;1.0;1.0;0.2425000000000002;12.0;1.0;Now
07:35:44 31/05/2020;Sunday;0.2417;0.2420000000000002;1.0;0.6180614856144976;0.9693969880672115;1.0;0.2420000000000002;12.0;1.0;1.0;0.2420000000000002;12.0;1.0;1.0;0.2420000000000002;12.0;1.0;Now
13:52:53 31/05/2020;Sunday;0.2412;0.2420000000000002;1.0;0.6180614856144976;0.9693969880672115;1.0;0.2420000000000002;12.0;1.0;1.0;0.2420000000000002;12.0;1.0;1.0;0.2420000000000002;12.0;1.0;Now
19:28:52 31/05/2020;Sunday;0.241;0.2420000000000002;1.0;0.6180614856144976;0.9693969880672115;1.0;0.2420000000000002;12.0;1.0;1.0;0.24166666666666684;12.0;1.0;1.0;0.2420000000000002;12.0;1.0;Now
19:28:52 31/05/2020;Sunday;0.241;0.2420000000000002;1.0;0.6180614856144976;0.9693969880672115;1.0;0.2420000000000002;12.0;1.0;1.0;0.2415000000000002;12.0;1.0;1.0;0.2420000000000002;12.0;1.0;Now
02:02:44 01/06/2020;Monday;0.2405;0.2410000000000002;1.0;0.6188699378706319;1.0;1.0;0.2410000000000002;12.0;1.0;1.0;0.2410000000000002;12.0;1.0;1.0;0.2410000000000002;12.0;1.0;Now
08:03:07 01/06/2020;Monday;0.2399;0.2410000000000002;1.0;0.6188699378706319;1.0;1.0;0.2410000000000002;12.0;1.0;1.0;0.2410000000000002;12.0;1.0;1.0;0.2410000000000002;12.0;1.0;Now
12:56:38 01/06/2020;Monday;0.2394;0.2410000000000002;1.0;0.6188699378706319;1.0;1.0;0.2410000000000002;12.0;1.0;1.0;0.2410000000000002;12.0;1.0;1.0;0.2410000000000002;12.0;1.0;Now
18:07:09 01/06/2020;Monday;0.2402;0.2410000000000002;1.0;0.6188699378706319;1.0;1.0;0.2410000000000002;12.0;1.0;1.0;0.2410000000000002;12.0;1.0;1.0;0.2410000000000002;12.0;1.0;Now
23:00:38 01/06/2020;Monday;0.2409;0.2410000000000002;1.0;0.6188699378706319;1.0;1.0;0.2410000000000002;12.0;1.0;1.0;0.2410000000000002;12.0;1.0;1.0;0.2410000000000002;12.0;1.0;Now
02:00:04 02/06/2020;Tuesday;0.2409;0.2410000000000002;1.0;0.6188699378706319;1.0;0.8460648148148148;0.2410000000000002;10.152777777777779;0.8460648148148148;1.0;0.2415000000000002;12.0;1.0;0.8460648148148148;0.2410000000000002;10.152777777777779;0.8460648148148148;Now
12:09:14 02/06/2020;Tuesday;0.2412;0.2420000000000002;1.0;0.6180614856144976;0.9693969880672115;1.0;0.2420000000000002;12.0;1.0;1.0;0.2420000000000002;12.0;1.0;1.0;0.2420000000000002;12.0;1.0;Now
18:45:44 02/06/2020;Tuesday;0.2418;0.2420000000000002;1.0;0.6180614856144976;0.9693969880672115;0.5675462962962963;0.2420000000000002;6.810555555555555;0.5675462962962963;1.0;0.2430000000000002;12.0;1.0;0.5675462962962963;0.2420000000000002;6.810555555555555;0.5675462962962963;Now
01:34:22 03/06/2020;Wednesday;0.2439;0.2440000000000002;1.0;0.6164414002968974;0.9080705585465374;1.0;0.2440000000000002;12.0;1.0;1.0;0.2440000000000002;12.0;1.0;1.0;0.2440000000000002;12.0;1.0;Now
07:26:52 03/06/2020;Wednesday;0.244;0.2440000000000002;1.0;0.6164414002968974;0.9080705585465374;1.0;0.2440000000000002;12.0;1.0;1.0;0.2440000000000002;12.0;1.0;1.0;0.2440000000000002;12.0;1.0;Now
19:37:22 03/06/2020;Wednesday;0.2441;0.2450000000000002;1.0;0.6156297588648553;0.8773468241003021;1.0;0.2450000000000002;12.0;1.0;1.0;0.2450000000000002;12.0;1.0;1.0;0.2450000000000002;12.0;1.0;Now
00:55:51 04/06/2020;Thursday;0.2445;0.2450000000000002;1.0;0.6156297588648553;0.8773468241003021;1.0;0.2450000000000002;12.0;1.0;1.0;0.2450000000000002;12.0;1.0;1.0;0.2450000000000002;12.0;1.0;Now
06:56:52 04/06/2020;Thursday;0.2447;0.2450000000000002;1.0;0.6156297588648553;0.8773468241003021;1.0;0.2450000000000002;12.0;1.0;1.0;0.2450000000000002;12.0;1.0;1.0;0.2450000000000002;12.0;1.0;Now
13:22:52 04/06/2020;Thursday;0.2445;0.2450000000000002;1.0;0.6156297588648553;0.8773468241003021;0.8743981481481482;0.2450000000000002;10.492777777777778;0.8743981481481482;1.0;0.24533333333333351;12.0;1.0;0.8743981481481482;0.2450000000000002;10.492777777777778;0.8743981481481482;Now
18:41:52 04/06/2020;Thursday;0.245;0.2450000000000002;1.0;0.6156297588648553;0.8773468241003021;0.4313425925925926;0.2450000000000002;5.176111111111111;0.4313425925925926;1.0;0.2455000000000002;12.0;1.0;1.0;0.2455000000000002;12.0;1.0;Now
23:52:26 04/06/2020;Thursday;0.2455;0.2460000000000002;1.0;0.6148170459575757;0.8465825302156735;0.5833101851851852;0.2460000000000002;6.999722222222222;0.5833101851851852;1.0;0.24666666666666684;12.0;1.0;0.5833101851851852;0.2460000000000002;6.999722222222222;0.5833101851851852;Now
06:52:25 05/06/2020;Friday;0.2462;0.2470000000000002;1.0;0.6140032573203499;0.8157775158356401;1.0;0.2470000000000002;12.0;1.0;1.0;0.2470000000000002;12.0;1.0;1.0;0.2470000000000002;12.0;1.0;Now
11:37:38 05/06/2020;Friday;0.2463;0.2470000000000002;1.0;0.6140032573203499;0.8157775158356401;1.0;0.2470000000000002;12.0;1.0;1.0;0.2470000000000002;12.0;1.0;1.0;0.2470000000000002;12.0;1.0;Now
19:11:19 05/06/2020;Friday;0.2464;0.2470000000000002;1.0;0.6140032573203499;0.8157775158356401;0.45449074074074075;0.2470000000000002;5.453888888888889;0.45449074074074075;1.0;0.24766666666666684;12.0;1.0;0.45449074074074075;0.2470000000000002;5.453888888888889;0.45449074074074075;Now
00:38:33 06/06/2020;Saturday;0.2473;0.2480000000000002;1.0;0.6131883886702355;0.7849316188344431;1.0;0.2480000000000002;12.0;1.0;1.0;0.2480000000000002;12.0;1.0;1.0;0.2480000000000002;12.0;1.0;Now
06:05:31 06/06/2020;Saturday;0.2475;0.2480000000000002;1.0;0.6131883886702355;0.7849316188344431;1.0;0.2480000000000002;12.0;1.0;1.0;0.2480000000000002;12.0;1.0;1.0;0.2480000000000002;12.0;1.0;Now
13:39:01 06/06/2020;Saturday;0.2465;0.2480000000000002;1.0;0.6131883886702355;0.7849316188344431;1.0;0.2480000000000002;12.0;1.0;1.0;0.2475000000000002;12.0;1.0;1.0;0.2480000000000002;12.0;1.0;Now
00:00:01 07/06/2020;Sunday;0.2466;0.2470000000000002;1.0;0.6140032573203499;0.8157775158356401;1.0;0.2470000000000002;12.0;1.0;1.0;0.2470000000000002;12.0;1.0;1.0;0.2470000000000002;12.0;1.0;Now
10:29:33 07/06/2020;Sunday;0.2465;0.2470000000000002;1.0;0.6140032573203499;0.8157775158356401;0.9680092592592593;0.2470000000000002;11.616111111111111;0.9680092592592593;1.0;0.24733333333333352;12.0;1.0;0.9680092592592593;0.2470000000000002;11.616111111111111;0.9680092592592593;Now
15:57:11 07/06/2020;Sunday;0.2466;0.2470000000000002;1.0;0.6140032573203499;0.8157775158356401;0.512962962962963;0.2470000000000002;6.155555555555556;0.512962962962963;1.0;0.2475000000000002;12.0;1.0;0.512962962962963;0.2470000000000002;6.155555555555556;0.512962962962963;Now
22:06:31 07/06/2020;Sunday;0.2472;0.2480000000000002;1.0;0.6131883886702355;0.7849316188344431;1.0;0.2480000000000002;12.0;1.0;1.0;0.2480000000000002;12.0;1.0;1.0;0.2480000000000002;12.0;1.0;Now
05:06:01 08/06/2020;Monday;0.2478;0.2480000000000002;1.0;0.6131883886702355;0.7849316188344431;0.4666898148148148;0.2480000000000002;5.6002777777777775;0.4666898148148148;1.0;0.2485000000000002;12.0;1.0;1.0;0.2485000000000002;12.0;1.0;Now
10:42:02 08/06/2020;Monday;0.2482;0.2490000000000002;1.0;0.6123724356957944;0.7540446760076461;0.559050925925926;0.2490000000000002;6.708611111111111;0.559050925925926;1.0;0.24950000000000017;12.0;1.0;0.559050925925926;0.2490000000000002;6.708611111111111;0.559050925925926;Now
17:24:33 08/06/2020;Monday;0.2496;0.25000000000000017;1.0;0.6115553940568261;0.723116523062057;0.44305555555555554;0.25000000000000017;5.316666666666666;0.44305555555555554;1.0;0.2506666666666668;12.0;1.0;1.0;0.25050000000000017;12.0;1.0;Now
22:43:33 08/06/2020;Monday;0.2507;0.25100000000000017;1.0;0.6107372593840987;0.6921469946055195;1.0;0.25100000000000017;12.0;1.0;1.0;0.25100000000000017;12.0;1.0;1.0;0.25100000000000017;12.0;1.0;Now
05:10:02 09/06/2020;Tuesday;0.251;0.25100000000000017;1.0;0.6107372593840987;0.6921469946055195;0.9326388888888889;0.25100000000000017;11.191666666666666;0.9326388888888889;1.0;0.25133333333333346;12.0;1.0;0.9326388888888889;0.25100000000000017;11.191666666666666;0.9326388888888889;Now
10:46:02 09/06/2020;Tuesday;0.2508;0.25100000000000017;1.0;0.6107372593840987;0.6921469946055195;0.46597222222222223;0.25100000000000017;5.591666666666667;0.46597222222222223;1.0;0.25166666666666687;12.0;1.0;0.46597222222222223;0.25100000000000017;5.591666666666667;0.46597222222222223;Now
16:21:32 09/06/2020;Tuesday;0.2513;0.25200000000000017;1.0;0.6099180272790761;0.6611359241366092;1.0;0.25200000000000017;12.0;1.0;1.0;0.25200000000000017;12.0;1.0;1.0;0.25200000000000017;12.0;1.0;Now
21:07:03 09/06/2020;Tuesday;0.2519;0.25200000000000017;1.0;0.6099180272790761;0.6611359241366092;1.0;0.25200000000000017;12.0;1.0;1.0;0.25200000000000017;12.0;1.0;1.0;0.25200000000000017;12.0;1.0;Now
09:34:08 10/06/2020;Wednesday;0.2515;0.25200000000000017;1.0;0.6099180272790761;0.6611359241366092;1.0;0.25200000000000017;12.0;1.0;1.0;0.25200000000000017;12.0;1.0;1.0;0.25200000000000017;12.0;1.0;Now
14:19:32 10/06/2020;Wednesday;0.2514;0.25200000000000017;1.0;0.6099180272790761;0.6611359241366092;0.6105092592592593;0.25200000000000017;7.3261111111111115;0.6105092592592593;1.0;0.25250000000000017;12.0;1.0;0.6105092592592593;0.25200000000000017;7.3261111111111115;0.6105092592592593;Now
21:39:06 10/06/2020;Wednesday;0.2521;0.25300000000000017;1.0;0.6090976933136423;0.6300831440341931;1.0;0.25300000000000017;12.0;1.0;1.0;0.25300000000000017;12.0;1.0;1.0;0.25300000000000017;12.0;1.0;Now
03:40:57 11/06/2020;Thursday;0.2525;0.25300000000000017;1.0;0.6090976933136423;0.6300831440341931;1.0;0.25300000000000017;12.0;1.0;1.0;0.25300000000000017;12.0;1.0;1.0;0.25300000000000017;12.0;1.0;Now
09:42:27 11/06/2020;Thursday;0.2528;0.25300000000000017;1.0;0.6090976933136423;0.6300831440341931;0.5715046296296297;0.25300000000000017;6.858055555555556;0.5715046296296297;1.0;0.25350000000000017;12.0;1.0;0.5715046296296297;0.25300000000000017;6.858055555555556;0.5715046296296297;Now
16:33:56 11/06/2020;Thursday;0.2531;0.25400000000000017;1.0;0.6082762530298218;0.5989884855468358;1.0;0.25400000000000017;12.0;1.0;1.0;0.25400000000000017;12.0;1.0;1.0;0.25400000000000017;12.0;1.0;Now
21:44:29 11/06/2020;Thursday;0.2532;0.25400000000000017;1.0;0.6082762530298218;0.5989884855468358;1.0;0.25400000000000017;12.0;1.0;1.0;0.25400000000000017;12.0;1.0;1.0;0.25400000000000017;12.0;1.0;Now
04:19:13 12/06/2020;Friday;0.2536;0.25400000000000017;1.0;0.6082762530298218;0.5989884855468358;0.6180787037037037;0.25400000000000017;7.416944444444445;0.6180787037037037;1.0;0.25450000000000017;12.0;1.0;0.6180787037037037;0.25400000000000017;7.416944444444445;0.6180787037037037;Now
11:44:14 12/06/2020;Friday;0.2545;0.25500000000000017;1.0;0.6074537019394974;0.5678517787821243;1.0;0.25500000000000017;12.0;1.0;1.0;0.25500000000000017;12.0;1.0;1.0;0.25500000000000017;12.0;1.0;Now
16:38:14 12/06/2020;Friday;0.255;0.25500000000000017;1.0;0.6074537019394974;0.5678517787821243;0.5944444444444444;0.25500000000000017;7.133333333333334;0.5944444444444444;1.0;0.25550000000000017;12.0;1.0;0.5944444444444444;0.25500000000000017;7.133333333333334;0.5944444444444444;Now
23:46:14 12/06/2020;Friday;0.2555;0.25600000000000017;1.0;0.6066300355241239;0.5366728526958254;0.9098379629629629;0.25600000000000017;10.918055555555556;0.9098379629629629;1.0;0.2565000000000002;12.0;1.0;0.9098379629629629;0.25600000000000017;10.918055555555556;0.9098379629629629;Now
10:41:19 13/06/2020;Saturday;0.257;0.2570000000000002;1.0;0.6058052492344382;0.5054515350809295;0.4549537037037037;0.2570000000000002;5.459444444444444;0.4549537037037037;1.0;0.2580000000000002;12.0;1.0;1.0;0.2580000000000002;12.0;1.0;Now
16:08:53 13/06/2020;Saturday;0.2586;0.2590000000000002;1.0;0.6041522986797284;0.44288103055668016;0.6179861111111111;0.2590000000000002;7.4158333333333335;0.6179861111111111;1.0;0.2600000000000002;12.0;1.0;0.6179861111111111;0.2590000000000002;7.4158333333333335;0.6179861111111111;Now
23:33:50 13/06/2020;Saturday;0.2607;0.2610000000000002;1.0;0.6024948132556825;0.38013886387260415;0.4318518518518519;0.2610000000000002;5.182222222222222;0.4318518518518519;1.0;0.2616666666666669;12.0;1.0;1.0;0.2615000000000002;12.0;1.0;Now
04:44:46 14/06/2020;Sunday;0.2612;0.2620000000000002;1.0;0.6016643582596528;0.3487029640278043;1.0;0.2620000000000002;12.0;1.0;1.0;0.2620000000000002;12.0;1.0;1.0;0.2620000000000002;12.0;1.0;Now
10:45:46 14/06/2020;Sunday;0.2618;0.2620000000000002;1.0;0.6016643582596528;0.3487029640278043;0.5598148148148148;0.2620000000000002;6.717777777777778;0.5598148148148148;1.0;0.2625000000000002;12.0;1.0;0.5598148148148148;0.2620000000000002;6.717777777777778;0.5598148148148148;Now
17:28:50 14/06/2020;Sunday;0.2624;0.2630000000000002;1.0;0.6008327554319919;0.31722361436288266;0.4895601851851852;0.2630000000000002;5.874722222222222;0.4895601851851852;1.0;0.2640000000000002;12.0;1.0;0.4895601851851852;0.2630000000000002;5.874722222222222;0.4895601851851852;Now
23:21:19 14/06/2020;Sunday;0.2631;0.2640000000000002;1.0;0.5999999999999999;0.28570063421288233;0.49020833333333336;0.2640000000000002;5.8825;0.49020833333333336;1.0;0.2650000000000002;12.0;1.0;0.49020833333333336;0.2640000000000002;5.8825;0.49020833333333336;Now
05:14:16 15/06/2020;Monday;0.2642;0.2650000000000002;1.0;0.5991660871578095;0.25413384165733494;0.4896990740740741;0.2650000000000002;5.876388888888889;0.4896990740740741;1.0;0.2660000000000002;12.0;1.0;0.4896990740740741;0.2650000000000002;5.876388888888889;0.4896990740740741;Now
11:06:51 15/06/2020;Monday;0.2653;0.2660000000000002;1.0;0.5983310120660635;0.22252305350804782;0.4664814814814815;0.2660000000000002;5.597777777777778;0.4664814814814815;1.0;0.2665000000000002;12.0;1.0;1.0;0.2665000000000002;12.0;1.0;Now
15:02:31 15/06/2020;Monday;0.2653;0.2660000000000002;1.0;0.5983310120660635;0.22252305350804782;0.13916666666666666;0.2660000000000002;1.67;0.13916666666666666;1.0;0.26666666666666683;12.0;1.0;1.0;0.2665000000000002;12.0;1.0;Now
16:42:43 15/06/2020;Monday;0.2663;0.2670000000000002;1.0;0.5974947698515861;0.1908680852966644;1.0;0.2670000000000002;12.0;1.0;1.0;0.2670000000000002;12.0;1.0;1.0;0.2670000000000002;12.0;1.0;Now
21:53:14 15/06/2020;Monday;0.2665;0.2670000000000002;1.0;0.5974947698515861;0.1908680852966644;0.9440046296296296;0.2670000000000002;11.328055555555556;0.9440046296296296;1.0;0.2673333333333335;12.0;1.0;0.9440046296296296;0.2670000000000002;11.328055555555556;0.9440046296296296;Now
04:10:24 16/06/2020;Tuesday;0.267;0.2670000000000002;1.0;0.5974947698515861;0.1908680852966644;0.42016203703703703;0.2670000000000002;5.041944444444445;0.42016203703703703;1.0;0.2675000000000002;12.0;1.0;1.0;0.2675000000000002;12.0;1.0;Now
09:12:55 16/06/2020;Tuesday;0.2674;0.2680000000000002;1.0;0.5966573556070518;0.15916875126213612;1.0;0.2680000000000002;12.0;1.0;1.0;0.2680000000000002;12.0;1.0;1.0;0.2680000000000002;12.0;1.0;Now
16:15:14 16/06/2020;Tuesday;0.2677;0.2680000000000002;1.0;0.5966573556070518;0.15916875126213612;0.41597222222222224;0.2680000000000002;4.991666666666666;0.41597222222222224;1.0;0.26866666666666683;12.0;1.0;1.0;0.2685000000000002;12.0;1.0;Now
21:14:44 16/06/2020;Tuesday;0.2681;0.2690000000000002;1.0;0.5958187643906491;0.1274248643379842;0.929212962962963;0.2690000000000002;11.150555555555556;0.929212962962963;1.0;0.2693333333333335;12.0;1.0;0.929212962962963;0.2690000000000002;11.150555555555556;0.929212962962963;Now
03:38:19 17/06/2020;Wednesday;0.2688;0.2690000000000002;1.0;0.5958187643906491;0.1274248643379842;0.39645833333333336;0.2690000000000002;4.7575;0.39645833333333336;1.0;0.2696666666666669;12.0;1.0;1.0;0.2695000000000002;12.0;1.0;Now
08:23:46 17/06/2020;Wednesday;0.2695;0.2700000000000002;1.0;0.5949789912257405;0.09563623613943553;0.9909259259259259;0.2700000000000002;11.891111111111112;0.9909259259259259;1.0;0.27033333333333354;12.0;1.0;0.9909259259259259;0.2700000000000002;11.891111111111112;0.9909259259259259;Now
14:58:13 17/06/2020;Wednesday;0.27;0.2700000000000002;1.0;0.5949789912257405;0.09563623613943553;0.4430787037037037;0.2700000000000002;5.316944444444444;0.4430787037037037;1.0;0.27066666666666683;12.0;1.0;0.4430787037037037;0.2700000000000002;5.316944444444444;0.4430787037037037;Now
20:17:14 17/06/2020;Wednesday;0.2701;0.2710000000000002;1.0;0.5941380311005178;0.06380267695036519;0.9910416666666667;0.2710000000000002;11.8925;0.9910416666666667;1.0;0.2713333333333335;12.0;1.0;0.9910416666666667;0.2710000000000002;11.8925;0.9910416666666667;Now
01:44:22 18/06/2020;Thursday;0.2708;0.2710000000000002;1.0;0.5941380311005178;0.06380267695036519;0.5366898148148148;0.2710000000000002;6.440277777777778;0.5366898148148148;1.0;0.2715000000000002;12.0;1.0;0.5366898148148148;0.2710000000000002;6.440277777777778;0.5366898148148148;Now
08:10:47 18/06/2020;Thursday;0.2713;0.2720000000000002;1.0;0.5932958789676529;0.03192399571009166;1.0;0.2720000000000002;12.0;1.0;1.0;0.2720000000000002;12.0;1.0;1.0;0.2720000000000002;12.0;1.0;Now
14:45:18 18/06/2020;Thursday;0.2714;0.2720000000000002;1.0;0.5932958789676529;0.03192399571009166;1.0;0.2720000000000002;12.0;1.0;1.0;0.2720000000000002;12.0;1.0;1.0;0.2720000000000002;12.0;1.0;Now
19:55:37 18/06/2020;Thursday;0.2717;0.2720000000000002;1.0;0.5932958789676529;0.03192399571009166;1.0;0.2720000000000002;12.0;1.0;1.0;0.2720000000000002;12.0;1.0;1.0;0.2720000000000002;12.0;1.0;Now
02:47:07 19/06/2020;Friday;0.2712;0.2720000000000002;1.0;0.5932958789676529;0.03192399571009166;1.0;0.2720000000000002;12.0;1.0;1.0;0.2720000000000002;12.0;1.0;1.0;0.2720000000000002;12.0;1.0;Now
13:42:06 19/06/2020;Friday;0.2717;0.2720000000000002;1.0;0.5932958789676529;0.03192399571009166;0.6180555555555556;0.2720000000000002;7.416666666666667;0.6180555555555556;1.0;0.2725000000000002;12.0;1.0;0.6180555555555556;0.2720000000000002;7.416666666666667;0.6180555555555556;Now
21:07:06 19/06/2020;Friday;0.2724;0.2730000000000002;1.0;0.5924525297439448;0.0;1.0;0.2730000000000002;12.0;1.0;1.0;0.2730000000000002;12.0;1.0;1.0;0.2730000000000002;12.0;1.0;Now
02:51:12 20/06/2020;Saturday;0.2725;0.2730000000000002;1.0;0.5924525297439448;0.0;1.0;0.2730000000000002;12.0;1.0;1.0;0.2730000000000002;12.0;1.0;1.0;0.2730000000000002;12.0;1.0;Now
08:35:41 20/06/2020;Saturday;0.2718;0.2730000000000002;1.0;0.5924525297439448;0.0;1.0;0.2730000000000002;12.0;1.0;1.0;0.2730000000000002;12.0;1.0;1.0;0.2730000000000002;12.0;1.0;Now
14:03:10 20/06/2020;Saturday;0.2711;0.2730000000000002;1.0;0.5924525297439448;0.0;1.0;0.2730000000000002;12.0;1.0;1.0;0.2725000000000002;12.0;1.0;1.0;0.2730000000000002;12.0;1.0;Now
20:37:36 20/06/2020;Saturday;0.27;0.2720000000000002;1.0;0.5932958789676529;0.03192399571009166;1.0;0.2720000000000002;12.0;1.0;1.0;0.27066666666666683;12.0;1.0;1.0;0.2720000000000002;12.0;1.0;Now
02:47:09 21/06/2020;Sunday;0.2693;0.2700000000000002;1.0;0.5949789912257405;0.09563623613943553;1.0;0.2700000000000002;12.0;1.0;1.0;0.2700000000000002;12.0;1.0;1.0;0.2700000000000002;12.0;1.0;Now
08:31:06 21/06/2020;Sunday;0.269;0.2700000000000002;1.0;0.5949789912257405;0.09563623613943553;1.0;0.2700000000000002;12.0;1.0;1.0;0.2696666666666669;12.0;1.0;1.0;0.2700000000000002;12.0;1.0;Now
13:42:10 21/06/2020;Sunday;0.2688;0.2700000000000002;1.0;0.5949789912257405;0.09563623613943553;1.0;0.2700000000000002;12.0;1.0;1.0;0.2695000000000002;12.0;1.0;1.0;0.2700000000000002;12.0;1.0;Now
20:16:39 21/06/2020;Sunday;0.2686;0.2690000000000002;1.0;0.5958187643906491;0.1274248643379842;1.0;0.2690000000000002;12.0;1.0;1.0;0.2690000000000002;12.0;1.0;1.0;0.2690000000000002;12.0;1.0;Now
03:24:37 22/06/2020;Monday;0.2681;0.2690000000000002;1.0;0.5958187643906491;0.1274248643379842;1.0;0.2690000000000002;12.0;1.0;1.0;0.2690000000000002;12.0;1.0;1.0;0.2690000000000002;12.0;1.0;Now
06:24:44 22/06/2020;Monday;0.2681;0.2690000000000002;1.0;0.5958187643906491;0.1274248643379842;1.0;0.2690000000000002;12.0;1.0;1.0;0.2690000000000002;12.0;1.0;1.0;0.2690000000000002;12.0;1.0;Now
10:41:18 22/06/2020;Monday;0.2677;0.2690000000000002;1.0;0.5958187643906491;0.1274248643379842;1.0;0.2690000000000002;12.0;1.0;1.0;0.26866666666666683;12.0;1.0;1.0;0.2690000000000002;12.0;1.0;Now
16:00:18 22/06/2020;Monday;0.2675;0.2690000000000002;1.0;0.5958187643906491;0.1274248643379842;1.0;0.2690000000000002;12.0;1.0;1.0;0.26866666666666683;12.0;1.0;1.0;0.2690000000000002;12.0;1.0;Now
21:10:47 22/06/2020;Monday;0.268;0.2680000000000002;1.0;0.5966573556070518;0.15916875126213612;0.4668287037037037;0.2680000000000002;5.601944444444444;0.4668287037037037;1.0;0.2685000000000002;12.0;1.0;1.0;0.2685000000000002;12.0;1.0;Now
02:46:54 23/06/2020;Tuesday;0.2684;0.2690000000000002;1.0;0.5958187643906491;0.1274248643379842;1.0;0.2690000000000002;12.0;1.0;1.0;0.2690000000000002;12.0;1.0;1.0;0.2690000000000002;12.0;1.0;Now
09:22:01 23/06/2020;Tuesday;0.2688;0.2690000000000002;1.0;0.5958187643906491;0.1274248643379842;0.5364814814814814;0.2690000000000002;6.437777777777778;0.5364814814814814;1.0;0.2696666666666669;12.0;1.0;0.5364814814814814;0.2690000000000002;6.437777777777778;0.5364814814814814;Now
15:48:17 23/06/2020;Tuesday;0.2695;0.2700000000000002;1.0;0.5949789912257405;0.09563623613943553;1.0;0.2700000000000002;12.0;1.0;1.0;0.2700000000000002;12.0;1.0;1.0;0.2700000000000002;12.0;1.0;Now
20:52:04 23/06/2020;Tuesday;0.2698;0.2700000000000002;1.0;0.5949789912257405;0.09563623613943553;1.0;0.2700000000000002;12.0;1.0;1.0;0.2700000000000002;12.0;1.0;1.0;0.2700000000000002;12.0;1.0;Now
04:21:47 24/06/2020;Wednesday;0.27;0.2700000000000002;1.0;0.5949789912257405;0.09563623613943553;0.9333101851851852;0.2700000000000002;11.199722222222222;0.9333101851851852;1.0;0.27033333333333354;12.0;1.0;0.9333101851851852;0.2700000000000002;11.199722222222222;0.9333101851851852;Now
09:57:47 24/06/2020;Wednesday;0.2699;0.2700000000000002;1.0;0.5949789912257405;0.09563623613943553;0.46664351851851854;0.2700000000000002;5.599722222222222;0.46664351851851854;1.0;0.2705000000000002;12.0;1.0;1.0;0.2705000000000002;12.0;1.0;Now
15:33:46 24/06/2020;Wednesday;0.2703;0.2710000000000002;1.0;0.5941380311005178;0.06380267695036519;1.0;0.2710000000000002;12.0;1.0;1.0;0.2710000000000002;12.0;1.0;1.0;0.2710000000000002;12.0;1.0;Now
22:16:45 24/06/2020;Wednesday;0.2705;0.2710000000000002;1.0;0.5941380311005178;0.06380267695036519;1.0;0.2710000000000002;12.0;1.0;1.0;0.2710000000000002;12.0;1.0;1.0;0.2710000000000002;12.0;1.0;Now
03:19:23 25/06/2020;Thursday;0.2702;0.2710000000000002;1.0;0.5941380311005178;0.06380267695036519;1.0;0.2710000000000002;12.0;1.0;1.0;0.2710000000000002;12.0;1.0;1.0;0.2710000000000002;12.0;1.0;Now
10:52:48 25/06/2020;Thursday;0.2703;0.2710000000000002;1.0;0.5941380311005178;0.06380267695036519;0.9101157407407408;0.2710000000000002;10.921388888888888;0.9101157407407408;1.0;0.2713333333333335;12.0;1.0;0.9101157407407408;0.2710000000000002;10.921388888888888;0.9101157407407408;Now
16:28:34 25/06/2020;Thursday;0.2706;0.2710000000000002;1.0;0.5941380311005178;0.06380267695036519;0.44377314814814817;0.2710000000000002;5.325277777777778;0.44377314814814817;1.0;0.2716666666666669;12.0;1.0;0.44377314814814817;0.2710000000000002;5.325277777777778;0.44377314814814817;Now
21:48:05 25/06/2020;Thursday;0.2711;0.2720000000000002;1.0;0.5932958789676529;0.03192399571009166;1.0;0.2720000000000002;12.0;1.0;1.0;0.2720000000000002;12.0;1.0;1.0;0.2720000000000002;12.0;1.0;Now
02:50:04 26/06/2020;Friday;0.2715;0.2720000000000002;1.0;0.5932958789676529;0.03192399571009166;1.0;0.2720000000000002;12.0;1.0;1.0;0.2720000000000002;12.0;1.0;1.0;0.2720000000000002;12.0;1.0;Now
08:17:34 26/06/2020;Friday;0.2716;0.2720000000000002;1.0;0.5932958789676529;0.03192399571009166;1.0;0.2720000000000002;12.0;1.0;1.0;0.2720000000000002;12.0;1.0;1.0;0.2720000000000002;12.0;1.0;Now
13:45:05 26/06/2020;Friday;0.2714;0.2720000000000002;1.0;0.5932958789676529;0.03192399571009166;1.0;0.2720000000000002;12.0;1.0;1.0;0.2720000000000002;12.0;1.0;1.0;0.2720000000000002;12.0;1.0;Now
18:39:10 26/06/2020;Friday;0.2712;0.2720000000000002;1.0;0.5932958789676529;0.03192399571009166;1.0;0.2720000000000002;12.0;1.0;1.0;0.2720000000000002;12.0;1.0;1.0;0.2720000000000002;12.0;1.0;Now
00:15:04 27/06/2020;Saturday;0.2708;0.2720000000000002;1.0;0.5932958789676529;0.03192399571009166;1.0;0.2720000000000002;12.0;1.0;1.0;0.2716666666666669;12.0;1.0;1.0;0.2720000000000002;12.0;1.0;Now
06:33:19 27/06/2020;Saturday;0.2702;0.2720000000000002;1.0;0.5932958789676529;0.03192399571009166;1.0;0.2720000000000002;12.0;1.0;1.0;0.2713333333333335;12.0;1.0;1.0;0.2715000000000002;12.0;1.0;Now
11:27:27 27/06/2020;Saturday;0.2695;0.2710000000000002;1.0;0.5941380311005178;0.06380267695036519;1.0;0.2710000000000002;12.0;1.0;1.0;0.27066666666666683;12.0;1.0;1.0;0.2710000000000002;12.0;1.0;Now
16:29:20 27/06/2020;Saturday;0.2689;0.2710000000000002;1.0;0.5941380311005178;0.06380267695036519;1.0;0.2710000000000002;12.0;1.0;1.0;0.27033333333333354;12.0;1.0;1.0;0.2705000000000002;12.0;1.0;Now
21:07:08 27/06/2020;Saturday;0.2686;0.2700000000000002;1.0;0.5949789912257405;0.09563623613943553;0.9563194444444445;0.2700000000000002;11.475833333333334;0.9563194444444445;1.0;0.27033333333333354;12.0;1.0;0.9563194444444445;0.2700000000000002;11.475833333333334;0.9563194444444445;Now
02:59:28 28/06/2020;Sunday;0.2694;0.2700000000000002;1.0;0.5949789912257405;0.09563623613943553;0.4669675925925926;0.2700000000000002;5.603611111111111;0.4669675925925926;1.0;0.27066666666666683;12.0;1.0;0.4669675925925926;0.2700000000000002;5.603611111111111;0.4669675925925926;Now
08:35:41 28/06/2020;Sunday;0.2702;0.2710000000000002;1.0;0.5941380311005178;0.06380267695036519;1.0;0.2710000000000002;12.0;1.0;1.0;0.2710000000000002;12.0;1.0;1.0;0.2710000000000002;12.0;1.0;Now
14:11:19 28/06/2020;Sunday;0.271;0.2710000000000002;1.0;0.5941380311005178;0.06380267695036519;1.0;0.2710000000000002;12.0;1.0;1.0;0.2710000000000002;12.0;1.0;1.0;0.2710000000000002;12.0;1.0;Now
21:02:55 28/06/2020;Sunday;0.2709;0.2710000000000002;1.0;0.5941380311005178;0.06380267695036519;1.0;0.2710000000000002;12.0;1.0;1.0;0.2710000000000002;12.0;1.0;1.0;0.2710000000000002;12.0;1.0;Now
22:17:28 28/06/2020;Sunday;0.2709;0.2710000000000002;1.0;0.5941380311005178;0.06380267695036519;1.0;0.2710000000000002;12.0;1.0;1.0;0.2710000000000002;12.0;1.0;1.0;0.2710000000000002;12.0;1.0;Now
03:54:28 29/06/2020;Monday;0.271;0.2710000000000002;1.0;0.5941380311005178;0.06380267695036519;1.0;0.2710000000000002;12.0;1.0;1.0;0.2710000000000002;12.0;1.0;1.0;0.2710000000000002;12.0;1.0;Now
10:28:45 29/06/2020;Monday;0.2709;0.2710000000000002;1.0;0.5941380311005178;0.06380267695036519;1.0;0.2710000000000002;12.0;1.0;1.0;0.2710000000000002;12.0;1.0;1.0;0.2710000000000002;12.0;1.0;Now
01:15:45 30/06/2020;Tuesday;0.2707;0.2710000000000002;1.0;0.5941380311005178;0.06380267695036519;1.0;0.2710000000000002;12.0;1.0;1.0;0.2710000000000002;12.0;1.0;1.0;0.2710000000000002;12.0;1.0;Now
06:36:31 30/06/2020;Tuesday;0.2707;0.2710000000000002;1.0;0.5941380311005178;0.06380267695036519;;;;;;;;;;;;;Now
06:51:34 30/06/2020;Tuesday;0.2705;0.2710000000000002;1.0;0.5941380311005178;0.06380267695036519;;;;;;;;;;;;;Now
14:00:04 30/06/2020;Tuesday;0.2703;0.2710000000000002;1.0;0.5941380311005178;0.06380267695036519;;;;;;;;;;;;;Now
