14:00:04 30/06/2020;0.2703;;;;;;;
03:37:00 01/07/2020;0.2704;0.2710000000000002;1.0;0.5941380311005178;0.2710000000000002;12.0;0.2710000000000002;12.0
10:11:44 01/07/2020;0.2703;0.2710000000000002;1.0;0.5941380311005178;0.2710000000000002;12.0;0.2710000000000002;12.0
16:29:31 01/07/2020;0.2698;0.2710000000000002;1.0;0.5941380311005178;0.2710000000000002;12.0;0.2710000000000002;12.0
21:56:31 01/07/2020;0.2693;0.2710000000000002;1.0;0.5941380311005178;0.2710000000000002;12.0;0.2710000000000002;12.0
04:56:32 02/07/2020;0.2685;0.2700000000000002;1.0;0.5949789912257405;0.2700000000000002;12.0;0.2700000000000002;12.0
17:56:37 02/07/2020;0.2682;0.2690000000000002;1.0;0.5958187643906491;0.2690000000000002;12.0;0.2690000000000002;12.0
00:22:56 03/07/2020;0.2669;0.2690000000000002;1.0;0.5958187643906491;0.2690000000000002;12.0;0.2690000000000002;12.0
07:13:51 03/07/2020;0.2658;0.2670000000000002;1.0;0.5974947698515861;0.2670000000000002;12.0;0.2670000000000002;12.0
12:07:52 03/07/2020;0.2655;0.2670000000000002;1.0;0.5974947698515861;0.2670000000000002;12.0;0.2665000000000002;12.0
17:43:25 03/07/2020;0.2648;0.2660000000000002;1.0;0.5983310120660635;0.2660000000000002;12.0;0.2660000000000002;12.0
00:51:22 04/07/2020;0.263;0.2650000000000002;1.0;0.5991660871578095;0.2650000000000002;12.0;0.2650000000000002;12.0
05:28:26 04/07/2020;0.2629;0.2650000000000002;1.0;0.5991660871578095;0.2650000000000002;12.0;0.2650000000000002;12.0
11:29:00 04/07/2020;0.2636;0.2640000000000002;1.0;0.5999999999999999;0.2640000000000002;7.275;0.2640000000000002;7.275
18:45:30 04/07/2020;0.2641;0.2650000000000002;1.0;0.5991660871578095;0.2650000000000002;12.0;0.2650000000000002;12.0
01:19:56 05/07/2020;0.2635;0.2650000000000002;1.0;0.5991660871578095;0.2650000000000002;12.0;0.2650000000000002;12.0
08:53:32 05/07/2020;0.2627;0.2640000000000002;1.0;0.5999999999999999;0.2640000000000002;12.0;0.2640000000000002;12.0
14:45:59 05/07/2020;0.2621;0.2630000000000002;1.0;0.6008327554319919;0.2630000000000002;12.0;0.2630000000000002;12.0
19:47:53 05/07/2020;0.2619;0.2630000000000002;1.0;0.6008327554319919;0.2630000000000002;12.0;0.2630000000000002;12.0
02:38:51 06/07/2020;0.2615;0.2630000000000002;1.0;0.6008327554319919;0.2630000000000002;12.0;0.2630000000000002;12.0
09:55:21 06/07/2020;0.2613;0.2620000000000002;1.0;0.6016643582596528;0.2620000000000002;12.0;0.2620000000000002;12.0
15:39:36 06/07/2020;0.2612;0.2620000000000002;1.0;0.6016643582596528;0.2620000000000002;12.0;0.2620000000000002;12.0
21:32:10 06/07/2020;0.2611;0.2620000000000002;1.0;0.6016643582596528;0.2620000000000002;12.0;0.2620000000000002;12.0
02:08:37 07/07/2020;0.2609;0.2620000000000002;1.0;0.6016643582596528;0.2620000000000002;12.0;0.2620000000000002;12.0
09:33:36 07/07/2020;0.2608;0.2610000000000002;1.0;0.6024948132556825;0.2610000000000002;12.0;0.2610000000000002;12.0
14:27:08 07/07/2020;0.2606;0.2610000000000002;1.0;0.6024948132556825;0.2610000000000002;12.0;0.2610000000000002;12.0
21:23:37 07/07/2020;0.2603;0.2610000000000002;1.0;0.6024948132556825;0.2610000000000002;12.0;0.2610000000000002;12.0
02:15:07 08/07/2020;0.26;0.2610000000000002;1.0;0.6024948132556825;0.2610000000000002;12.0;0.2610000000000002;12.0
08:16:08 08/07/2020;0.2598;0.2610000000000002;1.0;0.6024948132556825;0.2610000000000002;12.0;0.2610000000000002;12.0
14:18:25 08/07/2020;0.2601;0.2610000000000002;1.0;0.6024948132556825;0.2610000000000002;12.0;0.2610000000000002;12.0
20:34:56 08/07/2020;0.2602;0.2610000000000002;1.0;0.6024948132556825;0.2610000000000002;12.0;0.2610000000000002;12.0
04:00:04 09/07/2020;0.2596;0.2610000000000002;1.0;0.6024948132556825;0.2610000000000002;12.0;0.2610000000000002;12.0
09:43:59 09/07/2020;0.2589;0.2600000000000002;1.0;0.603324125159934;0.2600000000000002;12.0;0.2600000000000002;12.0
15:19:57 09/07/2020;0.2582;0.2600000000000002;1.0;0.603324125159934;0.2600000000000002;12.0;0.2595000000000002;12.0
20:05:23 09/07/2020;0.258;0.2590000000000002;1.0;0.6041522986797284;0.2590000000000002;12.0;0.2590000000000002;12.0
03:13:30 10/07/2020;0.2569;0.2590000000000002;1.0;0.6041522986797284;0.2590000000000002;12.0;0.2590000000000002;12.0
09:48:05 10/07/2020;0.2564;0.2570000000000002;1.0;0.6058052492344382;0.2570000000000002;12.0;0.2570000000000002;12.0
16:05:33 10/07/2020;0.2559;0.2570000000000002;1.0;0.6058052492344382;0.2570000000000002;12.0;0.2570000000000002;12.0
22:57:00 10/07/2020;0.2557;0.25600000000000017;1.0;0.6066300355241239;0.25600000000000017;12.0;0.25600000000000017;12.0
11:32:10 11/07/2020;0.2553;0.25600000000000017;1.0;0.6066300355241239;0.25600000000000017;12.0;0.25600000000000017;12.0
16:26:25 11/07/2020;0.2551;0.25600000000000017;1.0;0.6066300355241239;0.25600000000000017;12.0;0.25600000000000017;12.0
22:52:06 11/07/2020;0.2544;0.25600000000000017;1.0;0.6066300355241239;0.25600000000000017;12.0;0.25600000000000017;12.0
05:10:02 12/07/2020;0.2537;0.25500000000000017;1.0;0.6074537019394974;0.25500000000000017;12.0;0.25500000000000017;12.0
10:28:40 12/07/2020;0.253;0.25500000000000017;1.0;0.6074537019394974;0.25500000000000017;12.0;0.25450000000000017;12.0
15:56:00 12/07/2020;0.2524;0.25400000000000017;1.0;0.6082762530298218;0.25400000000000017;12.0;0.25400000000000017;12.0
22:30:29 12/07/2020;0.2516;0.25300000000000017;1.0;0.6090976933136423;0.25300000000000017;12.0;0.25300000000000017;12.0
04:31:01 13/07/2020;0.251;0.25200000000000017;1.0;0.6099180272790761;0.25200000000000017;12.0;0.25200000000000017;12.0
11:39:02 13/07/2020;0.2501;0.25100000000000017;1.0;0.6107372593840987;0.25100000000000017;12.0;0.25100000000000017;12.0
19:12:46 13/07/2020;0.2487;0.25100000000000017;1.0;0.6107372593840987;0.25100000000000017;12.0;0.25000000000000017;12.0
00:06:21 14/07/2020;0.248;0.2490000000000002;1.0;0.6123724356957944;0.2490000000000002;12.0;0.2490000000000002;12.0
06:24:07 14/07/2020;0.2478;0.2490000000000002;1.0;0.6123724356957944;0.2490000000000002;12.0;0.2490000000000002;12.0
13:15:08 14/07/2020;0.2474;0.2480000000000002;1.0;0.6131883886702355;0.2480000000000002;12.0;0.2480000000000002;12.0
18:42:47 14/07/2020;0.2465;0.2480000000000002;1.0;0.6131883886702355;0.2480000000000002;12.0;0.2480000000000002;12.0
01:42:09 15/07/2020;0.2451;0.2470000000000002;1.0;0.6140032573203499;0.2470000000000002;12.0;0.2470000000000002;12.0
06:36:11 15/07/2020;0.2444;0.2470000000000002;1.0;0.6140032573203499;0.2470000000000002;12.0;0.2470000000000002;12.0
12:37:08 15/07/2020;0.2436;0.2460000000000002;1.0;0.6148170459575757;0.2460000000000002;12.0;0.2460000000000002;12.0
18:54:49 15/07/2020;0.2432;0.2440000000000002;1.0;0.6164414002968974;0.2440000000000002;12.0;0.2440000000000002;12.0
23:57:18 15/07/2020;0.2435;0.2440000000000002;1.0;0.6164414002968974;0.2440000000000002;12.0;0.2440000000000002;12.0
06:48:08 16/07/2020;0.2432;0.2440000000000002;1.0;0.6164414002968974;0.2440000000000002;12.0;0.2440000000000002;12.0
00:50:53 17/07/2020;0.2427;0.2430000000000002;1.0;0.6172519744804384;0.2430000000000002;12.0;0.2430000000000002;12.0
06:26:53 17/07/2020;0.2426;0.2430000000000002;1.0;0.6172519744804384;0.2430000000000002;12.0;0.2430000000000002;12.0
11:03:56 17/07/2020;0.2425;0.2430000000000002;1.0;0.6172519744804384;0.2430000000000002;12.0;0.2430000000000002;12.0
17:55:27 17/07/2020;0.2424;0.2430000000000002;1.0;0.6172519744804384;0.2430000000000002;12.0;0.2430000000000002;12.0
00:21:30 18/07/2020;0.2418;0.2430000000000002;1.0;0.6172519744804384;0.2430000000000002;12.0;0.2430000000000002;12.0
12:32:03 18/07/2020;0.242;0.2420000000000002;1.0;0.6180614856144976;0.2420000000000002;12.0;0.2420000000000002;12.0
00:51:02 19/07/2020;0.2422;0.2430000000000002;1.0;0.6172519744804384;0.2430000000000002;12.0;0.2430000000000002;12.0
07:58:50 19/07/2020;0.2425;0.2430000000000002;1.0;0.6172519744804384;0.2430000000000002;12.0;0.2430000000000002;12.0
14:58:50 19/07/2020;0.2429;0.2430000000000002;1.0;0.6172519744804384;0.2430000000000002;6.298611111111111;0.2430000000000002;6.298611111111111
21:16:45 19/07/2020;0.2432;0.2440000000000002;1.0;0.6164414002968974;0.2440000000000002;12.0;0.2440000000000002;12.0
02:35:47 20/07/2020;0.2434;0.2440000000000002;1.0;0.6164414002968974;0.2440000000000002;12.0;0.2440000000000002;12.0
07:37:59 20/07/2020;0.2437;0.2440000000000002;1.0;0.6164414002968974;0.2440000000000002;12.0;0.2440000000000002;12.0
13:13:45 20/07/2020;0.244;0.2440000000000002;1.0;0.6164414002968974;0.2440000000000002;12.0;0.2440000000000002;12.0
20:40:02 20/07/2020;0.2433;0.2440000000000002;1.0;0.6164414002968974;0.2440000000000002;12.0;0.2440000000000002;12.0
22:45:34 20/07/2020;0.2433;0.2440000000000002;1.0;0.6164414002968974;0.2440000000000002;12.0;0.2440000000000002;12.0
01:18:46 21/07/2020;0.243;0.2440000000000002;1.0;0.6164414002968974;0.2440000000000002;12.0;0.2440000000000002;12.0
07:45:47 21/07/2020;0.2424;0.2440000000000002;1.0;0.6164414002968974;0.2440000000000002;12.0;0.2440000000000002;12.0
13:22:20 21/07/2020;0.2416;0.2430000000000002;1.0;0.6172519744804384;0.2430000000000002;12.0;0.2430000000000002;12.0
18:52:55 21/07/2020;0.2401;0.2430000000000002;1.0;0.6172519744804384;0.2430000000000002;12.0;0.2420000000000002;12.0
21:21:55 21/07/2020;0.2401;0.2420000000000002;1.0;0.6180614856144976;0.2420000000000002;12.0;0.2415000000000002;12.0
01:24:02 22/07/2020;0.2392;0.2410000000000002;1.0;0.6188699378706319;0.2410000000000002;12.0;0.2410000000000002;12.0
08:08:04 22/07/2020;0.2387;0.2410000000000002;1.0;0.6188699378706319;0.2410000000000002;12.0;0.2410000000000002;12.0
14:26:33 22/07/2020;0.238;0.23900000000000018;1.0;0.6204836822995426;0.23900000000000018;12.0;0.23900000000000018;12.0
21:35:04 22/07/2020;0.2361;0.23800000000000018;1.0;0.6212889826803625;0.23800000000000018;12.0;0.23800000000000018;12.0
01:46:28 23/07/2020;0.2361;0.23800000000000018;1.0;0.6212889826803625;0.23800000000000018;12.0;0.23750000000000018;12.0
03:54:01 23/07/2020;0.2353;0.23700000000000018;1.0;0.6220932405998315;0.23700000000000018;12.0;0.23700000000000018;12.0
08:48:01 23/07/2020;0.2347;0.23700000000000018;1.0;0.6220932405998315;0.23700000000000018;12.0;0.23700000000000018;12.0
13:42:32 23/07/2020;0.2341;0.23700000000000018;1.0;0.6220932405998315;0.23700000000000018;12.0;0.23700000000000018;12.0
20:01:02 23/07/2020;0.2328;0.23500000000000018;1.0;0.6236986451805069;0.23500000000000018;12.0;0.23500000000000018;12.0
00:46:32 24/07/2020;0.2322;0.23500000000000018;1.0;0.6236986451805069;0.23500000000000018;12.0;0.23500000000000018;12.0
08:04:01 24/07/2020;0.2319;0.23300000000000018;1.0;0.6252999280345392;0.23300000000000018;12.0;0.23300000000000018;12.0
14:14:02 24/07/2020;0.2315;0.23200000000000018;1.0;0.6260990336999409;0.23200000000000018;12.0;0.23200000000000018;12.0
21:14:14 24/07/2020;0.2307;0.23200000000000018;1.0;0.6260990336999409;0.23200000000000018;12.0;0.23200000000000018;12.0
02:59:16 25/07/2020;0.2304;0.23100000000000018;1.0;0.626897120746299;0.23100000000000018;12.0;0.23100000000000018;12.0
08:01:56 25/07/2020;0.2303;0.23100000000000018;1.0;0.626897120746299;0.23100000000000018;12.0;0.23100000000000018;12.0
15:36:20 25/07/2020;0.2305;0.23100000000000018;1.0;0.626897120746299;0.23100000000000018;12.0;0.23100000000000018;12.0
21:29:24 25/07/2020;0.2306;0.23100000000000018;1.0;0.626897120746299;0.23100000000000018;12.0;0.23100000000000018;12.0
02:15:21 26/07/2020;0.23;0.23100000000000018;1.0;0.626897120746299;0.23100000000000018;12.0;0.23100000000000018;12.0
08:33:49 26/07/2020;0.2294;0.23100000000000018;1.0;0.626897120746299;0.23100000000000018;12.0;0.23100000000000018;12.0
15:00:23 26/07/2020;0.2288;0.23000000000000018;1.0;0.6276941930590084;0.23000000000000018;12.0;0.23000000000000018;12.0
19:54:53 26/07/2020;0.2284;0.23000000000000018;1.0;0.6276941930590084;0.23000000000000018;12.0;0.23000000000000018;12.0
02:04:53 27/07/2020;0.228;0.22900000000000018;1.0;0.6284902544988266;0.22900000000000018;12.0;0.22900000000000018;12.0
08:57:25 27/07/2020;0.2274;0.22800000000000017;1.0;0.6292853089020908;0.22800000000000017;12.0;0.22800000000000017;12.0
14:51:03 27/07/2020;0.2265;0.22800000000000017;1.0;0.6292853089020908;0.22800000000000017;12.0;0.22800000000000017;12.0
19:45:23 27/07/2020;0.2259;0.22800000000000017;1.0;0.6292853089020908;0.22800000000000017;12.0;0.22800000000000017;12.0
02:29:25 28/07/2020;0.2252;0.22700000000000017;1.0;0.6300793600809345;0.22700000000000017;12.0;0.22700000000000017;12.0
09:30:00 28/07/2020;0.225;0.22600000000000017;1.0;0.6308724118235001;0.22600000000000017;12.0;0.22600000000000017;12.0
14:24:23 28/07/2020;0.2247;0.22600000000000017;1.0;0.6308724118235001;0.22600000000000017;12.0;0.22600000000000017;12.0
21:53:24 28/07/2020;0.2242;0.22500000000000017;1.0;0.6316644678941501;0.22500000000000017;12.0;0.22500000000000017;12.0
04:54:24 29/07/2020;0.2237;0.22500000000000017;1.0;0.6316644678941501;0.22500000000000017;12.0;0.22450000000000017;12.0
10:13:58 29/07/2020;0.2235;0.22400000000000017;1.0;0.6324555320336757;0.22400000000000017;12.0;0.22400000000000017;12.0
17:31:24 29/07/2020;0.2228;0.22400000000000017;1.0;0.6324555320336757;0.22400000000000017;12.0;0.22350000000000017;12.0
22:51:24 29/07/2020;0.2226;0.22300000000000017;1.0;0.6332456079595024;0.22300000000000017;12.0;0.22300000000000017;12.0
16:06:23 30/07/2020;0.2223;0.22300000000000017;1.0;0.6332456079595024;0.22300000000000017;12.0;0.22300000000000017;12.0
23:07:26 30/07/2020;0.2223;0.22300000000000017;1.0;0.6332456079595024;0.22300000000000017;12.0;0.22300000000000017;12.0
02:45:33 31/07/2020;0.2224;0.22300000000000017;1.0;0.6332456079595024;0.22300000000000017;12.0;0.22300000000000017;12.0
07:31:44 31/07/2020;0.2225;0.22300000000000017;1.0;0.6332456079595024;0.22300000000000017;12.0;0.22300000000000017;12.0
12:17:31 31/07/2020;0.2224;0.22300000000000017;1.0;0.6332456079595024;0.22300000000000017;12.0;0.22300000000000017;12.0
12:17:31 31/07/2020;0.2224;0.22300000000000017;1.0;0.6332456079595024;0.22300000000000017;12.0;0.22300000000000017;12.0
01:45:05 01/08/2020;0.2226;0.22300000000000017;1.0;0.6332456079595024;0.22300000000000017;12.0;0.22300000000000017;12.0
08:46:00 01/08/2020;0.2223;0.22300000000000017;1.0;0.6332456079595024;0.22300000000000017;12.0;0.22300000000000017;12.0
13:23:25 01/08/2020;0.2221;0.22300000000000017;1.0;0.6332456079595024;0.22300000000000017;12.0;0.22300000000000017;12.0
19:25:22 01/08/2020;0.2223;0.22300000000000017;1.0;0.6332456079595024;0.22300000000000017;12.0;0.22300000000000017;12.0
01:01:46 02/08/2020;0.2229;0.22300000000000017;1.0;0.6332456079595024;0.22300000000000017;7.008333333333334;0.22300000000000017;7.008333333333334
08:02:16 02/08/2020;0.2235;0.22400000000000017;1.0;0.6324555320336757;0.22400000000000017;6.866666666666666;0.22400000000000017;6.866666666666666
14:54:16 02/08/2020;0.2241;0.22500000000000017;1.0;0.6316644678941501;0.22500000000000017;12.0;0.22500000000000017;12.0
20:22:28 02/08/2020;0.2246;0.22500000000000017;1.0;0.6316644678941501;0.22500000000000017;12.0;0.22500000000000017;12.0
03:22:47 03/08/2020;0.2244;0.22500000000000017;1.0;0.6316644678941501;0.22500000000000017;12.0;0.22500000000000017;12.0
09:16:24 03/08/2020;0.2245;0.22500000000000017;1.0;0.6316644678941501;0.22500000000000017;12.0;0.22500000000000017;12.0
15:01:15 03/08/2020;0.2243;0.22500000000000017;1.0;0.6316644678941501;0.22500000000000017;12.0;0.22500000000000017;12.0
20:29:15 03/08/2020;0.2238;0.22500000000000017;1.0;0.6316644678941501;0.22500000000000017;12.0;0.22500000000000017;12.0
02:06:12 04/08/2020;0.2237;0.22500000000000017;1.0;0.6316644678941501;0.22500000000000017;12.0;0.22450000000000017;12.0
07:50:51 04/08/2020;0.2236;0.22400000000000017;1.0;0.6324555320336757;0.22400000000000017;12.0;0.22400000000000017;12.0
14:52:13 04/08/2020;0.2234;0.22400000000000017;1.0;0.6324555320336757;0.22400000000000017;12.0;0.22400000000000017;12.0
20:45:14 04/08/2020;0.2228;0.22400000000000017;1.0;0.6324555320336757;0.22400000000000017;12.0;0.22400000000000017;12.0
02:13:15 05/08/2020;0.2225;0.22400000000000017;1.0;0.6324555320336757;0.22400000000000017;12.0;0.22350000000000017;12.0
07:15:51 05/08/2020;0.2223;0.22300000000000017;1.0;0.6332456079595024;0.22300000000000017;12.0;0.22300000000000017;12.0
19:10:51 05/08/2020;0.2221;0.22300000000000017;1.0;0.6332456079595024;0.22300000000000017;12.0;0.22300000000000017;12.0
23:57:02 05/08/2020;0.2223;0.22300000000000017;1.0;0.6332456079595024;0.22300000000000017;12.0;0.22300000000000017;12.0
06:32:21 06/08/2020;0.2229;0.22300000000000017;1.0;0.6332456079595024;0.22300000000000017;7.566388888888889;0.22300000000000017;7.566388888888889
14:06:20 06/08/2020;0.2239;0.22400000000000017;1.0;0.6324555320336757;0.22400000000000017;5.883611111111111;0.22400000000000017;5.883611111111111
19:59:21 06/08/2020;0.2245;0.22500000000000017;1.0;0.6316644678941501;0.22500000000000017;5.466944444444445;0.22500000000000017;5.466944444444445
01:27:22 07/08/2020;0.2254;0.22600000000000017;1.0;0.6308724118235001;0.22600000000000017;10.514444444444445;0.22600000000000017;10.514444444444445
05:13:01 07/08/2020;0.2254;0.22600000000000017;1.0;0.6308724118235001;0.22600000000000017;6.753611111111111;0.22600000000000017;6.753611111111111
06:30:15 07/08/2020;0.2257;0.22600000000000017;1.0;0.6308724118235001;0.22600000000000017;5.466388888888889;0.22600000000000017;5.466388888888889
11:58:14 07/08/2020;0.2263;0.22700000000000017;1.0;0.6300793600809345;0.22700000000000017;12.0;0.22700000000000017;12.0
17:26:14 07/08/2020;0.2268;0.22700000000000017;1.0;0.6300793600809345;0.22700000000000017;6.871666666666667;0.22700000000000017;6.871666666666667
00:18:32 08/08/2020;0.2273;0.22800000000000017;1.0;0.6292853089020908;0.22800000000000017;12.0;0.22800000000000017;12.0
07:32:53 08/08/2020;0.2276;0.22800000000000017;1.0;0.6292853089020908;0.22800000000000017;6.356944444444444;0.22800000000000017;6.356944444444444
13:54:18 08/08/2020;0.2281;0.22900000000000018;1.0;0.6284902544988266;0.22900000000000018;12.0;0.22900000000000018;12.0
19:47:15 08/08/2020;0.2284;0.22900000000000018;1.0;0.6284902544988266;0.22900000000000018;11.913333333333334;0.22900000000000018;11.913333333333334
00:50:14 09/08/2020;0.2289;0.22900000000000018;1.0;0.6284902544988266;0.22900000000000018;6.863611111111111;0.22900000000000018;6.863611111111111
07:42:03 09/08/2020;0.2297;0.23000000000000018;1.0;0.6276941930590084;0.23000000000000018;6.1658333333333335;0.23000000000000018;6.1658333333333335
13:52:00 09/08/2020;0.2305;0.23100000000000018;1.0;0.626897120746299;0.23100000000000018;12.0;0.23100000000000018;12.0
18:46:34 09/08/2020;0.2304;0.23100000000000018;1.0;0.626897120746299;0.23100000000000018;12.0;0.23100000000000018;12.0
00:31:29 10/08/2020;0.2306;0.23100000000000018;1.0;0.626897120746299;0.23100000000000018;12.0;0.23100000000000018;12.0
06:57:58 10/08/2020;0.2307;0.23100000000000018;1.0;0.626897120746299;0.23100000000000018;12.0;0.23100000000000018;12.0
04:09:33 11/08/2020;0.2306;0.23100000000000018;1.0;0.626897120746299;0.23100000000000018;12.0;0.23100000000000018;12.0
09:54:26 11/08/2020;0.2303;0.23100000000000018;1.0;0.626897120746299;0.23100000000000018;12.0;0.23100000000000018;12.0
00:30:10 12/08/2020;0.2302;0.23100000000000018;1.0;0.626897120746299;0.23100000000000018;12.0;0.23100000000000018;12.0
06:23:19 12/08/2020;0.2301;0.23100000000000018;1.0;0.626897120746299;0.23100000000000018;12.0;0.23100000000000018;12.0
11:09:23 12/08/2020;0.2298;0.23100000000000018;1.0;0.626897120746299;0.23100000000000018;12.0;0.23100000000000018;12.0
16:28:40 12/08/2020;0.2294;0.23100000000000018;1.0;0.626897120746299;0.23100000000000018;12.0;0.23100000000000018;12.0
21:07:13 12/08/2020;0.2294;0.23000000000000018;1.0;0.6276941930590084;0.23000000000000018;12.0;0.23000000000000018;12.0
23:29:04 12/08/2020;0.2282;0.23000000000000018;1.0;0.6276941930590084;0.23000000000000018;12.0;0.23000000000000018;12.0
04:40:05 13/08/2020;0.2273;0.23000000000000018;1.0;0.6276941930590084;0.23000000000000018;12.0;0.22950000000000018;12.0
09:26:04 13/08/2020;0.2266;0.22900000000000018;1.0;0.6284902544988266;0.22900000000000018;12.0;0.22900000000000018;12.0
16:43:34 13/08/2020;0.2255;0.22700000000000017;1.0;0.6300793600809345;0.22700000000000017;12.0;0.22700000000000017;12.0
23:10:04 13/08/2020;0.2245;0.22600000000000017;1.0;0.6308724118235001;0.22600000000000017;12.0;0.22600000000000017;12.0
05:20:36 14/08/2020;0.2235;0.22500000000000017;1.0;0.6316644678941501;0.22500000000000017;12.0;0.22500000000000017;12.0
11:47:33 14/08/2020;0.2227;0.22400000000000017;1.0;0.6324555320336757;0.22400000000000017;12.0;0.22400000000000017;12.0
19:21:33 14/08/2020;0.2217;0.22300000000000017;1.0;0.6332456079595024;0.22300000000000017;12.0;0.22300000000000017;12.0
02:05:34 15/08/2020;0.2205;0.22200000000000017;1.0;0.6340346993658942;0.22200000000000017;12.0;0.22150000000000017;12.0
07:25:04 15/08/2020;0.2193;0.22100000000000017;1.0;0.634822809924155;0.22100000000000017;12.0;0.22100000000000017;12.0
13:52:06 15/08/2020;0.218;0.22100000000000017;1.0;0.634822809924155;0.22100000000000017;12.0;0.22050000000000017;12.0
18:38:04 15/08/2020;0.2174;0.22000000000000017;1.0;0.6356099432828279;0.22000000000000017;12.0;0.21900000000000017;12.0
00:14:34 16/08/2020;0.2166;0.21800000000000017;1.0;0.6371812928829594;0.21800000000000017;12.0;0.21800000000000017;12.0
06:41:53 16/08/2020;0.2155;0.21700000000000016;1.0;0.6379655163094631;0.21700000000000016;12.0;0.21700000000000016;12.0
11:52:53 16/08/2020;0.2146;0.21700000000000016;1.0;0.6379655163094631;0.21700000000000016;12.0;0.21700000000000016;12.0
18:28:18 16/08/2020;0.2137;0.21600000000000016;1.0;0.6387487769068523;0.21600000000000016;12.0;0.21550000000000016;12.0
23:14:24 16/08/2020;0.2131;0.21500000000000016;1.0;0.6395310782127791;0.21500000000000016;12.0;0.21500000000000016;12.0
05:41:20 17/08/2020;0.2124;0.21400000000000016;1.0;0.6403124237432847;0.21400000000000016;12.0;0.21400000000000016;12.0
12:25:18 17/08/2020;0.2118;0.21300000000000016;1.0;0.6410928169929841;0.21300000000000016;12.0;0.21300000000000016;12.0
18:43:47 17/08/2020;0.2112;0.21200000000000016;1.0;0.6418722614352483;0.21200000000000016;12.0;0.21200000000000016;12.0
01:19:38 18/08/2020;0.2104;0.21200000000000016;1.0;0.6418722614352483;0.21200000000000016;12.0;0.21200000000000016;12.0
08:12:04 18/08/2020;0.21;0.21100000000000016;1.0;0.642650760522385;0.21100000000000016;12.0;0.21100000000000016;12.0
13:14:45 18/08/2020;0.2096;0.21100000000000016;1.0;0.642650760522385;0.21100000000000016;12.0;0.21050000000000016;12.0
17:55:39 18/08/2020;0.2096;0.21000000000000016;1.0;0.6434283176858163;0.21000000000000016;12.0;0.21000000000000016;12.0
18:06:09 18/08/2020;0.2093;0.21000000000000016;1.0;0.6434283176858163;0.21000000000000016;12.0;0.21000000000000016;12.0
00:27:38 19/08/2020;0.2089;0.21000000000000016;1.0;0.6434283176858163;0.21000000000000016;12.0;0.21000000000000016;12.0
06:38:16 19/08/2020;0.2087;0.20900000000000016;1.0;0.6442049363362561;0.20900000000000016;12.0;0.20900000000000016;12.0
12:22:42 19/08/2020;0.2085;0.20900000000000016;1.0;0.6442049363362561;0.20900000000000016;12.0;0.20900000000000016;12.0
19:06:48 19/08/2020;0.2083;0.20900000000000016;1.0;0.6442049363362561;0.20900000000000016;12.0;0.20900000000000016;12.0
01:17:17 20/08/2020;0.2079;0.20900000000000016;1.0;0.6442049363362561;0.20900000000000016;12.0;0.20900000000000016;12.0
08:26:54 20/08/2020;0.2081;0.20900000000000016;1.0;0.6442049363362561;0.20900000000000016;12.0;0.20900000000000016;12.0
14:11:08 20/08/2020;0.2083;0.20900000000000016;1.0;0.6442049363362561;0.20900000000000016;12.0;0.20900000000000016;12.0
19:22:39 20/08/2020;0.2082;0.20900000000000016;1.0;0.6442049363362561;0.20900000000000016;12.0;0.20900000000000016;12.0
02:06:37 21/08/2020;0.2081;0.20900000000000016;1.0;0.6442049363362561;0.20900000000000016;12.0;0.20900000000000016;12.0
15:59:40 21/08/2020;0.2079;0.20800000000000016;1.0;0.6449806198638838;0.20800000000000016;12.0;0.20800000000000016;12.0
22:10:07 21/08/2020;0.2078;0.20800000000000016;1.0;0.6449806198638838;0.20800000000000016;12.0;0.20800000000000016;12.0
12:20:06 22/08/2020;0.2071;0.20800000000000016;1.0;0.6449806198638838;0.20800000000000016;12.0;0.20800000000000016;12.0
19:45:38 22/08/2020;0.2061;0.20800000000000016;1.0;0.6449806198638838;0.20800000000000016;12.0;0.20800000000000016;12.0
02:12:37 23/08/2020;0.2058;0.20700000000000016;1.0;0.6457553716385175;0.20700000000000016;12.0;0.20650000000000016;12.0
07:57:45 23/08/2020;0.2056;0.20600000000000016;1.0;0.6465291950097843;0.20600000000000016;12.0;0.20600000000000016;12.0
14:58:56 23/08/2020;0.2054;0.20600000000000016;1.0;0.6465291950097843;0.20600000000000016;12.0;0.20600000000000016;12.0
19:53:09 23/08/2020;0.2053;0.20600000000000016;1.0;0.6465291950097843;0.20600000000000016;12.0;0.20600000000000016;12.0
01:12:50 24/08/2020;0.2052;0.20600000000000016;1.0;0.6465291950097843;0.20600000000000016;12.0;0.20600000000000016;12.0
07:40:10 24/08/2020;0.2051;0.20600000000000016;1.0;0.6465291950097843;0.20600000000000016;12.0;0.20600000000000016;12.0
20:09:10 24/08/2020;0.205;0.20500000000000015;1.0;0.6473020933072902;0.20500000000000015;6.308055555555556;0.20500000000000015;6.308055555555556
02:27:39 25/08/2020;0.2051;0.20600000000000016;1.0;0.6465291950097843;0.20600000000000016;12.0;0.20600000000000016;12.0
07:22:09 25/08/2020;0.2053;0.20600000000000016;1.0;0.6465291950097843;0.20600000000000016;12.0;0.20600000000000016;12.0
12:50:09 25/08/2020;0.2054;0.20600000000000016;1.0;0.6465291950097843;0.20600000000000016;12.0;0.20600000000000016;12.0
14:58:15 25/08/2020;0.2054;0.20600000000000016;1.0;0.6465291950097843;0.20600000000000016;12.0;0.20600000000000016;12.0
19:36:09 25/08/2020;0.2055;0.20600000000000016;1.0;0.6465291950097843;0.20600000000000016;12.0;0.20600000000000016;12.0
03:02:11 26/08/2020;0.2059;0.20600000000000016;1.0;0.6465291950097843;0.20600000000000016;4.769722222222223;0.20650000000000016;12.0
07:48:22 26/08/2020;0.2061;0.20700000000000016;1.0;0.6457553716385175;0.20700000000000016;12.0;0.20700000000000016;12.0
13:50:07 26/08/2020;0.2065;0.20700000000000016;1.0;0.6457553716385175;0.20700000000000016;12.0;0.20700000000000016;12.0
19:26:55 26/08/2020;0.2069;0.20700000000000016;1.0;0.6457553716385175;0.20700000000000016;12.0;0.20700000000000016;12.0
21:09:15 26/08/2020;0.2069;0.20700000000000016;1.0;0.6457553716385175;0.20700000000000016;12.0;0.20700000000000016;12.0
05:57:42 27/08/2020;0.2068;0.20700000000000016;1.0;0.6457553716385175;0.20700000000000016;12.0;0.20700000000000016;12.0
11:59:50 27/08/2020;0.2066;0.20700000000000016;1.0;0.6457553716385175;0.20700000000000016;12.0;0.20700000000000016;12.0
19:08:20 27/08/2020;0.2065;0.20700000000000016;1.0;0.6457553716385175;0.20700000000000016;12.0;0.20700000000000016;12.0
02:24:50 28/08/2020;0.2064;0.20700000000000016;1.0;0.6457553716385175;0.20700000000000016;12.0;0.20700000000000016;12.0
08:02:29 28/08/2020;0.2062;0.20700000000000016;1.0;0.6457553716385175;0.20700000000000016;12.0;0.20700000000000016;12.0
14:04:50 28/08/2020;0.2059;0.20700000000000016;1.0;0.6457553716385175;0.20700000000000016;12.0;0.20700000000000016;12.0
21:14:49 28/08/2020;0.2057;0.20600000000000016;1.0;0.6465291950097843;0.20600000000000016;12.0;0.20600000000000016;12.0
04:41:49 29/08/2020;0.2054;0.20600000000000016;1.0;0.6465291950097843;0.20600000000000016;12.0;0.20600000000000016;12.0
11:09:34 29/08/2020;0.2056;0.20600000000000016;1.0;0.6465291950097843;0.20600000000000016;12.0;0.20600000000000016;12.0
17:35:19 29/08/2020;0.2055;0.20600000000000016;1.0;0.6465291950097843;0.20600000000000016;12.0;0.20600000000000016;12.0
00:55:34 30/08/2020;0.2053;0.20600000000000016;1.0;0.6465291950097843;0.20600000000000016;12.0;0.20600000000000016;12.0
19:36:34 30/08/2020;0.2052;0.20600000000000016;1.0;0.6465291950097843;0.20600000000000016;12.0;0.20600000000000016;12.0
01:30:39 31/08/2020;0.2053;0.20600000000000016;1.0;0.6465291950097843;0.20600000000000016;12.0;0.20600000000000016;12.0
07:58:38 31/08/2020;0.2055;0.20600000000000016;1.0;0.6465291950097843;0.20600000000000016;12.0;0.20600000000000016;12.0
14:26:29 31/08/2020;0.2054;0.20600000000000016;1.0;0.6465291950097843;0.20600000000000016;12.0;0.20600000000000016;12.0
20:45:49 31/08/2020;0.2053;0.20600000000000016;1.0;0.6465291950097843;0.20600000000000016;12.0;0.20600000000000016;12.0
20:45:49 31/08/2020;0.2053;0.20600000000000016;1.0;0.6465291950097843;0.20600000000000016;12.0;0.20600000000000016;12.0
03:47:17 01/09/2020;0.2049;0.20600000000000016;1.0;0.6465291950097843;0.20600000000000016;12.0;0.20600000000000016;12.0
08:42:25 01/09/2020;0.2047;0.20600000000000016;1.0;0.6465291950097843;0.20600000000000016;12.0;0.20600000000000016;12.0
13:20:48 01/09/2020;0.2045;0.20500000000000015;1.0;0.6473020933072902;0.20500000000000015;12.0;0.20500000000000015;12.0
17:07:35 01/09/2020;0.2045;0.20500000000000015;1.0;0.6473020933072902;0.20500000000000015;12.0;0.20500000000000015;12.0
20:48:53 01/09/2020;0.2041;0.20500000000000015;1.0;0.6473020933072902;0.20500000000000015;12.0;0.20500000000000015;12.0
03:41:27 02/09/2020;0.2039;0.20500000000000015;1.0;0.6473020933072902;0.20500000000000015;12.0;0.20500000000000015;12.0
09:52:34 02/09/2020;0.2037;0.20400000000000015;1.0;0.6480740698407859;0.20400000000000015;12.0;0.20400000000000015;12.0
15:20:56 02/09/2020;0.2033;0.20400000000000015;1.0;0.6480740698407859;0.20400000000000015;12.0;0.20400000000000015;12.0
22:31:05 02/09/2020;0.2027;0.20400000000000015;1.0;0.6480740698407859;0.20400000000000015;12.0;0.20350000000000015;12.0
04:08:03 03/09/2020;0.2024;0.20300000000000015;1.0;0.6488451279003332;0.20300000000000015;12.0;0.20300000000000015;12.0
10:19:08 03/09/2020;0.2022;0.20300000000000015;1.0;0.6488451279003332;0.20300000000000015;12.0;0.20300000000000015;12.0
17:29:07 03/09/2020;0.2018;0.20300000000000015;1.0;0.6488451279003332;0.20300000000000015;12.0;0.20250000000000015;12.0
23:14:35 03/09/2020;0.2014;0.20200000000000015;1.0;0.6496152707564684;0.20200000000000015;12.0;0.20200000000000015;12.0
05:34:11 04/09/2020;0.2011;0.20200000000000015;1.0;0.6496152707564684;0.20200000000000015;12.0;0.20200000000000015;12.0
18:13:14 04/09/2020;0.2009;0.20100000000000015;1.0;0.6503845016603639;0.20100000000000015;12.0;0.20100000000000015;12.0
08:32:43 05/09/2020;0.201;0.20100000000000015;1.0;0.6503845016603639;0.20100000000000015;5.625;0.20150000000000015;12.0
14:10:13 05/09/2020;0.2011;0.20200000000000015;1.0;0.6496152707564684;0.20200000000000015;12.0;0.20200000000000015;12.0
23:51:44 05/09/2020;0.201;0.20200000000000015;1.0;0.6496152707564684;0.20200000000000015;12.0;0.20200000000000015;12.0
06:19:43 06/09/2020;0.2009;0.20100000000000015;1.0;0.6503845016603639;0.20100000000000015;12.0;0.20100000000000015;12.0
11:14:51 06/09/2020;0.2008;0.20100000000000015;1.0;0.6503845016603639;0.20100000000000015;12.0;0.20100000000000015;12.0
18:16:30 06/09/2020;0.2007;0.20100000000000015;1.0;0.6503845016603639;0.20100000000000015;12.0;0.20100000000000015;12.0
00:44:13 07/09/2020;0.2006;0.20100000000000015;1.0;0.6503845016603639;0.20100000000000015;12.0;0.20100000000000015;12.0
11:58:43 07/09/2020;0.2005;0.20100000000000015;1.0;0.6503845016603639;0.20100000000000015;12.0;0.20100000000000015;12.0
19:25:46 07/09/2020;0.2001;0.20100000000000015;1.0;0.6503845016603639;0.20100000000000015;12.0;0.20100000000000015;12.0
01:02:45 08/09/2020;0.1995;0.20100000000000015;1.0;0.6503845016603639;0.20100000000000015;12.0;0.20100000000000015;12.0
05:49:13 08/09/2020;0.1994;0.20100000000000015;1.0;0.6503845016603639;0.20100000000000015;12.0;0.20100000000000015;12.0
20:13:33 08/09/2020;0.1991;0.20000000000000015;1.0;0.6511528238439881;0.20000000000000015;12.0;0.20000000000000015;12.0
01:43:29 09/09/2020;0.1989;0.20000000000000015;1.0;0.6511528238439881;0.20000000000000015;12.0;0.20000000000000015;12.0
17:10:29 09/09/2020;0.199;0.19900000000000015;1.0;0.6519202405202648;0.19900000000000015;6.890833333333333;0.19900000000000015;6.890833333333333
00:03:56 10/09/2020;0.1991;0.20000000000000015;1.0;0.6511528238439881;0.20000000000000015;12.0;0.20000000000000015;12.0
07:13:28 10/09/2020;0.1993;0.20000000000000015;1.0;0.6511528238439881;0.20000000000000015;12.0;0.20000000000000015;12.0
14:14:56 10/09/2020;0.1994;0.20000000000000015;1.0;0.6511528238439881;0.20000000000000015;12.0;0.20000000000000015;12.0
20:16:34 10/09/2020;0.1995;0.20000000000000015;1.0;0.6511528238439881;0.20000000000000015;10.516111111111112;0.20000000000000015;10.516111111111112
01:44:30 11/09/2020;0.1998;0.20000000000000015;1.0;0.6511528238439881;0.20000000000000015;5.0505555555555555;0.20050000000000015;12.0
06:47:32 11/09/2020;0.2001;0.20100000000000015;1.0;0.6503845016603639;0.20100000000000015;12.0;0.20100000000000015;12.0
13:23:31 11/09/2020;0.2005;0.20100000000000015;1.0;0.6503845016603639;0.20100000000000015;12.0;0.20100000000000015;12.0
19:26:09 11/09/2020;0.2007;0.20100000000000015;1.0;0.6503845016603639;0.20100000000000015;12.0;0.20100000000000015;12.0
00:54:29 12/09/2020;0.201;0.20100000000000015;1.0;0.6503845016603639;0.20100000000000015;6.741944444444444;0.20100000000000015;6.741944444444444
07:39:00 12/09/2020;0.2016;0.20200000000000015;1.0;0.6496152707564684;0.20200000000000015;12.0;0.20200000000000015;12.0
15:05:31 12/09/2020;0.2019;0.20200000000000015;1.0;0.6496152707564684;0.20200000000000015;12.0;0.20200000000000015;12.0
00:03:57 13/09/2020;0.2019;0.20200000000000015;1.0;0.6496152707564684;0.20200000000000015;7.829444444444444;0.20200000000000015;7.829444444444444
02:16:54 13/09/2020;0.202;0.20200000000000015;1.0;0.6496152707564684;0.20200000000000015;5.613611111111111;0.20200000000000015;5.613611111111111
07:53:43 13/09/2020;0.2022;0.20300000000000015;1.0;0.6488451279003332;0.20300000000000015;12.0;0.20300000000000015;12.0
12:40:18 13/09/2020;0.2023;0.20300000000000015;1.0;0.6488451279003332;0.20300000000000015;12.0;0.20300000000000015;12.0
18:42:56 13/09/2020;0.2025;0.20300000000000015;1.0;0.6488451279003332;0.20300000000000015;12.0;0.20300000000000015;12.0
01:35:43 14/09/2020;0.2027;0.20300000000000015;1.0;0.6488451279003332;0.20300000000000015;12.0;0.20300000000000015;12.0
08:37:13 14/09/2020;0.2029;0.20300000000000015;1.0;0.6488451279003332;0.20300000000000015;6.466666666666667;0.20300000000000015;6.466666666666667
15:05:13 14/09/2020;0.2031;0.20400000000000015;1.0;0.6480740698407859;0.20400000000000015;12.0;0.20400000000000015;12.0
21:49:43 14/09/2020;0.2036;0.20400000000000015;1.0;0.6480740698407859;0.20400000000000015;9.980277777777777;0.20400000000000015;9.980277777777777
03:01:44 15/09/2020;0.2039;0.20400000000000015;1.0;0.6480740698407859;0.20400000000000015;4.78;0.20450000000000015;12.0
07:48:32 15/09/2020;0.2042;0.20500000000000015;1.0;0.6473020933072902;0.20500000000000015;12.0;0.20500000000000015;12.0
13:25:21 15/09/2020;0.2045;0.20500000000000015;1.0;0.6473020933072902;0.20500000000000015;6.3925;0.20500000000000015;6.3925
19:48:54 15/09/2020;0.2057;0.20600000000000016;1.0;0.6465291950097843;0.20600000000000016;5.551388888888889;0.20650000000000016;12.0
01:21:59 16/09/2020;0.2067;0.20700000000000016;1.0;0.6457553716385175;0.20700000000000016;7.449166666666667;0.20700000000000016;7.449166666666667
08:48:56 16/09/2020;0.2072;0.20800000000000016;1.0;0.6449806198638838;0.20800000000000016;10.136388888888888;0.20800000000000016;10.136388888888888
14:09:59 16/09/2020;0.2077;0.20800000000000016;1.0;0.6449806198638838;0.20800000000000016;4.785555555555556;0.20850000000000016;10.829166666666667
18:57:07 16/09/2020;0.2084;0.20900000000000016;1.0;0.6442049363362561;0.20900000000000016;6.043611111111111;0.20900000000000016;6.043611111111111
00:59:44 17/09/2020;0.2094;0.21000000000000016;1.0;0.6434283176858163;0.21000000000000016;7.458611111111111;0.21000000000000016;7.458611111111111
08:27:15 17/09/2020;0.2103;0.21100000000000016;1.0;0.642650760522385;0.21100000000000016;12.0;0.21100000000000016;12.0
13:14:13 17/09/2020;0.2109;0.21100000000000016;1.0;0.642650760522385;0.21100000000000016;7.449722222222222;0.21100000000000016;7.449722222222222
20:41:12 17/09/2020;0.2119;0.21200000000000016;1.0;0.6418722614352483;0.21200000000000016;5.066388888888889;0.21200000000000016;5.066388888888889
01:45:11 18/09/2020;0.213;0.21300000000000016;1.0;0.6410928169929841;0.21300000000000016;4.924722222222222;0.21300000000000016;4.924722222222222
06:40:40 18/09/2020;0.2138;0.21400000000000016;1.0;0.6403124237432847;0.21400000000000016;4.643055555555556;0.21450000000000016;11.533333333333333
11:19:15 18/09/2020;0.2144;0.21500000000000016;1.0;0.6395310782127791;0.21500000000000016;6.8902777777777775;0.21500000000000016;6.8902777777777775
18:12:40 18/09/2020;0.2155;0.21600000000000016;1.0;0.6387487769068523;0.21600000000000016;6.052222222222222;0.21600000000000016;6.052222222222222
00:15:48 19/09/2020;0.2167;0.21700000000000016;1.0;0.6379655163094631;0.21700000000000016;5.625277777777778;0.21750000000000017;11.95861111111111
05:53:19 19/09/2020;0.2176;0.21800000000000017;1.0;0.6371812928829594;0.21800000000000017;6.333333333333333;0.21800000000000017;6.333333333333333
12:13:19 19/09/2020;0.2186;0.21900000000000017;1.0;0.6363961030678926;0.21900000000000017;6.466388888888889;0.21900000000000017;6.466388888888889
18:41:18 19/09/2020;0.2191;0.22000000000000017;1.0;0.6356099432828279;0.22000000000000017;12.0;0.22000000000000017;12.0
23:28:32 19/09/2020;0.2193;0.22000000000000017;1.0;0.6356099432828279;0.22000000000000017;12.0;0.22000000000000017;12.0
04:09:23 20/09/2020;0.2195;0.22000000000000017;1.0;0.6356099432828279;0.22000000000000017;11.543333333333333;0.22000000000000017;11.543333333333333
11:03:20 20/09/2020;0.2199;0.22000000000000017;1.0;0.6356099432828279;0.22000000000000017;4.644166666666667;0.22050000000000017;12.0
15:41:59 20/09/2020;0.2201;0.22100000000000017;1.0;0.634822809924155;0.22100000000000017;12.0;0.22100000000000017;12.0
22:01:18 20/09/2020;0.2205;0.22100000000000017;1.0;0.634822809924155;0.22100000000000017;12.0;0.22100000000000017;12.0
04:12:46 21/09/2020;0.2207;0.22100000000000017;1.0;0.634822809924155;0.22100000000000017;11.95861111111111;0.22100000000000017;11.95861111111111
09:41:52 21/09/2020;0.221;0.22100000000000017;1.0;0.634822809924155;0.22100000000000017;6.473611111111111;0.22100000000000017;6.473611111111111
16:10:17 21/09/2020;0.2214;0.22200000000000017;1.0;0.6340346993658942;0.22200000000000017;12.0;0.22200000000000017;12.0
22:13:17 21/09/2020;0.222;0.22200000000000017;1.0;0.6340346993658942;0.22200000000000017;7.458333333333333;0.22200000000000017;7.458333333333333
05:40:47 22/09/2020;0.2229;0.22300000000000017;1.0;0.6332456079595024;0.22300000000000017;6.195833333333334;0.22300000000000017;6.195833333333334
11:52:32 22/09/2020;0.2237;0.22400000000000017;1.0;0.6324555320336757;0.22400000000000017;4.780833333333334;0.22450000000000017;12.0
16:39:23 22/09/2020;0.2241;0.22500000000000017;1.0;0.6316644678941501;0.22500000000000017;10.69;0.22500000000000017;10.69
22:00:17 22/09/2020;0.2246;0.22500000000000017;1.0;0.6316644678941501;0.22500000000000017;5.341666666666667;0.22550000000000017;12.0
03:20:47 23/09/2020;0.2251;0.22600000000000017;1.0;0.6308724118235001;0.22600000000000017;11.4;0.22600000000000017;11.4
09:23:58 23/09/2020;0.2257;0.22600000000000017;1.0;0.6308724118235001;0.22600000000000017;5.3469444444444445;0.22650000000000017;12.0
14:44:47 23/09/2020;0.2262;0.22700000000000017;1.0;0.6300793600809345;0.22700000000000017;7.0344444444444445;0.22700000000000017;7.0344444444444445
21:46:51 23/09/2020;0.2276;0.22800000000000017;1.0;0.6292853089020908;0.22800000000000017;7.591111111111111;0.22800000000000017;7.591111111111111
05:22:19 24/09/2020;0.2284;0.22900000000000018;1.0;0.6284902544988266;0.22900000000000018;11.675;0.22900000000000018;11.675
11:58:50 24/09/2020;0.229;0.22900000000000018;1.0;0.6284902544988266;0.22900000000000018;5.066388888888889;0.22900000000000018;5.066388888888889
17:02:49 24/09/2020;0.2295;0.23000000000000018;1.0;0.6276941930590084;0.23000000000000018;5.352222222222222;0.23000000000000018;5.352222222222222
22:23:57 24/09/2020;0.2308;0.23100000000000018;1.0;0.626897120746299;0.23100000000000018;4.914444444444444;0.23150000000000018;10.54
03:18:49 25/09/2020;0.2317;0.23200000000000018;1.0;0.6260990336999409;0.23200000000000018;5.625555555555556;0.23250000000000018;12.0
08:56:21 25/09/2020;0.2329;0.23300000000000018;1.0;0.6252999280345392;0.23300000000000018;6.476666666666667;0.23300000000000018;6.476666666666667
15:24:57 25/09/2020;0.2345;0.23500000000000018;1.0;0.6236986451805069;0.23500000000000018;5.064444444444445;0.23500000000000018;5.064444444444445
20:28:49 25/09/2020;0.236;0.23600000000000018;1.0;0.6228964600958973;0.23600000000000018;5.766388888888889;0.23700000000000018;12.0
02:14:48 26/09/2020;0.2378;0.23800000000000018;1.0;0.6212889826803625;0.23800000000000018;6.6075;0.23800000000000018;6.6075
08:51:15 26/09/2020;0.2392;0.24000000000000019;1.0;0.6196773353931865;0.24000000000000019;6.0536111111111115;0.24000000000000019;6.0536111111111115
14:54:28 26/09/2020;0.2404;0.2410000000000002;1.0;0.6188699378706319;0.2410000000000002;5.621111111111111;0.2410000000000002;5.621111111111111
20:31:44 26/09/2020;0.2417;0.2420000000000002;1.0;0.6180614856144976;0.2420000000000002;4.927222222222222;0.2425000000000002;11.108888888888888
01:27:22 27/09/2020;0.2427;0.2430000000000002;1.0;0.6172519744804384;0.2430000000000002;6.181666666666667;0.2430000000000002;6.181666666666667
07:38:16 27/09/2020;0.2441;0.2450000000000002;1.0;0.6156297588648553;0.2450000000000002;10.27;0.2450000000000002;10.27
12:17:11 27/09/2020;0.245;0.2450000000000002;1.0;0.6156297588648553;0.2450000000000002;5.621388888888889;0.2450000000000002;5.621388888888889
17:54:28 27/09/2020;0.2457;0.2460000000000002;1.0;0.6148170459575757;0.2460000000000002;5.763333333333334;0.2460000000000002;5.763333333333334
23:40:16 27/09/2020;0.2464;0.2470000000000002;1.0;0.6140032573203499;0.2470000000000002;5.907777777777778;0.2470000000000002;5.907777777777778
05:34:44 28/09/2020;0.2471;0.2480000000000002;1.0;0.6131883886702355;0.2480000000000002;9.992222222222223;0.2480000000000002;9.992222222222223
10:30:14 28/09/2020;0.2475;0.2480000000000002;1.0;0.6131883886702355;0.2480000000000002;5.067222222222222;0.2480000000000002;5.067222222222222
15:34:16 28/09/2020;0.2483;0.2490000000000002;1.0;0.6123724356957944;0.2490000000000002;5.766111111111111;0.2490000000000002;5.766111111111111
21:20:14 28/09/2020;0.2492;0.25000000000000017;1.0;0.6115553940568261;0.25000000000000017;5.769444444444445;0.25000000000000017;5.769444444444445
03:06:24 29/09/2020;0.2503;0.25100000000000017;1.0;0.6107372593840987;0.25100000000000017;5.6225;0.25150000000000017;12.0
08:43:45 29/09/2020;0.2511;0.25200000000000017;1.0;0.6099180272790761;0.25200000000000017;12.0;0.25200000000000017;12.0
15:45:44 29/09/2020;0.2519;0.25200000000000017;1.0;0.6099180272790761;0.25200000000000017;6.6125;0.25200000000000017;6.6125
22:22:29 29/09/2020;0.2527;0.25300000000000017;1.0;0.6090976933136423;0.25300000000000017;5.345555555555555;0.25300000000000017;5.345555555555555
03:43:13 30/09/2020;0.2536;0.25400000000000017;1.0;0.6082762530298218;0.25400000000000017;5.0625;0.25400000000000017;5.0625
08:46:58 30/09/2020;0.2545;0.25500000000000017;1.0;0.6074537019394974;0.25500000000000017;5.345277777777778;0.25550000000000017;12.0
14:07:41 30/09/2020;0.2554;0.25600000000000017;1.0;0.6066300355241239;;;;
20:53:16 30/09/2020;0.256;0.25600000000000017;1.0;0.6066300355241239;;;;
