13:16:48 01/01/2020;Wednesday;0.1992;0.20000000000000015;1.0;0.6511528238439881;0.9065809991348895;1.0;0.20000000000000015;12.0;1.0;1.0;0.20000000000000015;12.0;1.0;1.0;0.20000000000000015;12.0;1.0;Now
18:35:20 01/01/2020;Wednesday;0.1989;0.20000000000000015;1.0;0.6511528238439881;0.9065809991348895;1.0;0.20000000000000015;12.0;1.0;1.0;0.1996666666666668;12.0;1.0;1.0;0.20000000000000015;12.0;1.0;Now
23:11:52 01/01/2020;Wednesday;0.1985;0.20000000000000015;1.0;0.6511528238439881;0.9065809991348895;1.0;0.20000000000000015;12.0;1.0;1.0;0.19933333333333347;12.0;1.0;1.0;0.20000000000000015;12.0;1.0;Now
04:38:23 02/01/2020;Thursday;0.1982;0.19900000000000015;1.0;0.6519202405202648;0.9253086840646447;1.0;0.19900000000000015;12.0;1.0;1.0;0.19900000000000015;12.0;1.0;1.0;0.19900000000000015;12.0;1.0;Now
10:13:20 02/01/2020;Thursday;0.1979;0.19900000000000015;1.0;0.6519202405202648;0.9253086840646447;1.0;0.19900000000000015;12.0;1.0;1.0;0.19900000000000015;12.0;1.0;1.0;0.19900000000000015;12.0;1.0;Now
16:30:17 02/01/2020;Thursday;0.1977;0.19900000000000015;1.0;0.6519202405202648;0.9253086840646447;1.0;0.19900000000000015;12.0;1.0;1.0;0.19850000000000015;12.0;1.0;1.0;0.19900000000000015;12.0;1.0;Now
23:46:01 02/01/2020;Thursday;0.1973;0.19800000000000015;1.0;0.6526867548832287;0.944014349353765;1.0;0.19800000000000015;12.0;1.0;1.0;0.19800000000000015;12.0;1.0;1.0;0.19800000000000015;12.0;1.0;Now
05:29:41 03/01/2020;Friday;0.1969;0.19800000000000015;1.0;0.6526867548832287;0.944014349353765;1.0;0.19800000000000015;12.0;1.0;1.0;0.1976666666666668;12.0;1.0;1.0;0.19800000000000015;12.0;1.0;Now
10:14:09 03/01/2020;Friday;0.1967;0.19800000000000015;1.0;0.6526867548832287;0.944014349353765;1.0;0.19800000000000015;12.0;1.0;1.0;0.19750000000000015;12.0;1.0;1.0;0.19800000000000015;12.0;1.0;Now
17:21:30 03/01/2020;Friday;0.1965;0.19700000000000015;1.0;0.6534523701081815;0.9626980724908553;1.0;0.19700000000000015;12.0;1.0;1.0;0.19700000000000015;12.0;1.0;1.0;0.19700000000000015;12.0;1.0;Now
00:12:02 04/01/2020;Saturday;0.1962;0.19700000000000015;1.0;0.6534523701081815;0.9626980724908553;1.0;0.19700000000000015;12.0;1.0;1.0;0.19700000000000015;12.0;1.0;1.0;0.19700000000000015;12.0;1.0;Now
03:55:46 04/01/2020;Saturday;0.1962;0.19700000000000015;1.0;0.6534523701081815;0.9626980724908553;1.0;0.19700000000000015;12.0;1.0;1.0;0.19700000000000015;12.0;1.0;1.0;0.19700000000000015;12.0;1.0;Now
14:09:05 04/01/2020;Saturday;0.196;0.19700000000000015;1.0;0.6534523701081815;0.9626980724908553;1.0;0.19700000000000015;12.0;1.0;1.0;0.19650000000000015;12.0;1.0;1.0;0.19700000000000015;12.0;1.0;Now
00:46:11 05/01/2020;Sunday;0.1959;0.19600000000000015;1.0;0.6542170893518449;0.981359930511107;1.0;0.19600000000000015;12.0;1.0;1.0;0.19600000000000015;12.0;1.0;1.0;0.19600000000000015;12.0;1.0;Now
06:12:36 05/01/2020;Sunday;0.1958;0.19600000000000015;1.0;0.6542170893518449;0.981359930511107;1.0;0.19600000000000015;12.0;1.0;1.0;0.19600000000000015;12.0;1.0;1.0;0.19600000000000015;12.0;1.0;Now
12:54:39 05/01/2020;Sunday;0.1957;0.19600000000000015;1.0;0.6542170893518449;0.981359930511107;1.0;0.19600000000000015;12.0;1.0;1.0;0.19600000000000015;12.0;1.0;1.0;0.19600000000000015;12.0;1.0;Now
16:55:32 05/01/2020;Sunday;0.1957;0.19600000000000015;1.0;0.6542170893518449;0.981359930511107;1.0;0.19600000000000015;12.0;1.0;1.0;0.19600000000000015;12.0;1.0;1.0;0.19600000000000015;12.0;1.0;Now
19:28:18 05/01/2020;Sunday;0.1956;0.19600000000000015;1.0;0.6542170893518449;0.981359930511107;1.0;0.19600000000000015;12.0;1.0;1.0;0.19600000000000015;12.0;1.0;1.0;0.19600000000000015;12.0;1.0;Now
02:35:31 06/01/2020;Monday;0.1955;0.19600000000000015;1.0;0.6542170893518449;0.981359930511107;1.0;0.19600000000000015;12.0;1.0;1.0;0.19600000000000015;12.0;1.0;1.0;0.19600000000000015;12.0;1.0;Now
09:26:00 06/01/2020;Monday;0.1951;0.19600000000000015;1.0;0.6542170893518449;0.981359930511107;1.0;0.19600000000000015;12.0;1.0;1.0;0.19600000000000015;12.0;1.0;1.0;0.19600000000000015;12.0;1.0;Now
15:51:06 06/01/2020;Monday;0.1948;0.19600000000000015;1.0;0.6542170893518449;0.981359930511107;1.0;0.19600000000000015;12.0;1.0;1.0;0.19600000000000015;12.0;1.0;1.0;0.19600000000000015;12.0;1.0;Now
20:44:45 06/01/2020;Monday;0.1946;0.19600000000000015;1.0;0.6542170893518449;0.981359930511107;1.0;0.19600000000000015;12.0;1.0;1.0;0.19600000000000015;12.0;1.0;1.0;0.19600000000000015;12.0;1.0;Now
09:01:26 07/01/2020;Tuesday;0.1945;0.19500000000000015;1.0;0.6549809157525125;1.0;1.0;0.19500000000000015;12.0;1.0;1.0;0.19500000000000015;12.0;1.0;1.0;0.19500000000000015;12.0;1.0;Now
15:51:31 07/01/2020;Tuesday;0.1948;0.19500000000000015;1.0;0.6549809157525125;1.0;0.9655324074074074;0.19500000000000015;11.586388888888889;0.9655324074074074;1.0;0.19533333333333347;12.0;1.0;0.9655324074074074;0.19500000000000015;11.586388888888889;0.9655324074074074;Now
22:41:57 07/01/2020;Tuesday;0.1949;0.19500000000000015;1.0;0.6549809157525125;1.0;0.3954861111111111;0.19500000000000015;4.745833333333334;0.3954861111111111;1.0;0.1956666666666668;12.0;1.0;1.0;0.19550000000000015;12.0;1.0;Now
03:26:42 08/01/2020;Wednesday;0.1951;0.19600000000000015;1.0;0.6542170893518449;0.981359930511107;1.0;0.19600000000000015;12.0;1.0;1.0;0.19600000000000015;12.0;1.0;1.0;0.19600000000000015;12.0;1.0;Now
09:35:13 08/01/2020;Wednesday;0.1954;0.19600000000000015;1.0;0.6542170893518449;0.981359930511107;1.0;0.19600000000000015;12.0;1.0;1.0;0.19600000000000015;12.0;1.0;1.0;0.19600000000000015;12.0;1.0;Now
17:07:52 08/01/2020;Wednesday;0.1958;0.19600000000000015;1.0;0.6542170893518449;0.981359930511107;0.45314814814814813;0.19600000000000015;5.437777777777778;0.45314814814814813;1.0;0.1966666666666668;12.0;1.0;0.45314814814814813;0.19600000000000015;5.437777777777778;0.45314814814814813;Now
22:34:08 08/01/2020;Wednesday;0.1961;0.19700000000000015;1.0;0.6534523701081815;0.9626980724908553;1.0;0.19700000000000015;12.0;1.0;1.0;0.19700000000000015;12.0;1.0;1.0;0.19700000000000015;12.0;1.0;Now
03:10:41 09/01/2020;Thursday;0.1963;0.19700000000000015;1.0;0.6534523701081815;0.9626980724908553;1.0;0.19700000000000015;12.0;1.0;1.0;0.19700000000000015;12.0;1.0;1.0;0.19700000000000015;12.0;1.0;Now
09:27:30 09/01/2020;Thursday;0.1967;0.19700000000000015;1.0;0.6534523701081815;0.9626980724908553;1.0;0.19700000000000015;12.0;1.0;1.0;0.19700000000000015;12.0;1.0;1.0;0.19700000000000015;12.0;1.0;Now
15:19:18 09/01/2020;Thursday;0.1969;0.19700000000000015;1.0;0.6534523701081815;0.9626980724908553;0.5583333333333333;0.19700000000000015;6.7;0.5583333333333333;1.0;0.19750000000000015;12.0;1.0;0.5583333333333333;0.19700000000000015;6.7;0.5583333333333333;Now
22:01:18 09/01/2020;Thursday;0.1972;0.19800000000000015;1.0;0.6526867548832287;0.944014349353765;1.0;0.19800000000000015;12.0;1.0;1.0;0.19800000000000015;12.0;1.0;1.0;0.19800000000000015;12.0;1.0;Now
03:19:50 10/01/2020;Friday;0.1973;0.19800000000000015;1.0;0.6526867548832287;0.944014349353765;1.0;0.19800000000000015;12.0;1.0;1.0;0.19800000000000015;12.0;1.0;1.0;0.19800000000000015;12.0;1.0;Now
09:36:52 10/01/2020;Friday;0.1974;0.19800000000000015;1.0;0.6526867548832287;0.944014349353765;1.0;0.19800000000000015;12.0;1.0;1.0;0.19800000000000015;12.0;1.0;1.0;0.19800000000000015;12.0;1.0;Now
17:09:00 10/01/2020;Friday;0.1973;0.19800000000000015;1.0;0.6526867548832287;0.944014349353765;1.0;0.19800000000000015;12.0;1.0;1.0;0.19800000000000015;12.0;1.0;1.0;0.19800000000000015;12.0;1.0;Now
06:08:20 11/01/2020;Saturday;0.1974;0.19800000000000015;1.0;0.6526867548832287;0.944014349353765;1.0;0.19800000000000015;12.0;1.0;1.0;0.19800000000000015;12.0;1.0;1.0;0.19800000000000015;12.0;1.0;Now
13:31:47 11/01/2020;Saturday;0.1976;0.19800000000000015;1.0;0.6526867548832287;0.944014349353765;1.0;0.19800000000000015;12.0;1.0;1.0;0.19800000000000015;12.0;1.0;1.0;0.19800000000000015;12.0;1.0;Now
07:24:01 12/01/2020;Sunday;0.1977;0.19800000000000015;1.0;0.6526867548832287;0.944014349353765;1.0;0.19800000000000015;12.0;1.0;1.0;0.19800000000000015;12.0;1.0;1.0;0.19800000000000015;12.0;1.0;Now
14:56:14 12/01/2020;Sunday;0.1976;0.19800000000000015;1.0;0.6526867548832287;0.944014349353765;1.0;0.19800000000000015;12.0;1.0;1.0;0.19800000000000015;12.0;1.0;1.0;0.19800000000000015;12.0;1.0;Now
20:48:29 12/01/2020;Sunday;0.1974;0.19800000000000015;1.0;0.6526867548832287;0.944014349353765;1.0;0.19800000000000015;12.0;1.0;1.0;0.19800000000000015;12.0;1.0;1.0;0.19800000000000015;12.0;1.0;Now
01:32:41 13/01/2020;Monday;0.1975;0.19800000000000015;1.0;0.6526867548832287;0.944014349353765;1.0;0.19800000000000015;12.0;1.0;1.0;0.19800000000000015;12.0;1.0;1.0;0.19800000000000015;12.0;1.0;Now
14:06:42 13/01/2020;Monday;0.1973;0.19800000000000015;1.0;0.6526867548832287;0.944014349353765;1.0;0.19800000000000015;12.0;1.0;1.0;0.19800000000000015;12.0;1.0;1.0;0.19800000000000015;12.0;1.0;Now
21:05:38 13/01/2020;Monday;0.1978;0.19800000000000015;1.0;0.6526867548832287;0.944014349353765;1.0;0.19800000000000015;12.0;1.0;1.0;0.19800000000000015;12.0;1.0;1.0;0.19800000000000015;12.0;1.0;Now
01:27:04 14/01/2020;Tuesday;0.1978;0.19800000000000015;1.0;0.6526867548832287;0.944014349353765;0.8024074074074075;0.19800000000000015;9.62888888888889;0.8024074074074075;1.0;0.19833333333333347;12.0;1.0;0.8024074074074075;0.19800000000000015;9.62888888888889;0.8024074074074075;Now
04:20:48 14/01/2020;Tuesday;0.198;0.19800000000000015;1.0;0.6526867548832287;0.944014349353765;0.6166898148148148;0.19800000000000015;6.733333333333333;0.5611111111111111;1.0;0.1986666666666668;12.0;1.0;0.6166898148148148;0.19800000000000015;6.733333333333333;0.5611111111111111;Now
11:04:48 14/01/2020;Tuesday;0.1981;0.19900000000000015;1.0;0.6519202405202648;0.9253086840646447;1.0;0.19900000000000015;12.0;1.0;1.0;0.19900000000000015;12.0;1.0;1.0;0.19900000000000015;12.0;1.0;Now
15:40:47 14/01/2020;Tuesday;0.198;0.19900000000000015;1.0;0.6519202405202648;0.9253086840646447;1.0;0.19900000000000015;12.0;1.0;1.0;0.19900000000000015;12.0;1.0;1.0;0.19900000000000015;12.0;1.0;Now
21:03:50 14/01/2020;Tuesday;0.1981;0.19900000000000015;1.0;0.6519202405202648;0.9253086840646447;1.0;0.19900000000000015;12.0;1.0;1.0;0.19900000000000015;12.0;1.0;1.0;0.19900000000000015;12.0;1.0;Now
04:39:13 15/01/2020;Wednesday;0.198;0.19900000000000015;1.0;0.6519202405202648;0.9253086840646447;1.0;0.19900000000000015;12.0;1.0;1.0;0.19850000000000015;12.0;1.0;1.0;0.19850000000000015;12.0;1.0;Now
10:14:34 15/01/2020;Wednesday;0.1979;0.19800000000000015;1.0;0.6526867548832287;0.944014349353765;1.0;0.19800000000000015;12.0;1.0;1.0;0.19800000000000015;12.0;1.0;1.0;0.19800000000000015;12.0;1.0;Now
17:13:37 15/01/2020;Wednesday;0.198;0.19800000000000015;1.0;0.6526867548832287;0.944014349353765;1.0;0.19800000000000015;12.0;1.0;1.0;0.19800000000000015;12.0;1.0;1.0;0.19800000000000015;12.0;1.0;Now
22:15:05 15/01/2020;Wednesday;0.1979;0.19800000000000015;1.0;0.6526867548832287;0.944014349353765;1.0;0.19800000000000015;12.0;1.0;1.0;0.19800000000000015;12.0;1.0;1.0;0.19800000000000015;12.0;1.0;Now
05:39:34 16/01/2020;Thursday;0.198;0.19800000000000015;1.0;0.6526867548832287;0.944014349353765;1.0;0.19800000000000015;12.0;1.0;1.0;0.19800000000000015;12.0;1.0;1.0;0.19800000000000015;12.0;1.0;Now
12:05:05 16/01/2020;Thursday;0.1978;0.19800000000000015;1.0;0.6526867548832287;0.944014349353765;0.9424305555555555;0.19800000000000015;11.309166666666666;0.9424305555555555;1.0;0.19833333333333347;12.0;1.0;0.9424305555555555;0.19800000000000015;11.309166666666666;0.9424305555555555;Now
17:57:07 16/01/2020;Thursday;0.1979;0.19800000000000015;1.0;0.6526867548832287;0.944014349353765;0.45349537037037035;0.19800000000000015;5.441944444444444;0.45349537037037035;1.0;0.1986666666666668;12.0;1.0;0.45349537037037035;0.19800000000000015;5.441944444444444;0.45349537037037035;Now
23:23:38 16/01/2020;Thursday;0.1982;0.19900000000000015;1.0;0.6519202405202648;0.9253086840646447;1.0;0.19900000000000015;12.0;1.0;1.0;0.19900000000000015;12.0;1.0;1.0;0.19900000000000015;12.0;1.0;Now
05:15:35 17/01/2020;Friday;0.1984;0.19900000000000015;1.0;0.6519202405202648;0.9253086840646447;1.0;0.19900000000000015;12.0;1.0;1.0;0.19900000000000015;12.0;1.0;1.0;0.19900000000000015;12.0;1.0;Now
12:06:05 17/01/2020;Friday;0.1985;0.19900000000000015;1.0;0.6519202405202648;0.9253086840646447;1.0;0.19900000000000015;12.0;1.0;1.0;0.19900000000000015;12.0;1.0;1.0;0.19900000000000015;12.0;1.0;Now
17:33:20 17/01/2020;Friday;0.1986;0.19900000000000015;1.0;0.6519202405202648;0.9253086840646447;1.0;0.19900000000000015;12.0;1.0;1.0;0.19900000000000015;12.0;1.0;1.0;0.19900000000000015;12.0;1.0;Now
00:40:05 18/01/2020;Saturday;0.199;0.19900000000000015;1.0;0.6519202405202648;0.9253086840646447;1.0;0.19900000000000015;12.0;1.0;1.0;0.19900000000000015;12.0;1.0;1.0;0.19900000000000015;12.0;1.0;Now
13:14:32 18/01/2020;Saturday;0.1989;0.19900000000000015;1.0;0.6519202405202648;0.9253086840646447;1.0;0.19900000000000015;12.0;1.0;1.0;0.19900000000000015;12.0;1.0;1.0;0.19900000000000015;12.0;1.0;Now
18:33:01 18/01/2020;Saturday;0.1986;0.19900000000000015;1.0;0.6519202405202648;0.9253086840646447;1.0;0.19900000000000015;12.0;1.0;1.0;0.19900000000000015;12.0;1.0;1.0;0.19900000000000015;12.0;1.0;Now
23:09:02 18/01/2020;Saturday;0.1987;0.19900000000000015;1.0;0.6519202405202648;0.9253086840646447;1.0;0.19900000000000015;12.0;1.0;1.0;0.19900000000000015;12.0;1.0;1.0;0.19900000000000015;12.0;1.0;Now
06:16:32 19/01/2020;Sunday;0.1983;0.19900000000000015;1.0;0.6519202405202648;0.9253086840646447;1.0;0.19900000000000015;12.0;1.0;1.0;0.19900000000000015;12.0;1.0;1.0;0.19900000000000015;12.0;1.0;Now
12:08:35 19/01/2020;Sunday;0.198;0.19900000000000015;1.0;0.6519202405202648;0.9253086840646447;1.0;0.19900000000000015;12.0;1.0;1.0;0.19833333333333347;12.0;1.0;1.0;0.19900000000000015;12.0;1.0;Now
23:18:37 19/01/2020;Sunday;0.1977;0.19800000000000015;1.0;0.6526867548832287;0.944014349353765;1.0;0.19800000000000015;12.0;1.0;1.0;0.19800000000000015;12.0;1.0;1.0;0.19800000000000015;12.0;1.0;Now
23:30:22 19/01/2020;Sunday;0.1977;0.19800000000000015;1.0;0.6526867548832287;0.944014349353765;1.0;0.19800000000000015;12.0;1.0;1.0;0.19800000000000015;12.0;1.0;1.0;0.19800000000000015;12.0;1.0;Now
06:34:38 20/01/2020;Monday;0.1976;0.19800000000000015;1.0;0.6526867548832287;0.944014349353765;1.0;0.19800000000000015;12.0;1.0;1.0;0.19800000000000015;12.0;1.0;1.0;0.19800000000000015;12.0;1.0;Now
19:58:42 20/01/2020;Monday;0.1974;0.19800000000000015;1.0;0.6526867548832287;0.944014349353765;1.0;0.19800000000000015;12.0;1.0;1.0;0.19800000000000015;12.0;1.0;1.0;0.19800000000000015;12.0;1.0;Now
00:35:15 21/01/2020;Tuesday;0.1973;0.19800000000000015;1.0;0.6526867548832287;0.944014349353765;1.0;0.19800000000000015;12.0;1.0;1.0;0.19800000000000015;12.0;1.0;1.0;0.19800000000000015;12.0;1.0;Now
07:42:40 21/01/2020;Tuesday;0.1972;0.19800000000000015;1.0;0.6526867548832287;0.944014349353765;1.0;0.19800000000000015;12.0;1.0;1.0;0.19800000000000015;12.0;1.0;1.0;0.19800000000000015;12.0;1.0;Now
12:30:24 21/01/2020;Tuesday;0.1972;0.19800000000000015;1.0;0.6526867548832287;0.944014349353765;1.0;0.19800000000000015;12.0;1.0;1.0;0.19800000000000015;12.0;1.0;1.0;0.19800000000000015;12.0;1.0;Now
12:35:37 21/01/2020;Tuesday;0.197;0.19800000000000015;1.0;0.6526867548832287;0.944014349353765;1.0;0.19800000000000015;12.0;1.0;1.0;0.19800000000000015;12.0;1.0;1.0;0.19800000000000015;12.0;1.0;Now
18:57:13 21/01/2020;Tuesday;0.1971;0.19800000000000015;1.0;0.6526867548832287;0.944014349353765;1.0;0.19800000000000015;12.0;1.0;1.0;0.19800000000000015;12.0;1.0;1.0;0.19800000000000015;12.0;1.0;Now
00:34:53 22/01/2020;Wednesday;0.1975;0.19800000000000015;1.0;0.6526867548832287;0.944014349353765;1.0;0.19800000000000015;12.0;1.0;1.0;0.19800000000000015;12.0;1.0;1.0;0.19800000000000015;12.0;1.0;Now
06:43:25 22/01/2020;Wednesday;0.1976;0.19800000000000015;1.0;0.6526867548832287;0.944014349353765;1.0;0.19800000000000015;12.0;1.0;1.0;0.19800000000000015;12.0;1.0;1.0;0.19800000000000015;12.0;1.0;Now
11:45:23 22/01/2020;Wednesday;0.1977;0.19800000000000015;1.0;0.6526867548832287;0.944014349353765;1.0;0.19800000000000015;12.0;1.0;1.0;0.19800000000000015;12.0;1.0;1.0;0.19800000000000015;12.0;1.0;Now
17:03:26 22/01/2020;Wednesday;0.1979;0.19800000000000015;1.0;0.6526867548832287;0.944014349353765;1.0;0.19800000000000015;12.0;1.0;1.0;0.19800000000000015;12.0;1.0;1.0;0.19800000000000015;12.0;1.0;Now
22:14:02 22/01/2020;Wednesday;0.198;0.19800000000000015;1.0;0.6526867548832287;0.944014349353765;0.6042592592592593;0.19800000000000015;7.251111111111111;0.6042592592592593;1.0;0.19850000000000015;12.0;1.0;0.6042592592592593;0.19800000000000015;7.251111111111111;0.6042592592592593;Now
05:29:06 23/01/2020;Thursday;0.1983;0.19900000000000015;1.0;0.6519202405202648;0.9253086840646447;1.0;0.19900000000000015;12.0;1.0;1.0;0.19900000000000015;12.0;1.0;1.0;0.19900000000000015;12.0;1.0;Now
18:11:03 23/01/2020;Thursday;0.1985;0.19900000000000015;1.0;0.6519202405202648;0.9253086840646447;1.0;0.19900000000000015;12.0;1.0;1.0;0.19900000000000015;12.0;1.0;1.0;0.19900000000000015;12.0;1.0;Now
01:18:37 24/01/2020;Friday;0.199;0.19900000000000015;1.0;0.6519202405202648;0.9253086840646447;1.0;0.19900000000000015;12.0;1.0;1.0;0.19900000000000015;12.0;1.0;1.0;0.19900000000000015;12.0;1.0;Now
07:43:34 24/01/2020;Friday;0.1989;0.19900000000000015;1.0;0.6519202405202648;0.9253086840646447;1.0;0.19900000000000015;12.0;1.0;1.0;0.19900000000000015;12.0;1.0;1.0;0.19900000000000015;12.0;1.0;Now
02:09:37 25/01/2020;Saturday;0.199;0.19900000000000015;1.0;0.6519202405202648;0.9253086840646447;0.40685185185185185;0.19900000000000015;4.8822222222222225;0.40685185185185185;1.0;0.19950000000000015;12.0;1.0;1.0;0.19950000000000015;12.0;1.0;Now
07:02:33 25/01/2020;Saturday;0.1991;0.20000000000000015;1.0;0.6511528238439881;0.9065809991348895;1.0;0.20000000000000015;12.0;1.0;1.0;0.20000000000000015;12.0;1.0;1.0;0.20000000000000015;12.0;1.0;Now
14:10:03 25/01/2020;Saturday;0.1989;0.20000000000000015;1.0;0.6511528238439881;0.9065809991348895;1.0;0.20000000000000015;12.0;1.0;1.0;0.19950000000000015;12.0;1.0;1.0;0.20000000000000015;12.0;1.0;Now
23:31:59 25/01/2020;Saturday;0.1988;0.19900000000000015;1.0;0.6519202405202648;0.9253086840646447;1.0;0.19900000000000015;12.0;1.0;1.0;0.19900000000000015;12.0;1.0;1.0;0.19900000000000015;12.0;1.0;Now
05:57:15 26/01/2020;Sunday;0.1986;0.19900000000000015;1.0;0.6519202405202648;0.9253086840646447;1.0;0.19900000000000015;12.0;1.0;1.0;0.19900000000000015;12.0;1.0;1.0;0.19900000000000015;12.0;1.0;Now
11:23:36 26/01/2020;Sunday;0.1987;0.19900000000000015;1.0;0.6519202405202648;0.9253086840646447;1.0;0.19900000000000015;12.0;1.0;1.0;0.19900000000000015;12.0;1.0;1.0;0.19900000000000015;12.0;1.0;Now
18:31:03 26/01/2020;Sunday;0.1984;0.19900000000000015;1.0;0.6519202405202648;0.9253086840646447;1.0;0.19900000000000015;12.0;1.0;1.0;0.19900000000000015;12.0;1.0;1.0;0.19900000000000015;12.0;1.0;Now
23:41:24 26/01/2020;Sunday;0.1986;0.19900000000000015;1.0;0.6519202405202648;0.9253086840646447;1.0;0.19900000000000015;12.0;1.0;1.0;0.19900000000000015;12.0;1.0;1.0;0.19900000000000015;12.0;1.0;Now
04:51:04 27/01/2020;Monday;0.1984;0.19900000000000015;1.0;0.6519202405202648;0.9253086840646447;1.0;0.19900000000000015;12.0;1.0;1.0;0.19900000000000015;12.0;1.0;1.0;0.19900000000000015;12.0;1.0;Now
10:43:03 27/01/2020;Monday;0.1983;0.19900000000000015;1.0;0.6519202405202648;0.9253086840646447;1.0;0.19900000000000015;12.0;1.0;1.0;0.19900000000000015;12.0;1.0;1.0;0.19900000000000015;12.0;1.0;Now
17:25:04 27/01/2020;Monday;0.1984;0.19900000000000015;1.0;0.6519202405202648;0.9253086840646447;1.0;0.19900000000000015;12.0;1.0;1.0;0.19900000000000015;12.0;1.0;1.0;0.19900000000000015;12.0;1.0;Now
22:35:33 27/01/2020;Monday;0.1987;0.19900000000000015;1.0;0.6519202405202648;0.9253086840646447;1.0;0.19900000000000015;12.0;1.0;1.0;0.19900000000000015;12.0;1.0;1.0;0.19900000000000015;12.0;1.0;Now
04:27:03 28/01/2020;Tuesday;0.1989;0.19900000000000015;1.0;0.6519202405202648;0.9253086840646447;1.0;0.19900000000000015;12.0;1.0;1.0;0.19900000000000015;12.0;1.0;1.0;0.19900000000000015;12.0;1.0;Now
09:29:04 28/01/2020;Tuesday;0.1988;0.19900000000000015;1.0;0.6519202405202648;0.9253086840646447;0.9305324074074074;0.19900000000000015;11.16638888888889;0.9305324074074074;1.0;0.19933333333333347;12.0;1.0;0.9305324074074074;0.19900000000000015;11.16638888888889;0.9305324074074074;Now
15:46:15 28/01/2020;Tuesday;0.1989;0.19900000000000015;1.0;0.6519202405202648;0.9253086840646447;0.4066666666666667;0.19900000000000015;4.88;0.4066666666666667;1.0;0.1996666666666668;12.0;1.0;1.0;0.19950000000000015;12.0;1.0;Now
20:39:03 28/01/2020;Tuesday;0.1991;0.20000000000000015;1.0;0.6511528238439881;0.9065809991348895;1.0;0.20000000000000015;12.0;1.0;1.0;0.20000000000000015;12.0;1.0;1.0;0.20000000000000015;12.0;1.0;Now
02:39:34 29/01/2020;Wednesday;0.1992;0.20000000000000015;1.0;0.6511528238439881;0.9065809991348895;1.0;0.20000000000000015;12.0;1.0;1.0;0.20000000000000015;12.0;1.0;1.0;0.20000000000000015;12.0;1.0;Now
07:58:03 29/01/2020;Wednesday;0.1994;0.20000000000000015;1.0;0.6511528238439881;0.9065809991348895;1.0;0.20000000000000015;12.0;1.0;1.0;0.20000000000000015;12.0;1.0;1.0;0.20000000000000015;12.0;1.0;Now
15:13:32 29/01/2020;Wednesday;0.1995;0.20000000000000015;1.0;0.6511528238439881;0.9065809991348895;1.0;0.20000000000000015;12.0;1.0;1.0;0.20000000000000015;12.0;1.0;1.0;0.20000000000000015;12.0;1.0;Now
01:25:04 30/01/2020;Thursday;0.1997;0.20000000000000015;1.0;0.6511528238439881;0.9065809991348895;1.0;0.20000000000000015;12.0;1.0;1.0;0.20000000000000015;12.0;1.0;1.0;0.20000000000000015;12.0;1.0;Now
13:34:04 30/01/2020;Thursday;0.2;0.20000000000000015;1.0;0.6511528238439881;0.9065809991348895;0.5353703703703704;0.20000000000000015;6.424444444444444;0.5353703703703704;1.0;0.2006666666666668;12.0;1.0;0.5353703703703704;0.20000000000000015;6.424444444444444;0.5353703703703704;Now
19:59:32 30/01/2020;Thursday;0.2001;0.20100000000000015;1.0;0.6503845016603639;0.8878312166187374;1.0;0.20100000000000015;12.0;1.0;1.0;0.20100000000000015;12.0;1.0;1.0;0.20100000000000015;12.0;1.0;Now
01:18:02 31/01/2020;Friday;0.2002;0.20100000000000015;1.0;0.6503845016603639;0.8878312166187374;1.0;0.20100000000000015;12.0;1.0;1.0;0.20100000000000015;12.0;1.0;1.0;0.20100000000000015;12.0;1.0;Now
08:00:04 31/01/2020;Friday;0.2003;0.20100000000000015;1.0;0.6503845016603639;0.8878312166187374;1.0;0.20100000000000015;12.0;1.0;1.0;0.20100000000000015;12.0;1.0;1.0;0.20100000000000015;12.0;1.0;Now
13:43:37 31/01/2020;Friday;0.2002;0.20100000000000015;1.0;0.6503845016603639;0.8878312166187374;1.0;0.20100000000000015;12.0;1.0;1.0;0.20100000000000015;12.0;1.0;1.0;0.20100000000000015;12.0;1.0;Now
21:16:03 31/01/2020;Friday;0.2004;0.20100000000000015;1.0;0.6503845016603639;0.8878312166187374;1.0;0.20100000000000015;12.0;1.0;1.0;0.20100000000000015;12.0;1.0;1.0;0.20100000000000015;12.0;1.0;Now
21:16:03 31/01/2020;Friday;0.2004;0.20100000000000015;1.0;0.6503845016603639;0.8878312166187374;1.0;0.20100000000000015;12.0;1.0;1.0;0.20100000000000015;12.0;1.0;1.0;0.20100000000000015;12.0;1.0;Now
17:31:16 01/02/2020;Saturday;0.2005;0.20100000000000015;1.0;0.6503845016603639;0.8878312166187374;1.0;0.20100000000000015;12.0;1.0;1.0;0.20100000000000015;12.0;1.0;1.0;0.20100000000000015;12.0;1.0;Now
22:58:31 01/02/2020;Saturday;0.2006;0.20100000000000015;1.0;0.6503845016603639;0.8878312166187374;1.0;0.20100000000000015;12.0;1.0;1.0;0.20100000000000015;12.0;1.0;1.0;0.20100000000000015;12.0;1.0;Now
06:05:42 02/02/2020;Sunday;0.2007;0.20100000000000015;1.0;0.6503845016603639;0.8878312166187374;1.0;0.20100000000000015;12.0;1.0;1.0;0.20100000000000015;12.0;1.0;1.0;0.20100000000000015;12.0;1.0;Now
17:49:12 02/02/2020;Sunday;0.2006;0.20100000000000015;1.0;0.6503845016603639;0.8878312166187374;1.0;0.20100000000000015;12.0;1.0;1.0;0.20100000000000015;12.0;1.0;1.0;0.20100000000000015;12.0;1.0;Now
10:51:51 03/02/2020;Monday;0.2004;0.20100000000000015;1.0;0.6503845016603639;0.8878312166187374;1.0;0.20100000000000015;12.0;1.0;1.0;0.20100000000000015;12.0;1.0;1.0;0.20100000000000015;12.0;1.0;Now
16:51:51 03/02/2020;Monday;0.2002;0.20100000000000015;1.0;0.6503845016603639;0.8878312166187374;1.0;0.20100000000000015;12.0;1.0;1.0;0.20100000000000015;12.0;1.0;1.0;0.20100000000000015;12.0;1.0;Now
00:15:55 04/02/2020;Tuesday;0.2003;0.20100000000000015;1.0;0.6503845016603639;0.8878312166187374;1.0;0.20100000000000015;12.0;1.0;1.0;0.20100000000000015;12.0;1.0;1.0;0.20100000000000015;12.0;1.0;Now
12:58:20 04/02/2020;Tuesday;0.2001;0.20100000000000015;1.0;0.6503845016603639;0.8878312166187374;1.0;0.20100000000000015;12.0;1.0;1.0;0.20100000000000015;12.0;1.0;1.0;0.20100000000000015;12.0;1.0;Now
18:53:43 04/02/2020;Tuesday;0.2002;0.20100000000000015;1.0;0.6503845016603639;0.8878312166187374;1.0;0.20100000000000015;12.0;1.0;1.0;0.20100000000000015;12.0;1.0;1.0;0.20100000000000015;12.0;1.0;Now
00:35:56 05/02/2020;Wednesday;0.2003;0.20100000000000015;1.0;0.6503845016603639;0.8878312166187374;1.0;0.20100000000000015;12.0;1.0;1.0;0.20100000000000015;12.0;1.0;1.0;0.20100000000000015;12.0;1.0;Now
06:11:36 05/02/2020;Wednesday;0.2002;0.20100000000000015;1.0;0.6503845016603639;0.8878312166187374;1.0;0.20100000000000015;12.0;1.0;1.0;0.20100000000000015;12.0;1.0;1.0;0.20100000000000015;12.0;1.0;Now
11:04:24 05/02/2020;Wednesday;0.2;0.20100000000000015;1.0;0.6503845016603639;0.8878312166187374;1.0;0.20100000000000015;12.0;1.0;1.0;0.20100000000000015;12.0;1.0;1.0;0.20100000000000015;12.0;1.0;Now
16:48:07 05/02/2020;Wednesday;0.2001;0.20100000000000015;1.0;0.6503845016603639;0.8878312166187374;1.0;0.20100000000000015;12.0;1.0;1.0;0.20100000000000015;12.0;1.0;1.0;0.20100000000000015;12.0;1.0;Now
21:58:03 05/02/2020;Wednesday;0.2003;0.20100000000000015;1.0;0.6503845016603639;0.8878312166187374;1.0;0.20100000000000015;12.0;1.0;1.0;0.20100000000000015;12.0;1.0;1.0;0.20100000000000015;12.0;1.0;Now
04:32:16 06/02/2020;Thursday;0.2007;0.20100000000000015;1.0;0.6503845016603639;0.8878312166187374;0.8493055555555555;0.20100000000000015;10.191666666666666;0.8493055555555555;1.0;0.20133333333333348;12.0;1.0;0.8493055555555555;0.20100000000000015;10.191666666666666;0.8493055555555555;Now
09:16:32 06/02/2020;Thursday;0.2009;0.20100000000000015;1.0;0.6503845016603639;0.8878312166187374;0.45449074074074075;0.20100000000000015;5.453888888888889;0.45449074074074075;1.0;0.2016666666666668;12.0;1.0;0.45449074074074075;0.20100000000000015;5.453888888888889;0.45449074074074075;Now
14:43:46 06/02/2020;Thursday;0.2012;0.20200000000000015;1.0;0.6496152707564684;0.8690592581094705;1.0;0.20200000000000015;12.0;1.0;1.0;0.20200000000000015;12.0;1.0;1.0;0.20200000000000015;12.0;1.0;Now
20:04:58 06/02/2020;Thursday;0.2017;0.20200000000000015;1.0;0.6496152707564684;0.8690592581094705;1.0;0.20200000000000015;12.0;1.0;1.0;0.20200000000000015;12.0;1.0;1.0;0.20200000000000015;12.0;1.0;Now
01:42:39 07/02/2020;Friday;0.2009;0.20200000000000015;1.0;0.6496152707564684;0.8690592581094705;1.0;0.20200000000000015;12.0;1.0;1.0;0.20200000000000015;12.0;1.0;1.0;0.20200000000000015;12.0;1.0;Now
06:52:28 07/02/2020;Friday;0.2012;0.20200000000000015;1.0;0.6496152707564684;0.8690592581094705;1.0;0.20200000000000015;12.0;1.0;1.0;0.20200000000000015;12.0;1.0;1.0;0.20200000000000015;12.0;1.0;Now
14:00:03 07/02/2020;Friday;0.2014;0.20200000000000015;1.0;0.6496152707564684;0.8690592581094705;1.0;0.20200000000000015;12.0;1.0;1.0;0.20200000000000015;12.0;1.0;1.0;0.20200000000000015;12.0;1.0;Now
20:34:14 07/02/2020;Friday;0.2019;0.20200000000000015;1.0;0.6496152707564684;0.8690592581094705;0.48777777777777775;0.20200000000000015;5.8533333333333335;0.48777777777777775;1.0;0.20250000000000015;12.0;1.0;1.0;0.20250000000000015;12.0;1.0;Now
23:25:58 07/02/2020;Friday;0.2019;0.20200000000000015;1.0;0.6496152707564684;0.8690592581094705;0.24925925925925926;0.20200000000000015;2.991111111111111;0.24925925925925926;1.0;0.2026666666666668;12.0;1.0;1.0;0.20250000000000015;12.0;1.0;Now
02:25:26 08/02/2020;Saturday;0.2023;0.20300000000000015;1.0;0.6488451279003332;0.8502650447356112;1.0;0.20300000000000015;12.0;1.0;1.0;0.20300000000000015;12.0;1.0;1.0;0.20300000000000015;12.0;1.0;Now
07:10:24 08/02/2020;Saturday;0.2021;0.20300000000000015;1.0;0.6488451279003332;0.8502650447356112;1.0;0.20300000000000015;12.0;1.0;1.0;0.20300000000000015;12.0;1.0;1.0;0.20300000000000015;12.0;1.0;Now
14:17:24 08/02/2020;Saturday;0.2023;0.20300000000000015;1.0;0.6488451279003332;0.8502650447356112;1.0;0.20300000000000015;12.0;1.0;1.0;0.20300000000000015;12.0;1.0;1.0;0.20300000000000015;12.0;1.0;Now
20:34:39 08/02/2020;Saturday;0.2017;0.20300000000000015;1.0;0.6488451279003332;0.8502650447356112;1.0;0.20300000000000015;12.0;1.0;1.0;0.20233333333333348;12.0;1.0;1.0;0.20300000000000015;12.0;1.0;Now
02:26:25 09/02/2020;Sunday;0.2015;0.20200000000000015;1.0;0.6496152707564684;0.8690592581094705;1.0;0.20200000000000015;12.0;1.0;1.0;0.20200000000000015;12.0;1.0;1.0;0.20200000000000015;12.0;1.0;Now
08:18:28 09/02/2020;Sunday;0.2013;0.20200000000000015;1.0;0.6496152707564684;0.8690592581094705;1.0;0.20200000000000015;12.0;1.0;1.0;0.20200000000000015;12.0;1.0;1.0;0.20200000000000015;12.0;1.0;Now
15:42:24 09/02/2020;Sunday;0.2011;0.20200000000000015;1.0;0.6496152707564684;0.8690592581094705;1.0;0.20200000000000015;12.0;1.0;1.0;0.20200000000000015;12.0;1.0;1.0;0.20200000000000015;12.0;1.0;Now
21:51:25 09/02/2020;Sunday;0.2008;0.20200000000000015;1.0;0.6496152707564684;0.8690592581094705;1.0;0.20200000000000015;12.0;1.0;1.0;0.20150000000000015;12.0;1.0;1.0;0.20200000000000015;12.0;1.0;Now
04:49:53 10/02/2020;Monday;0.2007;0.20100000000000015;1.0;0.6503845016603639;0.8878312166187374;1.0;0.20100000000000015;12.0;1.0;1.0;0.20100000000000015;12.0;1.0;1.0;0.20100000000000015;12.0;1.0;Now
11:40:24 10/02/2020;Monday;0.2006;0.20100000000000015;1.0;0.6503845016603639;0.8878312166187374;1.0;0.20100000000000015;12.0;1.0;1.0;0.20100000000000015;12.0;1.0;1.0;0.20100000000000015;12.0;1.0;Now
18:48:05 10/02/2020;Monday;0.2005;0.20100000000000015;1.0;0.6503845016603639;0.8878312166187374;1.0;0.20100000000000015;12.0;1.0;1.0;0.20100000000000015;12.0;1.0;1.0;0.20100000000000015;12.0;1.0;Now
04:59:23 11/02/2020;Tuesday;0.2007;0.20100000000000015;1.0;0.6503845016603639;0.8878312166187374;1.0;0.20100000000000015;12.0;1.0;1.0;0.20100000000000015;12.0;1.0;1.0;0.20100000000000015;12.0;1.0;Now
10:09:54 11/02/2020;Tuesday;0.2005;0.20100000000000015;1.0;0.6503845016603639;0.8878312166187374;1.0;0.20100000000000015;12.0;1.0;1.0;0.20100000000000015;12.0;1.0;1.0;0.20100000000000015;12.0;1.0;Now
13:26:02 11/02/2020;Tuesday;0.2005;0.20100000000000015;1.0;0.6503845016603639;0.8878312166187374;1.0;0.20100000000000015;12.0;1.0;1.0;0.20100000000000015;12.0;1.0;1.0;0.20100000000000015;12.0;1.0;Now
18:07:52 11/02/2020;Tuesday;0.2005;0.20100000000000015;1.0;0.6503845016603639;0.8878312166187374;0.8147685185185185;0.20100000000000015;9.777222222222223;0.8147685185185185;1.0;0.20133333333333348;12.0;1.0;0.8147685185185185;0.20100000000000015;9.777222222222223;0.8147685185185185;Now
22:52:23 11/02/2020;Tuesday;0.2008;0.20100000000000015;1.0;0.6503845016603639;0.8878312166187374;0.4196064814814815;0.20100000000000015;5.035277777777778;0.4196064814814815;1.0;0.2016666666666668;12.0;1.0;0.4196064814814815;0.20100000000000015;5.035277777777778;0.4196064814814815;Now
03:54:30 12/02/2020;Wednesday;0.2014;0.20200000000000015;1.0;0.6496152707564684;0.8690592581094705;1.0;0.20200000000000015;12.0;1.0;1.0;0.20200000000000015;12.0;1.0;1.0;0.20200000000000015;12.0;1.0;Now
08:38:52 12/02/2020;Wednesday;0.2012;0.20200000000000015;1.0;0.6496152707564684;0.8690592581094705;1.0;0.20200000000000015;12.0;1.0;1.0;0.20200000000000015;12.0;1.0;1.0;0.20200000000000015;12.0;1.0;Now
13:40:28 12/02/2020;Wednesday;0.2013;0.20200000000000015;1.0;0.6496152707564684;0.8690592581094705;1.0;0.20200000000000015;12.0;1.0;1.0;0.20200000000000015;12.0;1.0;1.0;0.20200000000000015;12.0;1.0;Now
20:55:53 12/02/2020;Wednesday;0.2019;0.20200000000000015;1.0;0.6496152707564684;0.8690592581094705;1.0;0.20200000000000015;12.0;1.0;1.0;0.20200000000000015;12.0;1.0;1.0;0.20200000000000015;12.0;1.0;Now
02:47:59 13/02/2020;Thursday;0.2017;0.20200000000000015;1.0;0.6496152707564684;0.8690592581094705;1.0;0.20200000000000015;12.0;1.0;1.0;0.20200000000000015;12.0;1.0;1.0;0.20200000000000015;12.0;1.0;Now
09:30:28 13/02/2020;Thursday;0.2018;0.20200000000000015;1.0;0.6496152707564684;0.8690592581094705;1.0;0.20200000000000015;12.0;1.0;1.0;0.20200000000000015;12.0;1.0;1.0;0.20200000000000015;12.0;1.0;Now
15:46:56 13/02/2020;Thursday;0.202;0.20200000000000015;1.0;0.6496152707564684;0.8690592581094705;0.5242129629629629;0.20200000000000015;6.290555555555556;0.5242129629629629;1.0;0.20250000000000015;12.0;1.0;0.5242129629629629;0.20200000000000015;6.290555555555556;0.5242129629629629;Now
22:04:22 13/02/2020;Thursday;0.2025;0.20300000000000015;1.0;0.6488451279003332;0.8502650447356112;1.0;0.20300000000000015;12.0;1.0;1.0;0.20300000000000015;12.0;1.0;1.0;0.20300000000000015;12.0;1.0;Now
03:56:26 14/02/2020;Friday;0.2026;0.20300000000000015;1.0;0.6488451279003332;0.8502650447356112;0.5464351851851852;0.20300000000000015;6.557222222222222;0.5464351851851852;1.0;0.2036666666666668;12.0;1.0;0.5464351851851852;0.20300000000000015;6.557222222222222;0.5464351851851852;Now
10:29:52 14/02/2020;Friday;0.2031;0.20400000000000015;1.0;0.6480740698407859;0.8314484971570367;1.0;0.20400000000000015;12.0;1.0;1.0;0.20400000000000015;12.0;1.0;1.0;0.20400000000000015;12.0;1.0;Now
15:40:22 14/02/2020;Friday;0.2032;0.20400000000000015;1.0;0.6480740698407859;0.8314484971570367;0.9888888888888889;0.20400000000000015;11.866666666666667;0.9888888888888889;1.0;0.20433333333333348;12.0;1.0;0.9888888888888889;0.20400000000000015;11.866666666666667;0.9888888888888889;Now
20:33:51 14/02/2020;Friday;0.2038;0.20400000000000015;1.0;0.6480740698407859;0.8314484971570367;0.5812731481481481;0.20400000000000015;6.9752777777777775;0.5812731481481481;1.0;0.20450000000000015;12.0;1.0;0.5812731481481481;0.20400000000000015;6.9752777777777775;0.5812731481481481;Now
03:32:22 15/02/2020;Saturday;0.2041;0.20500000000000015;1.0;0.6473020933072902;0.8126095355610811;1.0;0.20500000000000015;12.0;1.0;1.0;0.20500000000000015;12.0;1.0;1.0;0.20500000000000015;12.0;1.0;Now
14:57:40 15/02/2020;Saturday;0.2043;0.20500000000000015;1.0;0.6473020933072902;0.8126095355610811;1.0;0.20500000000000015;12.0;1.0;1.0;0.20500000000000015;12.0;1.0;1.0;0.20500000000000015;12.0;1.0;Now
20:16:17 15/02/2020;Saturday;0.2045;0.20500000000000015;1.0;0.6473020933072902;0.8126095355610811;1.0;0.20500000000000015;12.0;1.0;1.0;0.20500000000000015;12.0;1.0;1.0;0.20500000000000015;12.0;1.0;Now
02:41:45 16/02/2020;Sunday;0.2043;0.20500000000000015;1.0;0.6473020933072902;0.8126095355610811;1.0;0.20500000000000015;12.0;1.0;1.0;0.20500000000000015;12.0;1.0;1.0;0.20500000000000015;12.0;1.0;Now
23:46:46 16/02/2020;Sunday;0.2042;0.20500000000000015;1.0;0.6473020933072902;0.8126095355610811;1.0;0.20500000000000015;12.0;1.0;1.0;0.20500000000000015;12.0;1.0;1.0;0.20500000000000015;12.0;1.0;Now
05:55:09 17/02/2020;Monday;0.2043;0.20500000000000015;1.0;0.6473020933072902;0.8126095355610811;1.0;0.20500000000000015;12.0;1.0;1.0;0.20500000000000015;12.0;1.0;1.0;0.20500000000000015;12.0;1.0;Now
10:48:25 17/02/2020;Monday;0.2045;0.20500000000000015;1.0;0.6473020933072902;0.8126095355610811;1.0;0.20500000000000015;12.0;1.0;1.0;0.20500000000000015;12.0;1.0;1.0;0.20500000000000015;12.0;1.0;Now
15:50:07 17/02/2020;Monday;0.2049;0.20500000000000015;1.0;0.6473020933072902;0.8126095355610811;0.5933333333333334;0.20500000000000015;7.12;0.5933333333333334;1.0;0.20550000000000015;12.0;1.0;0.5933333333333334;0.20500000000000015;7.12;0.5933333333333334;Now
22:57:19 17/02/2020;Monday;0.2053;0.20600000000000016;1.0;0.6465291950097843;0.7937480796585841;1.0;0.20600000000000016;12.0;1.0;1.0;0.20600000000000016;12.0;1.0;1.0;0.20600000000000016;12.0;1.0;Now
05:39:07 18/02/2020;Tuesday;0.2055;0.20600000000000016;1.0;0.6465291950097843;0.7937480796585841;1.0;0.20600000000000016;12.0;1.0;1.0;0.20600000000000016;12.0;1.0;1.0;0.20600000000000016;12.0;1.0;Now
12:04:41 18/02/2020;Tuesday;0.2056;0.20600000000000016;1.0;0.6465291950097843;0.7937480796585841;0.4651851851851852;0.20600000000000016;5.582222222222223;0.4651851851851852;1.0;0.2066666666666668;12.0;1.0;0.4651851851851852;0.20600000000000016;5.582222222222223;0.4651851851851852;Now
17:39:37 18/02/2020;Tuesday;0.2062;0.20700000000000016;1.0;0.6457553716385175;0.7748640486799009;1.0;0.20700000000000016;12.0;1.0;1.0;0.20700000000000016;12.0;1.0;1.0;0.20700000000000016;12.0;1.0;Now
22:58:21 18/02/2020;Tuesday;0.2068;0.20700000000000016;1.0;0.6457553716385175;0.7748640486799009;1.0;0.20700000000000016;12.0;1.0;1.0;0.20700000000000016;12.0;1.0;1.0;0.20700000000000016;12.0;1.0;Now
04:50:17 19/02/2020;Wednesday;0.207;0.20700000000000016;1.0;0.6457553716385175;0.7748640486799009;0.5819212962962963;0.20700000000000016;6.983055555555556;0.5819212962962963;1.0;0.20750000000000016;12.0;1.0;0.5819212962962963;0.20700000000000016;6.983055555555556;0.5819212962962963;Now
11:49:16 19/02/2020;Wednesday;0.2074;0.20800000000000016;1.0;0.6449806198638838;0.7559573613708569;0.960462962962963;0.20800000000000016;11.525555555555556;0.960462962962963;1.0;0.2086666666666668;12.0;1.0;0.960462962962963;0.20800000000000016;11.525555555555556;0.960462962962963;Now
17:49:16 19/02/2020;Wednesday;0.2076;0.20800000000000016;1.0;0.6449806198638838;0.7559573613708569;0.46046296296296296;0.20800000000000016;5.525555555555556;0.46046296296296296;1.0;0.20933333333333348;12.0;1.0;1.0;0.20900000000000016;12.0;1.0;Now
23:20:48 19/02/2020;Wednesday;0.2091;0.21000000000000016;1.0;0.6434283176858163;0.7180756902978929;1.0;0.21000000000000016;12.0;1.0;1.0;0.21000000000000016;12.0;1.0;1.0;0.21000000000000016;12.0;1.0;Now
05:37:47 20/02/2020;Thursday;0.2093;0.21000000000000016;1.0;0.6434283176858163;0.7180756902978929;1.0;0.21000000000000016;12.0;1.0;1.0;0.21000000000000016;12.0;1.0;1.0;0.21000000000000016;12.0;1.0;Now
13:10:03 20/02/2020;Thursday;0.2096;0.21000000000000016;1.0;0.6434283176858163;0.7180756902978929;1.0;0.21000000000000016;12.0;1.0;1.0;0.21000000000000016;12.0;1.0;1.0;0.21000000000000016;12.0;1.0;Now
20:16:56 20/02/2020;Thursday;0.2098;0.21000000000000016;1.0;0.6434283176858163;0.7180756902978929;0.5353009259259259;0.21000000000000016;6.423611111111111;0.5353009259259259;1.0;0.21050000000000016;12.0;1.0;0.5353009259259259;0.21000000000000016;6.423611111111111;0.5353009259259259;Now
02:42:21 21/02/2020;Friday;0.2103;0.21100000000000016;1.0;0.642650760522385;0.6991005415660898;1.0;0.21100000000000016;12.0;1.0;1.0;0.21100000000000016;12.0;1.0;1.0;0.21100000000000016;12.0;1.0;Now
09:24:15 21/02/2020;Friday;0.2105;0.21100000000000016;1.0;0.642650760522385;0.6991005415660898;1.0;0.21100000000000016;12.0;1.0;1.0;0.21100000000000016;12.0;1.0;1.0;0.21100000000000016;12.0;1.0;Now
16:23:19 21/02/2020;Friday;0.2107;0.21100000000000016;1.0;0.642650760522385;0.6991005415660898;0.6049074074074074;0.21100000000000016;7.2588888888888885;0.6049074074074074;1.0;0.21150000000000016;12.0;1.0;0.6049074074074074;0.21100000000000016;7.2588888888888885;0.6049074074074074;Now
23:38:51 21/02/2020;Friday;0.2111;0.21200000000000016;1.0;0.6418722614352483;0.68010240655978;1.0;0.21200000000000016;12.0;1.0;1.0;0.21200000000000016;12.0;1.0;1.0;0.21200000000000016;12.0;1.0;Now
12:20:47 22/02/2020;Saturday;0.2107;0.21100000000000016;1.0;0.642650760522385;0.6991005415660898;1.0;0.21100000000000016;12.0;1.0;1.0;0.21100000000000016;12.0;1.0;1.0;0.21100000000000016;12.0;1.0;Now
19:19:37 22/02/2020;Saturday;0.2104;0.21100000000000016;1.0;0.642650760522385;0.6991005415660898;1.0;0.21100000000000016;12.0;1.0;1.0;0.21100000000000016;12.0;1.0;1.0;0.21100000000000016;12.0;1.0;Now
01:44:47 23/02/2020;Sunday;0.2099;0.21100000000000016;1.0;0.642650760522385;0.6991005415660898;1.0;0.21100000000000016;12.0;1.0;1.0;0.21050000000000016;12.0;1.0;1.0;0.21100000000000016;12.0;1.0;Now
09:00:17 23/02/2020;Sunday;0.2096;0.21000000000000016;1.0;0.6434283176858163;0.7180756902978929;1.0;0.21000000000000016;12.0;1.0;1.0;0.21000000000000016;12.0;1.0;1.0;0.21000000000000016;12.0;1.0;Now
15:33:47 23/02/2020;Sunday;0.2091;0.21000000000000016;1.0;0.6434283176858163;0.7180756902978929;1.0;0.21000000000000016;12.0;1.0;1.0;0.21000000000000016;12.0;1.0;1.0;0.21000000000000016;12.0;1.0;Now
20:10:18 23/02/2020;Sunday;0.2087;0.21000000000000016;1.0;0.6434283176858163;0.7180756902978929;1.0;0.21000000000000016;12.0;1.0;1.0;0.21000000000000016;12.0;1.0;1.0;0.21000000000000016;12.0;1.0;Now
00:55:17 24/02/2020;Monday;0.2088;0.21000000000000016;1.0;0.6434283176858163;0.7180756902978929;1.0;0.21000000000000016;12.0;1.0;1.0;0.20950000000000016;12.0;1.0;1.0;0.21000000000000016;12.0;1.0;Now
08:10:48 24/02/2020;Monday;0.2087;0.20900000000000016;1.0;0.6442049363362561;0.7370279359886864;0.5814351851851852;0.20900000000000016;6.977222222222222;0.5814351851851852;1.0;0.20950000000000016;12.0;1.0;0.5814351851851852;0.20900000000000016;6.977222222222222;0.5814351851851852;Now
15:09:26 24/02/2020;Monday;0.2096;0.21000000000000016;1.0;0.6434283176858163;0.7180756902978929;0.5347222222222222;0.21000000000000016;6.416666666666667;0.5347222222222222;1.0;0.2106666666666668;12.0;1.0;0.5347222222222222;0.21000000000000016;6.416666666666667;0.5347222222222222;Now
21:34:26 24/02/2020;Monday;0.2102;0.21100000000000016;1.0;0.642650760522385;0.6991005415660898;0.9077546296296296;0.21100000000000016;10.893055555555556;0.9077546296296296;1.0;0.21133333333333348;12.0;1.0;0.9077546296296296;0.21100000000000016;10.893055555555556;0.9077546296296296;Now
02:19:24 25/02/2020;Tuesday;0.2109;0.21100000000000016;1.0;0.642650760522385;0.6991005415660898;0.5119675925925926;0.21100000000000016;6.143611111111111;0.5119675925925926;1.0;0.2116666666666668;12.0;1.0;0.5119675925925926;0.21100000000000016;6.143611111111111;0.5119675925925926;Now
08:28:01 25/02/2020;Tuesday;0.2114;0.21200000000000016;1.0;0.6418722614352483;0.68010240655978;1.0;0.21200000000000016;12.0;1.0;1.0;0.21200000000000016;12.0;1.0;1.0;0.21200000000000016;12.0;1.0;Now
13:29:24 25/02/2020;Tuesday;0.2115;0.21200000000000016;1.0;0.6418722614352483;0.68010240655978;0.930625;0.21200000000000016;11.1675;0.930625;1.0;0.21233333333333348;12.0;1.0;0.930625;0.21200000000000016;11.1675;0.930625;Now
19:29:24 25/02/2020;Tuesday;0.212;0.21200000000000016;1.0;0.6418722614352483;0.68010240655978;0.430625;0.21200000000000016;5.1675;0.430625;1.0;0.21250000000000016;12.0;1.0;1.0;0.21250000000000016;12.0;1.0;Now
00:39:27 26/02/2020;Wednesday;0.2125;0.21300000000000016;1.0;0.6410928169929841;0.6610812015401097;1.0;0.21300000000000016;12.0;1.0;1.0;0.21300000000000016;12.0;1.0;1.0;0.21300000000000016;12.0;1.0;Now
08:12:00 26/02/2020;Wednesday;0.2128;0.21300000000000016;1.0;0.6410928169929841;0.6610812015401097;1.0;0.21300000000000016;12.0;1.0;1.0;0.21300000000000016;12.0;1.0;1.0;0.21300000000000016;12.0;1.0;Now
15:10:42 26/02/2020;Wednesday;0.2124;0.21300000000000016;1.0;0.6410928169929841;0.6610812015401097;0.6052546296296296;0.21300000000000016;7.263055555555556;0.6052546296296296;1.0;0.21350000000000016;12.0;1.0;0.6052546296296296;0.21300000000000016;7.263055555555556;0.6052546296296296;Now
22:26:29 26/02/2020;Wednesday;0.2134;0.21400000000000016;1.0;0.6403124237432847;0.6420368422585419;0.6047453703703703;0.21400000000000016;7.256944444444445;0.6047453703703703;1.0;0.21450000000000016;12.0;1.0;0.6047453703703703;0.21400000000000016;7.256944444444445;0.6047453703703703;Now
05:41:54 27/02/2020;Thursday;0.2144;0.21500000000000016;1.0;0.6395310782127791;0.6229692439525266;1.0;0.21500000000000016;12.0;1.0;1.0;0.21500000000000016;12.0;1.0;1.0;0.21500000000000016;12.0;1.0;Now
11:08:24 27/02/2020;Thursday;0.2147;0.21500000000000016;1.0;0.6395310782127791;0.6229692439525266;0.9746296296296296;0.21500000000000016;11.695555555555556;0.9746296296296296;1.0;0.21525000000000016;12.0;1.0;0.9746296296296296;0.21500000000000016;11.695555555555556;0.9746296296296296;Now
13:42:10 27/02/2020;Thursday;0.2147;0.21500000000000016;1.0;0.6395310782127791;0.6229692439525266;0.7610648148148148;0.21500000000000016;9.132777777777777;0.7610648148148148;1.0;0.2153333333333335;12.0;1.0;0.7610648148148148;0.21500000000000016;9.132777777777777;0.7610648148148148;Now
18:07:39 27/02/2020;Thursday;0.215;0.21500000000000016;1.0;0.6395310782127791;0.6229692439525266;0.39233796296296297;0.21500000000000016;4.708055555555555;0.39233796296296297;1.0;0.21600000000000016;12.0;1.0;0.9687731481481482;0.21550000000000016;11.625277777777777;0.9687731481481482;Now
22:50:08 27/02/2020;Thursday;0.2155;0.21600000000000016;1.0;0.6387487769068523;0.6038783213410772;0.5764351851851852;0.21600000000000016;6.917222222222223;0.5764351851851852;1.0;0.21650000000000016;12.0;1.0;0.5764351851851852;0.21600000000000016;6.917222222222223;0.5764351851851852;Now
05:45:10 28/02/2020;Friday;0.2166;0.21700000000000016;1.0;0.6379655163094631;0.584763988620337;1.0;0.21700000000000016;12.0;1.0;1.0;0.21700000000000016;12.0;1.0;1.0;0.21700000000000016;12.0;1.0;Now
10:55:09 28/02/2020;Friday;0.2169;0.21700000000000016;1.0;0.6379655163094631;0.584763988620337;0.604837962962963;0.21700000000000016;7.258055555555556;0.604837962962963;1.0;0.21800000000000017;12.0;1.0;0.604837962962963;0.21700000000000016;7.258055555555556;0.604837962962963;Now
18:10:38 28/02/2020;Friday;0.2181;0.21900000000000017;1.0;0.6363961030678926;0.5464647469941086;1.0;0.21900000000000017;12.0;1.0;1.0;0.21900000000000017;12.0;1.0;1.0;0.21900000000000017;12.0;1.0;Now
23:54:09 28/02/2020;Friday;0.2187;0.21900000000000017;1.0;0.6363961030678926;0.5464647469941086;0.5582870370370371;0.21900000000000017;6.6994444444444445;0.5582870370370371;1.0;0.22000000000000017;12.0;1.0;0.5582870370370371;0.21900000000000017;6.6994444444444445;0.5582870370370371;Now
06:36:07 29/02/2020;Saturday;0.2195;0.22000000000000017;1.0;0.6356099432828279;0.5272796638257731;0.38381944444444444;0.22000000000000017;4.605833333333333;0.38381944444444444;1.0;0.22066666666666682;12.0;1.0;1.0;0.22050000000000017;12.0;1.0;Now
11:12:28 29/02/2020;Saturday;0.2202;0.22100000000000017;1.0;0.634822809924155;0.5080708220132021;1.0;0.22100000000000017;12.0;1.0;1.0;0.22100000000000017;12.0;1.0;1.0;0.22100000000000017;12.0;1.0;Now
16:22:31 29/02/2020;Saturday;0.2206;0.22100000000000017;1.0;0.634822809924155;0.5080708220132021;1.0;0.22100000000000017;12.0;1.0;1.0;0.22100000000000017;12.0;1.0;1.0;0.22100000000000017;12.0;1.0;Now
22:56:57 29/02/2020;Saturday;0.2201;0.22100000000000017;1.0;0.634822809924155;0.5080708220132021;1.0;0.22100000000000017;12.0;1.0;1.0;0.22100000000000017;12.0;1.0;1.0;0.22100000000000017;12.0;1.0;Now
22:56:57 29/02/2020;Saturday;0.2201;0.22100000000000017;1.0;0.634822809924155;0.5080708220132021;1.0;0.22100000000000017;12.0;1.0;1.0;0.22100000000000017;12.0;1.0;1.0;0.22100000000000017;12.0;1.0;Now
06:03:45 01/03/2020;Sunday;0.22;0.22100000000000017;1.0;0.634822809924155;0.5080708220132021;1.0;0.22100000000000017;12.0;1.0;1.0;0.22100000000000017;12.0;1.0;1.0;0.22100000000000017;12.0;1.0;Now
13:18:31 01/03/2020;Sunday;0.2201;0.22100000000000017;1.0;0.634822809924155;0.5080708220132021;1.0;0.22100000000000017;12.0;1.0;1.0;0.22100000000000017;12.0;1.0;1.0;0.22100000000000017;12.0;1.0;Now
20:09:08 01/03/2020;Sunday;0.22;0.22100000000000017;1.0;0.634822809924155;0.5080708220132021;1.0;0.22100000000000017;12.0;1.0;1.0;0.2203333333333335;12.0;1.0;1.0;0.22100000000000017;12.0;1.0;Now
01:52:41 02/03/2020;Monday;0.2194;0.22000000000000017;1.0;0.6356099432828279;0.5272796638257731;1.0;0.22000000000000017;12.0;1.0;1.0;0.22000000000000017;12.0;1.0;1.0;0.22000000000000017;12.0;1.0;Now
06:45:33 02/03/2020;Monday;0.2195;0.22000000000000017;1.0;0.6356099432828279;0.5272796638257731;1.0;0.22000000000000017;12.0;1.0;1.0;0.22000000000000017;12.0;1.0;1.0;0.22000000000000017;12.0;1.0;Now
12:54:04 02/03/2020;Monday;0.2191;0.22000000000000017;1.0;0.6356099432828279;0.5272796638257731;1.0;0.22000000000000017;12.0;1.0;1.0;0.22000000000000017;12.0;1.0;1.0;0.22000000000000017;12.0;1.0;Now
19:02:37 02/03/2020;Monday;0.2188;0.22000000000000017;1.0;0.6356099432828279;0.5272796638257731;1.0;0.22000000000000017;12.0;1.0;1.0;0.22000000000000017;12.0;1.0;1.0;0.22000000000000017;12.0;1.0;Now
00:46:04 03/03/2020;Tuesday;0.2195;0.22000000000000017;1.0;0.6356099432828279;0.5272796638257731;0.8374537037037038;0.22000000000000017;10.049444444444445;0.8374537037037038;1.0;0.22025000000000017;12.0;1.0;0.8374537037037038;0.22000000000000017;10.049444444444445;0.8374537037037038;Now
02:44:13 03/03/2020;Tuesday;0.2195;0.22000000000000017;1.0;0.6356099432828279;0.5272796638257731;0.6733564814814815;0.22000000000000017;8.080277777777777;0.6733564814814815;1.0;0.2203333333333335;12.0;1.0;0.6733564814814815;0.22000000000000017;8.080277777777777;0.6733564814814815;Now
05:47:17 03/03/2020;Tuesday;0.2198;0.22000000000000017;1.0;0.6356099432828279;0.5272796638257731;0.41909722222222223;0.22000000000000017;5.029166666666667;0.41909722222222223;1.0;0.22066666666666682;12.0;1.0;0.41909722222222223;0.22000000000000017;5.029166666666667;0.41909722222222223;Now
10:49:02 03/03/2020;Tuesday;0.2204;0.22100000000000017;1.0;0.634822809924155;0.5080708220132021;0.8376851851851852;0.22100000000000017;10.052222222222222;0.8376851851851852;1.0;0.22140000000000018;12.0;1.0;0.8376851851851852;0.22100000000000017;10.052222222222222;0.8376851851851852;Now
16:07:24 03/03/2020;Tuesday;0.221;0.22100000000000017;1.0;0.634822809924155;0.5080708220132021;0.3955092592592593;0.22100000000000017;4.746111111111111;0.3955092592592593;1.0;0.22180000000000016;12.0;1.0;0.7668981481481482;0.2213333333333335;4.746111111111111;0.3955092592592593;Now
18:06:23 03/03/2020;Tuesday;0.221;0.22100000000000017;1.0;0.634822809924155;0.5080708220132021;0.23025462962962964;0.22100000000000017;2.7630555555555554;0.23025462962962964;1.0;0.22200000000000017;12.0;1.0;0.6016435185185185;0.22150000000000017;2.7630555555555554;0.23025462962962964;Now
20:52:10 03/03/2020;Tuesday;0.2219;0.22200000000000017;1.0;0.6340346993658942;0.4888381330696531;0.47641203703703705;0.22200000000000017;5.716944444444445;0.47641203703703705;1.0;0.22275000000000017;12.0;1.0;0.9769907407407408;0.2223333333333335;11.723888888888888;0.9769907407407408;Now
22:07:47 03/03/2020;Tuesday;0.2219;0.22200000000000017;1.0;0.6340346993658942;0.4888381330696531;0.3713888888888889;0.22200000000000017;4.456666666666667;0.3713888888888889;1.0;0.22300000000000017;12.0;1.0;0.8719675925925926;0.22250000000000017;10.463611111111112;0.8719675925925926;Now
02:35:11 04/03/2020;Wednesday;0.2227;0.22300000000000017;1.0;0.6332456079595024;0.4695815079577486;0.5005787037037037;0.22300000000000017;6.006944444444445;0.5005787037037037;1.0;0.22350000000000017;12.0;1.0;0.5005787037037037;0.22300000000000017;6.006944444444445;0.5005787037037037;Now
08:35:36 04/03/2020;Wednesday;0.2232;0.22400000000000017;1.0;0.6324555320336757;0.45030085708467243;1.0;0.22400000000000017;12.0;1.0;1.0;0.22400000000000017;12.0;1.0;1.0;0.22400000000000017;12.0;1.0;Now
14:52:40 04/03/2020;Wednesday;0.224;0.22400000000000017;1.0;0.6324555320336757;0.45030085708467243;0.5690972222222223;0.22400000000000017;6.829166666666667;0.5690972222222223;1.0;0.22450000000000017;12.0;1.0;0.5690972222222223;0.22400000000000017;6.829166666666667;0.5690972222222223;Now
21:42:25 04/03/2020;Wednesday;0.225;0.22500000000000017;1.0;0.6316644678941501;0.4309960902972985;0.48891203703703706;0.22500000000000017;5.866944444444444;0.48891203703703706;1.0;0.22550000000000017;12.0;1.0;1.0;0.22550000000000017;12.0;1.0;Now
03:34:26 05/03/2020;Thursday;0.2253;0.22600000000000017;1.0;0.6308724118235001;0.41166711687727614;1.0;0.22600000000000017;12.0;1.0;1.0;0.22600000000000017;12.0;1.0;1.0;0.22600000000000017;12.0;1.0;Now
10:33:25 05/03/2020;Thursday;0.2255;0.22600000000000017;1.0;0.6308724118235001;0.41166711687727614;1.0;0.22600000000000017;12.0;1.0;1.0;0.22600000000000017;12.0;1.0;1.0;0.22600000000000017;12.0;1.0;Now
15:59:55 05/03/2020;Thursday;0.2258;0.22600000000000017;1.0;0.6308724118235001;0.41166711687727614;0.6284953703703704;0.22600000000000017;7.541944444444445;0.6284953703703704;1.0;0.22650000000000017;12.0;1.0;0.6284953703703704;0.22600000000000017;7.541944444444445;0.6284953703703704;Now
23:32:26 05/03/2020;Thursday;0.2263;0.22700000000000017;1.0;0.6300793600809345;0.39231384553605286;1.0;0.22700000000000017;12.0;1.0;1.0;0.22700000000000017;12.0;1.0;1.0;0.22700000000000017;12.0;1.0;Now
04:42:06 06/03/2020;Friday;0.2262;0.22700000000000017;1.0;0.6300793600809345;0.39231384553605286;1.0;0.22700000000000017;12.0;1.0;1.0;0.22700000000000017;12.0;1.0;1.0;0.22700000000000017;12.0;1.0;Now
10:00:25 06/03/2020;Friday;0.2265;0.22700000000000017;1.0;0.6300793600809345;0.39231384553605286;1.0;0.22700000000000017;12.0;1.0;1.0;0.22700000000000017;12.0;1.0;1.0;0.22700000000000017;12.0;1.0;Now
16:08:55 06/03/2020;Friday;0.2267;0.22700000000000017;1.0;0.6300793600809345;0.39231384553605286;1.0;0.22700000000000017;12.0;1.0;1.0;0.22700000000000017;12.0;1.0;1.0;0.22700000000000017;12.0;1.0;Now
21:26:55 06/03/2020;Friday;0.2268;0.22700000000000017;1.0;0.6300793600809345;0.39231384553605286;1.0;0.22700000000000017;12.0;1.0;1.0;0.22700000000000017;12.0;1.0;1.0;0.22700000000000017;12.0;1.0;Now
04:00:55 07/03/2020;Saturday;0.2266;0.22700000000000017;1.0;0.6300793600809345;0.39231384553605286;1.0;0.22700000000000017;12.0;1.0;1.0;0.22700000000000017;12.0;1.0;1.0;0.22700000000000017;12.0;1.0;Now
09:44:00 07/03/2020;Saturday;0.2264;0.22700000000000017;1.0;0.6300793600809345;0.39231384553605286;1.0;0.22700000000000017;12.0;1.0;1.0;0.22700000000000017;12.0;1.0;1.0;0.22700000000000017;12.0;1.0;Now
15:27:28 07/03/2020;Saturday;0.226;0.22700000000000017;1.0;0.6300793600809345;0.39231384553605286;1.0;0.22700000000000017;12.0;1.0;1.0;0.22666666666666682;12.0;1.0;1.0;0.22700000000000017;12.0;1.0;Now
21:27:29 07/03/2020;Saturday;0.2258;0.22700000000000017;1.0;0.6300793600809345;0.39231384553605286;1.0;0.22700000000000017;12.0;1.0;1.0;0.2263333333333335;12.0;1.0;1.0;0.22700000000000017;12.0;1.0;Now
03:02:35 08/03/2020;Sunday;0.2254;0.22600000000000017;1.0;0.6308724118235001;0.41166711687727614;1.0;0.22600000000000017;12.0;1.0;1.0;0.22600000000000017;12.0;1.0;1.0;0.22600000000000017;12.0;1.0;Now
08:54:51 08/03/2020;Sunday;0.225;0.22600000000000017;1.0;0.6308724118235001;0.41166711687727614;1.0;0.22600000000000017;12.0;1.0;1.0;0.22550000000000017;12.0;1.0;1.0;0.22600000000000017;12.0;1.0;Now
16:09:53 08/03/2020;Sunday;0.2249;0.22500000000000017;1.0;0.6316644678941501;0.4309960902972985;1.0;0.22500000000000017;12.0;1.0;1.0;0.22500000000000017;12.0;1.0;1.0;0.22500000000000017;12.0;1.0;Now
23:00:26 08/03/2020;Sunday;0.2247;0.22500000000000017;1.0;0.6316644678941501;0.4309960902972985;1.0;0.22500000000000017;12.0;1.0;1.0;0.22500000000000017;12.0;1.0;1.0;0.22500000000000017;12.0;1.0;Now
05:25:31 09/03/2020;Monday;0.2242;0.22500000000000017;1.0;0.6316644678941501;0.4309960902972985;1.0;0.22500000000000017;12.0;1.0;1.0;0.22500000000000017;12.0;1.0;1.0;0.22500000000000017;12.0;1.0;Now
12:24:24 09/03/2020;Monday;0.224;0.22500000000000017;1.0;0.6316644678941501;0.4309960902972985;1.0;0.22500000000000017;12.0;1.0;1.0;0.22500000000000017;12.0;1.0;1.0;0.22500000000000017;12.0;1.0;Now
19:06:25 09/03/2020;Monday;0.2243;0.22500000000000017;1.0;0.6316644678941501;0.4309960902972985;1.0;0.22500000000000017;12.0;1.0;1.0;0.22500000000000017;12.0;1.0;1.0;0.22500000000000017;12.0;1.0;Now
19:14:44 09/03/2020;Monday;0.2243;0.22500000000000017;1.0;0.6316644678941501;0.4309960902972985;1.0;0.22500000000000017;12.0;1.0;1.0;0.22500000000000017;12.0;1.0;1.0;0.22500000000000017;12.0;1.0;Now
00:08:10 10/03/2020;Tuesday;0.2248;0.22500000000000017;1.0;0.6316644678941501;0.4309960902972985;1.0;0.22500000000000017;12.0;1.0;1.0;0.22500000000000017;12.0;1.0;1.0;0.22500000000000017;12.0;1.0;Now
06:41:41 10/03/2020;Tuesday;0.2246;0.22500000000000017;1.0;0.6316644678941501;0.4309960902972985;1.0;0.22500000000000017;12.0;1.0;1.0;0.22500000000000017;12.0;1.0;1.0;0.22500000000000017;12.0;1.0;Now
11:59:38 10/03/2020;Tuesday;0.2244;0.22500000000000017;1.0;0.6316644678941501;0.4309960902972985;0.9168518518518518;0.22500000000000017;11.002222222222223;0.9168518518518518;1.0;0.2253333333333335;12.0;1.0;0.9168518518518518;0.22500000000000017;11.002222222222223;0.9168518518518518;Now
16:32:36 10/03/2020;Tuesday;0.2243;0.22500000000000017;1.0;0.6316644678941501;0.4309960902972985;0.5377314814814815;0.22500000000000017;6.4527777777777775;0.5377314814814815;1.0;0.22550000000000017;12.0;1.0;0.5377314814814815;0.22500000000000017;6.4527777777777775;0.5377314814814815;Now
22:59:46 10/03/2020;Tuesday;0.2251;0.22600000000000017;1.0;0.6308724118235001;0.41166711687727614;0.9696296296296296;0.22600000000000017;11.635555555555555;0.9696296296296296;1.0;0.2263333333333335;12.0;1.0;0.9696296296296296;0.22600000000000017;11.635555555555555;0.9696296296296296;Now
05:19:17 11/03/2020;Wednesday;0.2254;0.22600000000000017;1.0;0.6308724118235001;0.41166711687727614;0.44252314814814814;0.22600000000000017;5.310277777777777;0.44252314814814814;1.0;0.22650000000000017;12.0;1.0;1.0;0.22650000000000017;12.0;1.0;Now
10:37:54 11/03/2020;Wednesday;0.2264;0.22700000000000017;1.0;0.6300793600809345;0.39231384553605286;1.0;0.22700000000000017;12.0;1.0;1.0;0.22700000000000017;12.0;1.0;1.0;0.22700000000000017;12.0;1.0;Now
18:01:48 11/03/2020;Wednesday;0.226;0.22700000000000017;1.0;0.6300793600809345;0.39231384553605286;0.5010648148148148;0.22700000000000017;6.012777777777778;0.5010648148148148;1.0;0.22750000000000017;12.0;1.0;0.5010648148148148;0.22700000000000017;6.012777777777778;0.5010648148148148;Now
00:02:34 12/03/2020;Thursday;0.2271;0.22800000000000017;1.0;0.6292853089020908;0.3729361844098514;0.5235416666666667;0.22800000000000017;6.2825;0.5235416666666667;1.0;0.22866666666666682;12.0;1.0;0.5235416666666667;0.22800000000000017;6.2825;0.5235416666666667;Now
06:19:31 12/03/2020;Thursday;0.2283;0.22900000000000018;1.0;0.6284902544988266;0.3535340410545787;0.9548842592592592;0.22900000000000018;11.45861111111111;0.9548842592592592;1.0;0.22966666666666682;12.0;1.0;0.9548842592592592;0.22900000000000018;11.45861111111111;0.9548842592592592;Now
11:54:32 12/03/2020;Thursday;0.2289;0.22900000000000018;1.0;0.6284902544988266;0.3535340410545787;0.4895833333333333;0.22900000000000018;5.875;0.4895833333333333;1.0;0.23000000000000018;12.0;1.0;1.0;0.23000000000000018;12.0;1.0;Now
17:47:02 12/03/2020;Thursday;0.2304;0.23100000000000018;1.0;0.626897120746299;0.3146559349479315;0.604837962962963;0.23100000000000018;7.258055555555556;0.604837962962963;1.0;0.23150000000000018;12.0;1.0;0.604837962962963;0.23100000000000018;7.258055555555556;0.604837962962963;Now
01:02:31 13/03/2020;Friday;0.2318;0.23200000000000018;1.0;0.6260990336999409;0.29517978436018383;1.0;0.23200000000000018;12.0;1.0;1.0;0.23200000000000018;12.0;1.0;1.0;0.23200000000000018;12.0;1.0;Now
06:38:02 13/03/2020;Friday;0.2314;0.23200000000000018;1.0;0.6260990336999409;0.29517978436018383;1.0;0.23200000000000018;12.0;1.0;1.0;0.23200000000000018;12.0;1.0;1.0;0.23200000000000018;12.0;1.0;Now
13:20:26 13/03/2020;Friday;0.2315;0.23200000000000018;1.0;0.6260990336999409;0.29517978436018383;0.5583796296296296;0.23200000000000018;6.700555555555556;0.5583796296296296;1.0;0.23250000000000018;12.0;1.0;0.5583796296296296;0.23200000000000018;6.700555555555556;0.5583796296296296;Now
20:02:28 13/03/2020;Friday;0.2322;0.23300000000000018;1.0;0.6252999280345392;0.27567877586003603;1.0;0.23300000000000018;12.0;1.0;1.0;0.23300000000000018;12.0;1.0;1.0;0.23300000000000018;12.0;1.0;Now
01:29:29 14/03/2020;Saturday;0.2327;0.23300000000000018;1.0;0.6252999280345392;0.27567877586003603;1.0;0.23300000000000018;12.0;1.0;1.0;0.23300000000000018;12.0;1.0;1.0;0.23300000000000018;12.0;1.0;Now
07:38:25 14/03/2020;Saturday;0.2328;0.23300000000000018;1.0;0.6252999280345392;0.27567877586003603;1.0;0.23300000000000018;12.0;1.0;1.0;0.23300000000000018;12.0;1.0;1.0;0.23300000000000018;12.0;1.0;Now
13:13:30 14/03/2020;Saturday;0.2326;0.23300000000000018;1.0;0.6252999280345392;0.27567877586003603;1.0;0.23300000000000018;12.0;1.0;1.0;0.23300000000000018;12.0;1.0;1.0;0.23300000000000018;12.0;1.0;Now
19:56:15 14/03/2020;Saturday;0.2321;0.23300000000000018;1.0;0.6252999280345392;0.27567877586003603;1.0;0.23300000000000018;12.0;1.0;1.0;0.23300000000000018;12.0;1.0;1.0;0.23300000000000018;12.0;1.0;Now
02:21:54 15/03/2020;Sunday;0.2316;0.23300000000000018;1.0;0.6252999280345392;0.27567877586003603;1.0;0.23300000000000018;12.0;1.0;1.0;0.23250000000000018;12.0;1.0;1.0;0.23300000000000018;12.0;1.0;Now
09:21:03 15/03/2020;Sunday;0.2315;0.23200000000000018;1.0;0.6260990336999409;0.29517978436018383;1.0;0.23200000000000018;12.0;1.0;1.0;0.23200000000000018;12.0;1.0;1.0;0.23200000000000018;12.0;1.0;Now
16:53:47 15/03/2020;Sunday;0.2314;0.23200000000000018;1.0;0.6260990336999409;0.29517978436018383;1.0;0.23200000000000018;12.0;1.0;1.0;0.23200000000000018;12.0;1.0;1.0;0.23200000000000018;12.0;1.0;Now
23:52:56 15/03/2020;Sunday;0.2311;0.23200000000000018;1.0;0.6260990336999409;0.29517978436018383;1.0;0.23200000000000018;12.0;1.0;1.0;0.23200000000000018;12.0;1.0;1.0;0.23200000000000018;12.0;1.0;Now
07:25:29 16/03/2020;Monday;0.2306;0.23200000000000018;1.0;0.6260990336999409;0.29517978436018383;1.0;0.23200000000000018;12.0;1.0;1.0;0.23150000000000018;12.0;1.0;1.0;0.23200000000000018;12.0;1.0;Now
14:24:58 16/03/2020;Monday;0.2309;0.23100000000000018;1.0;0.626897120746299;0.3146559349479315;0.5464814814814815;0.23100000000000018;6.557777777777778;0.5464814814814815;1.0;0.23200000000000018;12.0;1.0;0.5464814814814815;0.23100000000000018;6.557777777777778;0.5464814814814815;Now
20:58:26 16/03/2020;Monday;0.232;0.23200000000000018;1.0;0.6260990336999409;0.29517978436018383;0.39699074074074076;0.23200000000000018;4.763888888888889;0.39699074074074076;1.0;0.23266666666666683;12.0;1.0;1.0;0.23250000000000018;12.0;1.0;Now
01:44:16 17/03/2020;Tuesday;0.233;0.23300000000000018;1.0;0.6252999280345392;0.27567877586003603;1.0;0.23300000000000018;12.0;1.0;1.0;0.23300000000000018;12.0;1.0;1.0;0.23300000000000018;12.0;1.0;Now
08:09:26 17/03/2020;Tuesday;0.2329;0.23300000000000018;1.0;0.6252999280345392;0.27567877586003603;0.6292129629629629;0.23300000000000018;7.5505555555555555;0.6292129629629629;1.0;0.23350000000000018;12.0;1.0;0.6292129629629629;0.23300000000000018;7.5505555555555555;0.6292129629629629;Now
15:42:28 17/03/2020;Tuesday;0.2333;0.23400000000000018;1.0;0.6244997998398396;0.25615281402343826;1.0;0.23400000000000018;12.0;1.0;1.0;0.23400000000000018;12.0;1.0;1.0;0.23400000000000018;12.0;1.0;Now
22:32:56 17/03/2020;Tuesday;0.2339;0.23400000000000018;1.0;0.6244997998398396;0.25615281402343826;0.9793055555555555;0.23400000000000018;11.751666666666667;0.9793055555555555;1.0;0.23450000000000018;12.0;1.0;0.9793055555555555;0.23400000000000018;11.751666666666667;0.9793055555555555;Now
10:18:02 18/03/2020;Wednesday;0.2345;0.23500000000000018;1.0;0.6236986451805069;0.23660180281426887;1.0;0.23500000000000018;12.0;1.0;1.0;0.23500000000000018;12.0;1.0;1.0;0.23500000000000018;12.0;1.0;Now
16:27:25 18/03/2020;Wednesday;0.2346;0.23500000000000018;1.0;0.6236986451805069;0.23660180281426887;0.9440277777777778;0.23500000000000018;11.328333333333333;0.9440277777777778;1.0;0.2353333333333335;12.0;1.0;0.9440277777777778;0.23500000000000018;11.328333333333333;0.9440277777777778;Now
23:10:06 18/03/2020;Wednesday;0.2344;0.23500000000000018;1.0;0.6236986451805069;0.23660180281426887;0.3847453703703704;0.23500000000000018;4.616944444444444;0.3847453703703704;1.0;0.23566666666666683;12.0;1.0;1.0;0.23550000000000018;12.0;1.0;Now
03:47:07 19/03/2020;Thursday;0.2351;0.23600000000000018;1.0;0.6228964600958973;0.21702564557879378;1.0;0.23600000000000018;12.0;1.0;1.0;0.23600000000000018;12.0;1.0;1.0;0.23600000000000018;12.0;1.0;Now
09:23:06 19/03/2020;Thursday;0.2357;0.23600000000000018;1.0;0.6228964600958973;0.21702564557879378;0.6058564814814815;0.23600000000000018;7.270277777777777;0.6058564814814815;1.0;0.23700000000000018;12.0;1.0;0.6058564814814815;0.23600000000000018;7.270277777777777;0.6058564814814815;Now
16:39:19 19/03/2020;Thursday;0.2373;0.23800000000000018;1.0;0.6212889826803625;0.17779750329252986;0.477662037037037;0.23800000000000018;5.731944444444444;0.477662037037037;1.0;0.23900000000000018;12.0;1.0;0.477662037037037;0.23800000000000018;5.731944444444444;0.477662037037037;Now
22:23:14 19/03/2020;Thursday;0.2385;0.23900000000000018;1.0;0.6204836822995426;0.15814532179580082;0.4666898148148148;0.23900000000000018;5.6002777777777775;0.4666898148148148;1.0;0.23966666666666683;12.0;1.0;0.4666898148148148;0.23900000000000018;5.6002777777777775;0.4666898148148148;Now
03:59:15 20/03/2020;Friday;0.2397;0.24000000000000019;1.0;0.6196773353931865;0.13846760136941152;1.0;0.24000000000000019;12.0;1.0;1.0;0.24000000000000019;12.0;1.0;1.0;0.24000000000000019;12.0;1.0;Now
09:09:46 20/03/2020;Friday;0.2396;0.24000000000000019;1.0;0.6196773353931865;0.13846760136941152;0.6291666666666667;0.24000000000000019;7.55;0.6291666666666667;1.0;0.24050000000000019;12.0;1.0;0.6291666666666667;0.24000000000000019;7.55;0.6291666666666667;Now
16:42:46 20/03/2020;Friday;0.2401;0.2410000000000002;1.0;0.6188699378706319;0.11876424218672012;1.0;0.2410000000000002;12.0;1.0;1.0;0.2410000000000002;12.0;1.0;1.0;0.2410000000000002;12.0;1.0;Now
21:36:14 20/03/2020;Friday;0.2405;0.2410000000000002;1.0;0.6188699378706319;0.11876424218672012;1.0;0.2410000000000002;12.0;1.0;1.0;0.2410000000000002;12.0;1.0;1.0;0.2410000000000002;12.0;1.0;Now
10:11:13 21/03/2020;Saturday;0.2403;0.2410000000000002;1.0;0.6188699378706319;0.11876424218672012;1.0;0.2410000000000002;12.0;1.0;1.0;0.2410000000000002;12.0;1.0;1.0;0.2410000000000002;12.0;1.0;Now
16:03:48 21/03/2020;Saturday;0.2401;0.2410000000000002;1.0;0.6188699378706319;0.11876424218672012;1.0;0.2410000000000002;12.0;1.0;1.0;0.2410000000000002;12.0;1.0;1.0;0.2410000000000002;12.0;1.0;Now
04:22:20 22/03/2020;Sunday;0.2394;0.24000000000000019;1.0;0.6196773353931865;0.13846760136941152;1.0;0.24000000000000019;12.0;1.0;1.0;0.24000000000000019;12.0;1.0;1.0;0.24000000000000019;12.0;1.0;Now
14:17:32 22/03/2020;Sunday;0.2397;0.24000000000000019;1.0;0.6196773353931865;0.13846760136941152;1.0;0.24000000000000019;12.0;1.0;1.0;0.24000000000000019;12.0;1.0;1.0;0.24000000000000019;12.0;1.0;Now
18:54:34 22/03/2020;Sunday;0.2393;0.24000000000000019;1.0;0.6196773353931865;0.13846760136941152;1.0;0.24000000000000019;12.0;1.0;1.0;0.24000000000000019;12.0;1.0;1.0;0.24000000000000019;12.0;1.0;Now
00:21:31 23/03/2020;Monday;0.2389;0.24000000000000019;1.0;0.6196773353931865;0.13846760136941152;1.0;0.24000000000000019;12.0;1.0;1.0;0.23966666666666683;12.0;1.0;1.0;0.24000000000000019;12.0;1.0;Now
05:07:01 23/03/2020;Monday;0.2386;0.24000000000000019;1.0;0.6196773353931865;0.13846760136941152;1.0;0.24000000000000019;12.0;1.0;1.0;0.23950000000000018;12.0;1.0;1.0;0.23950000000000018;12.0;1.0;Now
10:25:31 23/03/2020;Monday;0.2384;0.23900000000000018;1.0;0.6204836822995426;0.15814532179580082;1.0;0.23900000000000018;12.0;1.0;1.0;0.23900000000000018;12.0;1.0;1.0;0.23900000000000018;12.0;1.0;Now
23:08:45 23/03/2020;Monday;0.2388;0.23900000000000018;1.0;0.6204836822995426;0.15814532179580082;0.4896064814814815;0.23900000000000018;5.875277777777778;0.4896064814814815;1.0;0.23966666666666683;12.0;1.0;0.4896064814814815;0.23900000000000018;5.875277777777778;0.4896064814814815;Now
05:01:16 24/03/2020;Tuesday;0.2396;0.24000000000000019;1.0;0.6196773353931865;0.13846760136941152;1.0;0.24000000000000019;12.0;1.0;1.0;0.24000000000000019;12.0;1.0;1.0;0.24000000000000019;12.0;1.0;Now
10:45:34 24/03/2020;Tuesday;0.2393;0.24000000000000019;1.0;0.6196773353931865;0.13846760136941152;0.5356944444444445;0.24000000000000019;6.428333333333334;0.5356944444444445;1.0;0.2410000000000002;12.0;1.0;0.5356944444444445;0.24000000000000019;6.428333333333334;0.5356944444444445;Now
17:11:16 24/03/2020;Tuesday;0.2403;0.2410000000000002;1.0;0.6188699378706319;0.11876424218672012;0.40625;0.2410000000000002;4.875;0.40625;1.0;0.24166666666666684;12.0;1.0;1.0;0.2415000000000002;12.0;1.0;Now
22:03:46 24/03/2020;Tuesday;0.2414;0.2420000000000002;1.0;0.6180614856144976;0.0990351437690367;0.9668518518518519;0.2420000000000002;11.602222222222222;0.9668518518518519;1.0;0.2423333333333335;12.0;1.0;0.9668518518518519;0.2420000000000002;11.602222222222222;0.9668518518518519;Now
03:14:15 25/03/2020;Wednesday;0.242;0.2420000000000002;1.0;0.6180614856144976;0.0990351437690367;0.535625;0.2420000000000002;6.4275;0.535625;1.0;0.2425000000000002;12.0;1.0;0.535625;0.2420000000000002;6.4275;0.535625;Now
09:39:54 25/03/2020;Wednesday;0.2426;0.2430000000000002;1.0;0.6172519744804384;0.07928020497966538;1.0;0.2430000000000002;12.0;1.0;1.0;0.2430000000000002;12.0;1.0;1.0;0.2430000000000002;12.0;1.0;Now
22:18:47 25/03/2020;Wednesday;0.2438;0.2440000000000002;1.0;0.6164414002968974;0.05949932401783817;0.5124305555555555;0.2440000000000002;6.149166666666667;0.5124305555555555;1.0;0.24466666666666684;12.0;1.0;0.5124305555555555;0.2440000000000002;6.149166666666667;0.5124305555555555;Now
04:27:44 26/03/2020;Thursday;0.2447;0.2450000000000002;1.0;0.6156297588648553;0.039692398412613454;1.0;0.2450000000000002;12.0;1.0;1.0;0.2450000000000002;12.0;1.0;1.0;0.2450000000000002;12.0;1.0;Now
10:11:20 26/03/2020;Thursday;0.2443;0.2450000000000002;1.0;0.6156297588648553;0.039692398412613454;1.0;0.2450000000000002;12.0;1.0;1.0;0.2450000000000002;12.0;1.0;1.0;0.2450000000000002;12.0;1.0;Now
04:29:42 27/03/2020;Friday;0.2455;0.2460000000000002;1.0;0.6148170459575757;0.019859325016655462;1.0;0.2460000000000002;12.0;1.0;1.0;0.2460000000000002;12.0;1.0;1.0;0.2460000000000002;12.0;1.0;Now
11:03:36 27/03/2020;Friday;0.2452;0.2460000000000002;1.0;0.6148170459575757;0.019859325016655462;1.0;0.2460000000000002;12.0;1.0;1.0;0.2460000000000002;12.0;1.0;1.0;0.2460000000000002;12.0;1.0;Now
17:04:06 27/03/2020;Friday;0.2454;0.2460000000000002;1.0;0.6148170459575757;0.019859325016655462;0.5472222222222223;0.2460000000000002;6.566666666666666;0.5472222222222223;1.0;0.2465000000000002;12.0;1.0;0.5472222222222223;0.2460000000000002;6.566666666666666;0.5472222222222223;Now
23:38:06 27/03/2020;Friday;0.2461;0.2470000000000002;1.0;0.6140032573203499;0.0;1.0;0.2470000000000002;12.0;1.0;1.0;0.2470000000000002;12.0;1.0;1.0;0.2470000000000002;12.0;1.0;Now
05:21:35 28/03/2020;Saturday;0.2462;0.2470000000000002;1.0;0.6140032573203499;0.0;1.0;0.2470000000000002;12.0;1.0;1.0;0.2470000000000002;12.0;1.0;1.0;0.2470000000000002;12.0;1.0;Now
12:37:47 28/03/2020;Saturday;0.246;0.2470000000000002;1.0;0.6140032573203499;0.0;1.0;0.2470000000000002;12.0;1.0;1.0;0.2465000000000002;12.0;1.0;1.0;0.2465000000000002;12.0;1.0;Now
18:04:36 28/03/2020;Saturday;0.2451;0.2460000000000002;1.0;0.6148170459575757;0.019859325016655462;1.0;0.2460000000000002;12.0;1.0;1.0;0.2460000000000002;12.0;1.0;1.0;0.2460000000000002;12.0;1.0;Now
01:20:36 29/03/2020;Sunday;0.2448;0.2460000000000002;1.0;0.6148170459575757;0.019859325016655462;1.0;0.2460000000000002;12.0;1.0;1.0;0.24533333333333351;12.0;1.0;1.0;0.2455000000000002;12.0;1.0;Now
06:39:13 29/03/2020;Sunday;0.2443;0.2450000000000002;1.0;0.6156297588648553;0.039692398412613454;1.0;0.2450000000000002;12.0;1.0;1.0;0.2450000000000002;12.0;1.0;1.0;0.2450000000000002;12.0;1.0;Now
12:48:21 29/03/2020;Sunday;0.2439;0.2450000000000002;1.0;0.6156297588648553;0.039692398412613454;1.0;0.2450000000000002;12.0;1.0;1.0;0.24466666666666684;12.0;1.0;1.0;0.2450000000000002;12.0;1.0;Now
17:58:07 29/03/2020;Sunday;0.2434;0.2450000000000002;1.0;0.6156297588648553;0.039692398412613454;1.0;0.2450000000000002;12.0;1.0;1.0;0.2445000000000002;12.0;1.0;1.0;0.2445000000000002;12.0;1.0;Now
22:51:37 29/03/2020;Sunday;0.243;0.2440000000000002;1.0;0.6164414002968974;0.05949932401783817;1.0;0.2440000000000002;12.0;1.0;1.0;0.2435000000000002;12.0;1.0;1.0;0.2440000000000002;12.0;1.0;Now
06:15:45 30/03/2020;Monday;0.2424;0.2430000000000002;1.0;0.6172519744804384;0.07928020497966538;1.0;0.2430000000000002;12.0;1.0;1.0;0.2430000000000002;12.0;1.0;1.0;0.2430000000000002;12.0;1.0;Now
11:42:44 30/03/2020;Monday;0.242;0.2430000000000002;1.0;0.6172519744804384;0.07928020497966538;1.0;0.2430000000000002;12.0;1.0;1.0;0.2430000000000002;12.0;1.0;1.0;0.2430000000000002;12.0;1.0;Now
18:42:06 30/03/2020;Monday;0.2421;0.2430000000000002;1.0;0.6172519744804384;0.07928020497966538;1.0;0.2430000000000002;12.0;1.0;1.0;0.2430000000000002;12.0;1.0;1.0;0.2430000000000002;12.0;1.0;Now
00:59:08 31/03/2020;Tuesday;0.2422;0.2430000000000002;1.0;0.6172519744804384;0.07928020497966538;1.0;0.2430000000000002;12.0;1.0;1.0;0.2430000000000002;12.0;1.0;1.0;0.2430000000000002;12.0;1.0;Now
06:59:57 31/03/2020;Tuesday;0.2427;0.2430000000000002;1.0;0.6172519744804384;0.07928020497966538;1.0;0.2430000000000002;12.0;1.0;1.0;0.2430000000000002;12.0;1.0;1.0;0.2430000000000002;12.0;1.0;Now
14:24:06 31/03/2020;Tuesday;0.2428;0.2430000000000002;1.0;0.6172519744804384;0.07928020497966538;;;;;;;;;;;;;Now
19:11:08 31/03/2020;Tuesday;0.244;0.2440000000000002;1.0;0.6164414002968974;0.05949932401783817;;;;;;;;;;;;;Now
