03:37:00 01/07/2020;Wednesday;0.2704;0.2710000000000002;1.0;0.5941380311005178;0.0;1.0;0.2710000000000002;12.0;1.0;1.0;0.2710000000000002;12.0;1.0;1.0;0.2710000000000002;12.0;1.0;Now
10:11:44 01/07/2020;Wednesday;0.2703;0.2710000000000002;1.0;0.5941380311005178;0.0;1.0;0.2710000000000002;12.0;1.0;1.0;0.2710000000000002;12.0;1.0;1.0;0.2710000000000002;12.0;1.0;Now
16:29:31 01/07/2020;Wednesday;0.2698;0.2710000000000002;1.0;0.5941380311005178;0.0;1.0;0.2710000000000002;12.0;1.0;1.0;0.2710000000000002;12.0;1.0;1.0;0.2710000000000002;12.0;1.0;Now
21:56:31 01/07/2020;Wednesday;0.2693;0.2710000000000002;1.0;0.5941380311005178;0.0;1.0;0.2710000000000002;12.0;1.0;1.0;0.2705000000000002;12.0;1.0;1.0;0.2710000000000002;12.0;1.0;Now
04:56:32 02/07/2020;Thursday;0.2685;0.2700000000000002;1.0;0.5949789912257405;0.014553962779680865;1.0;0.2700000000000002;12.0;1.0;1.0;0.2700000000000002;12.0;1.0;1.0;0.2700000000000002;12.0;1.0;Now
17:56:37 02/07/2020;Thursday;0.2682;0.2690000000000002;1.0;0.5958187643906491;0.02908738359106271;1.0;0.2690000000000002;12.0;1.0;1.0;0.2690000000000002;12.0;1.0;1.0;0.2690000000000002;12.0;1.0;Now
00:22:56 03/07/2020;Friday;0.2669;0.2690000000000002;1.0;0.5958187643906491;0.02908738359106271;1.0;0.2690000000000002;12.0;1.0;1.0;0.2676666666666669;12.0;1.0;1.0;0.2690000000000002;12.0;1.0;Now
07:13:51 03/07/2020;Friday;0.2658;0.2670000000000002;1.0;0.5974947698515861;0.05809294564498227;1.0;0.2670000000000002;12.0;1.0;1.0;0.26666666666666683;12.0;1.0;1.0;0.2670000000000002;12.0;1.0;Now
12:07:52 03/07/2020;Friday;0.2655;0.2670000000000002;1.0;0.5974947698515861;0.05809294564498227;1.0;0.2670000000000002;12.0;1.0;1.0;0.2665000000000002;12.0;1.0;1.0;0.2665000000000002;12.0;1.0;Now
17:43:25 03/07/2020;Friday;0.2648;0.2660000000000002;1.0;0.5983310120660635;0.07256525853981662;1.0;0.2660000000000002;12.0;1.0;1.0;0.2653333333333335;12.0;1.0;1.0;0.2660000000000002;12.0;1.0;Now
00:51:22 04/07/2020;Saturday;0.263;0.2650000000000002;1.0;0.5991660871578095;0.08701737278279634;1.0;0.2650000000000002;12.0;1.0;1.0;0.2646666666666668;12.0;1.0;1.0;0.2650000000000002;12.0;1.0;Now
05:28:26 04/07/2020;Saturday;0.2629;0.2650000000000002;1.0;0.5991660871578095;0.08701737278279634;1.0;0.2650000000000002;12.0;1.0;1.0;0.2645000000000002;12.0;1.0;1.0;0.2650000000000002;12.0;1.0;Now
11:29:00 04/07/2020;Saturday;0.2636;0.2640000000000002;1.0;0.5999999999999999;0.10144937271088107;0.60625;0.2640000000000002;7.275;0.60625;1.0;0.2645000000000002;12.0;1.0;0.60625;0.2640000000000002;7.275;0.60625;Now
18:45:30 04/07/2020;Saturday;0.2641;0.2650000000000002;1.0;0.5991660871578095;0.08701737278279634;1.0;0.2650000000000002;12.0;1.0;1.0;0.2650000000000002;12.0;1.0;1.0;0.2650000000000002;12.0;1.0;Now
01:19:56 05/07/2020;Sunday;0.2635;0.2650000000000002;1.0;0.5991660871578095;0.08701737278279634;1.0;0.2650000000000002;12.0;1.0;1.0;0.2645000000000002;12.0;1.0;1.0;0.2650000000000002;12.0;1.0;Now
08:53:32 05/07/2020;Sunday;0.2627;0.2640000000000002;1.0;0.5999999999999999;0.10144937271088107;1.0;0.2640000000000002;12.0;1.0;1.0;0.2633333333333335;12.0;1.0;1.0;0.2640000000000002;12.0;1.0;Now
14:45:59 05/07/2020;Sunday;0.2621;0.2630000000000002;1.0;0.6008327554319919;0.11586134207575315;1.0;0.2630000000000002;12.0;1.0;1.0;0.2630000000000002;12.0;1.0;1.0;0.2630000000000002;12.0;1.0;Now
19:47:53 05/07/2020;Sunday;0.2619;0.2630000000000002;1.0;0.6008327554319919;0.11586134207575315;1.0;0.2630000000000002;12.0;1.0;1.0;0.2630000000000002;12.0;1.0;1.0;0.2630000000000002;12.0;1.0;Now
02:38:51 06/07/2020;Monday;0.2615;0.2630000000000002;1.0;0.6008327554319919;0.11586134207575315;1.0;0.2630000000000002;12.0;1.0;1.0;0.2625000000000002;12.0;1.0;1.0;0.2630000000000002;12.0;1.0;Now
09:55:21 06/07/2020;Monday;0.2613;0.2620000000000002;1.0;0.6016643582596528;0.13025336404950494;1.0;0.2620000000000002;12.0;1.0;1.0;0.2620000000000002;12.0;1.0;1.0;0.2620000000000002;12.0;1.0;Now
15:39:36 06/07/2020;Monday;0.2612;0.2620000000000002;1.0;0.6016643582596528;0.13025336404950494;1.0;0.2620000000000002;12.0;1.0;1.0;0.2620000000000002;12.0;1.0;1.0;0.2620000000000002;12.0;1.0;Now
21:32:10 06/07/2020;Monday;0.2611;0.2620000000000002;1.0;0.6016643582596528;0.13025336404950494;1.0;0.2620000000000002;12.0;1.0;1.0;0.2620000000000002;12.0;1.0;1.0;0.2620000000000002;12.0;1.0;Now
02:08:37 07/07/2020;Tuesday;0.2609;0.2620000000000002;1.0;0.6016643582596528;0.13025336404950494;1.0;0.2620000000000002;12.0;1.0;1.0;0.2615000000000002;12.0;1.0;1.0;0.2620000000000002;12.0;1.0;Now
09:33:36 07/07/2020;Tuesday;0.2608;0.2610000000000002;1.0;0.6024948132556825;0.14462552123022243;1.0;0.2610000000000002;12.0;1.0;1.0;0.2610000000000002;12.0;1.0;1.0;0.2610000000000002;12.0;1.0;Now
14:27:08 07/07/2020;Tuesday;0.2606;0.2610000000000002;1.0;0.6024948132556825;0.14462552123022243;1.0;0.2610000000000002;12.0;1.0;1.0;0.2610000000000002;12.0;1.0;1.0;0.2610000000000002;12.0;1.0;Now
21:23:37 07/07/2020;Tuesday;0.2603;0.2610000000000002;1.0;0.6024948132556825;0.14462552123022243;1.0;0.2610000000000002;12.0;1.0;1.0;0.2610000000000002;12.0;1.0;1.0;0.2610000000000002;12.0;1.0;Now
02:15:07 08/07/2020;Wednesday;0.26;0.2610000000000002;1.0;0.6024948132556825;0.14462552123022243;1.0;0.2610000000000002;12.0;1.0;1.0;0.2610000000000002;12.0;1.0;1.0;0.2610000000000002;12.0;1.0;Now
08:16:08 08/07/2020;Wednesday;0.2598;0.2610000000000002;1.0;0.6024948132556825;0.14462552123022243;1.0;0.2610000000000002;12.0;1.0;1.0;0.2610000000000002;12.0;1.0;1.0;0.2610000000000002;12.0;1.0;Now
14:18:25 08/07/2020;Wednesday;0.2601;0.2610000000000002;1.0;0.6024948132556825;0.14462552123022243;1.0;0.2610000000000002;12.0;1.0;1.0;0.2610000000000002;12.0;1.0;1.0;0.2610000000000002;12.0;1.0;Now
20:34:56 08/07/2020;Wednesday;0.2602;0.2610000000000002;1.0;0.6024948132556825;0.14462552123022243;1.0;0.2610000000000002;12.0;1.0;1.0;0.2610000000000002;12.0;1.0;1.0;0.2610000000000002;12.0;1.0;Now
04:00:04 09/07/2020;Thursday;0.2596;0.2610000000000002;1.0;0.6024948132556825;0.14462552123022243;1.0;0.2610000000000002;12.0;1.0;1.0;0.2603333333333335;12.0;1.0;1.0;0.2610000000000002;12.0;1.0;Now
09:43:59 09/07/2020;Thursday;0.2589;0.2600000000000002;1.0;0.603324125159934;0.15897789564753037;1.0;0.2600000000000002;12.0;1.0;1.0;0.2596666666666669;12.0;1.0;1.0;0.2600000000000002;12.0;1.0;Now
15:19:57 09/07/2020;Thursday;0.2582;0.2600000000000002;1.0;0.603324125159934;0.15897789564753037;1.0;0.2600000000000002;12.0;1.0;1.0;0.25933333333333347;12.0;1.0;1.0;0.2595000000000002;12.0;1.0;Now
20:05:23 09/07/2020;Thursday;0.258;0.2590000000000002;1.0;0.6041522986797284;0.17331056876804513;1.0;0.2590000000000002;12.0;1.0;1.0;0.2590000000000002;12.0;1.0;1.0;0.2590000000000002;12.0;1.0;Now
03:13:30 10/07/2020;Friday;0.2569;0.2590000000000002;1.0;0.6041522986797284;0.17331056876804513;1.0;0.2590000000000002;12.0;1.0;1.0;0.2580000000000002;12.0;1.0;1.0;0.2590000000000002;12.0;1.0;Now
09:48:05 10/07/2020;Friday;0.2564;0.2570000000000002;1.0;0.6058052492344382;0.20191713420243862;1.0;0.2570000000000002;12.0;1.0;1.0;0.2570000000000002;12.0;1.0;1.0;0.2570000000000002;12.0;1.0;Now
16:05:33 10/07/2020;Friday;0.2559;0.2570000000000002;1.0;0.6058052492344382;0.20191713420243862;1.0;0.2570000000000002;12.0;1.0;1.0;0.2565000000000002;12.0;1.0;1.0;0.2570000000000002;12.0;1.0;Now
22:57:00 10/07/2020;Friday;0.2557;0.25600000000000017;1.0;0.6066300355241239;0.21619118668274687;1.0;0.25600000000000017;12.0;1.0;1.0;0.25600000000000017;12.0;1.0;1.0;0.25600000000000017;12.0;1.0;Now
11:32:10 11/07/2020;Saturday;0.2553;0.25600000000000017;1.0;0.6066300355241239;0.21619118668274687;1.0;0.25600000000000017;12.0;1.0;1.0;0.25600000000000017;12.0;1.0;1.0;0.25600000000000017;12.0;1.0;Now
16:26:25 11/07/2020;Saturday;0.2551;0.25600000000000017;1.0;0.6066300355241239;0.21619118668274687;1.0;0.25600000000000017;12.0;1.0;1.0;0.25600000000000017;12.0;1.0;1.0;0.25600000000000017;12.0;1.0;Now
22:52:06 11/07/2020;Saturday;0.2544;0.25600000000000017;1.0;0.6066300355241239;0.21619118668274687;1.0;0.25600000000000017;12.0;1.0;1.0;0.25533333333333347;12.0;1.0;1.0;0.25600000000000017;12.0;1.0;Now
05:10:02 12/07/2020;Sunday;0.2537;0.25500000000000017;1.0;0.6074537019394974;0.2304458582095868;1.0;0.25500000000000017;12.0;1.0;1.0;0.2546666666666668;12.0;1.0;1.0;0.25500000000000017;12.0;1.0;Now
10:28:40 12/07/2020;Sunday;0.253;0.25500000000000017;1.0;0.6074537019394974;0.2304458582095868;1.0;0.25500000000000017;12.0;1.0;1.0;0.25450000000000017;12.0;1.0;1.0;0.25450000000000017;12.0;1.0;Now
15:56:00 12/07/2020;Sunday;0.2524;0.25400000000000017;1.0;0.6082762530298218;0.24468122751416133;1.0;0.25400000000000017;12.0;1.0;1.0;0.25350000000000017;12.0;1.0;1.0;0.25400000000000017;12.0;1.0;Now
22:30:29 12/07/2020;Sunday;0.2516;0.25300000000000017;1.0;0.6090976933136423;0.25889737279606445;1.0;0.25300000000000017;12.0;1.0;1.0;0.25250000000000017;12.0;1.0;1.0;0.25300000000000017;12.0;1.0;Now
04:31:01 13/07/2020;Monday;0.251;0.25200000000000017;1.0;0.6099180272790761;0.2730943717282902;1.0;0.25200000000000017;12.0;1.0;1.0;0.25150000000000017;12.0;1.0;1.0;0.25200000000000017;12.0;1.0;Now
11:39:02 13/07/2020;Monday;0.2501;0.25100000000000017;1.0;0.6107372593840987;0.2872723014621901;1.0;0.25100000000000017;12.0;1.0;1.0;0.25100000000000017;12.0;1.0;1.0;0.25100000000000017;12.0;1.0;Now
19:12:46 13/07/2020;Monday;0.2487;0.25100000000000017;1.0;0.6107372593840987;0.2872723014621901;1.0;0.25100000000000017;12.0;1.0;1.0;0.24966666666666684;12.0;1.0;1.0;0.25000000000000017;12.0;1.0;Now
00:06:21 14/07/2020;Tuesday;0.248;0.2490000000000002;1.0;0.6123724356957944;0.31557125936144986;1.0;0.2490000000000002;12.0;1.0;1.0;0.2490000000000002;12.0;1.0;1.0;0.2490000000000002;12.0;1.0;Now
06:24:07 14/07/2020;Tuesday;0.2478;0.2490000000000002;1.0;0.6123724356957944;0.31557125936144986;1.0;0.2490000000000002;12.0;1.0;1.0;0.2485000000000002;12.0;1.0;1.0;0.2490000000000002;12.0;1.0;Now
13:15:08 14/07/2020;Tuesday;0.2474;0.2480000000000002;1.0;0.6131883886702355;0.329692439265005;1.0;0.2480000000000002;12.0;1.0;1.0;0.2480000000000002;12.0;1.0;1.0;0.2480000000000002;12.0;1.0;Now
18:42:47 14/07/2020;Tuesday;0.2465;0.2480000000000002;1.0;0.6131883886702355;0.329692439265005;1.0;0.2480000000000002;12.0;1.0;1.0;0.24733333333333352;12.0;1.0;1.0;0.2480000000000002;12.0;1.0;Now
01:42:09 15/07/2020;Wednesday;0.2451;0.2470000000000002;1.0;0.6140032573203499;0.3437948534561089;1.0;0.2470000000000002;12.0;1.0;1.0;0.24666666666666684;12.0;1.0;1.0;0.2470000000000002;12.0;1.0;Now
06:36:11 15/07/2020;Wednesday;0.2444;0.2470000000000002;1.0;0.6140032573203499;0.3437948534561089;1.0;0.2470000000000002;12.0;1.0;1.0;0.2465000000000002;12.0;1.0;1.0;0.2470000000000002;12.0;1.0;Now
12:37:08 15/07/2020;Wednesday;0.2436;0.2460000000000002;1.0;0.6148170459575757;0.3578785765500842;1.0;0.2460000000000002;12.0;1.0;1.0;0.24466666666666684;12.0;1.0;1.0;0.2460000000000002;12.0;1.0;Now
18:54:49 15/07/2020;Wednesday;0.2432;0.2440000000000002;1.0;0.6164414002968974;0.3859902454466808;1.0;0.2440000000000002;12.0;1.0;1.0;0.2440000000000002;12.0;1.0;1.0;0.2440000000000002;12.0;1.0;Now
23:57:18 15/07/2020;Wednesday;0.2435;0.2440000000000002;1.0;0.6164414002968974;0.3859902454466808;1.0;0.2440000000000002;12.0;1.0;1.0;0.2440000000000002;12.0;1.0;1.0;0.2440000000000002;12.0;1.0;Now
06:48:08 16/07/2020;Thursday;0.2432;0.2440000000000002;1.0;0.6164414002968974;0.3859902454466808;1.0;0.2440000000000002;12.0;1.0;1.0;0.2440000000000002;12.0;1.0;1.0;0.2440000000000002;12.0;1.0;Now
00:50:53 17/07/2020;Friday;0.2427;0.2430000000000002;1.0;0.6172519744804384;0.40001833803228576;1.0;0.2430000000000002;12.0;1.0;1.0;0.2430000000000002;12.0;1.0;1.0;0.2430000000000002;12.0;1.0;Now
06:26:53 17/07/2020;Friday;0.2426;0.2430000000000002;1.0;0.6172519744804384;0.40001833803228576;1.0;0.2430000000000002;12.0;1.0;1.0;0.2430000000000002;12.0;1.0;1.0;0.2430000000000002;12.0;1.0;Now
11:03:56 17/07/2020;Friday;0.2425;0.2430000000000002;1.0;0.6172519744804384;0.40001833803228576;1.0;0.2430000000000002;12.0;1.0;1.0;0.2430000000000002;12.0;1.0;1.0;0.2430000000000002;12.0;1.0;Now
17:55:27 17/07/2020;Friday;0.2424;0.2430000000000002;1.0;0.6172519744804384;0.40001833803228576;1.0;0.2430000000000002;12.0;1.0;1.0;0.2430000000000002;12.0;1.0;1.0;0.2430000000000002;12.0;1.0;Now
00:21:30 18/07/2020;Saturday;0.2418;0.2430000000000002;1.0;0.6172519744804384;0.40001833803228576;1.0;0.2430000000000002;12.0;1.0;1.0;0.2430000000000002;12.0;1.0;1.0;0.2430000000000002;12.0;1.0;Now
12:32:03 18/07/2020;Saturday;0.242;0.2420000000000002;1.0;0.6180614856144976;0.4140280330956678;1.0;0.2420000000000002;12.0;1.0;1.0;0.2420000000000002;12.0;1.0;1.0;0.2420000000000002;12.0;1.0;Now
00:51:02 19/07/2020;Sunday;0.2422;0.2430000000000002;1.0;0.6172519744804384;0.40001833803228576;1.0;0.2430000000000002;12.0;1.0;1.0;0.2430000000000002;12.0;1.0;1.0;0.2430000000000002;12.0;1.0;Now
07:58:50 19/07/2020;Sunday;0.2425;0.2430000000000002;1.0;0.6172519744804384;0.40001833803228576;1.0;0.2430000000000002;12.0;1.0;1.0;0.2430000000000002;12.0;1.0;1.0;0.2430000000000002;12.0;1.0;Now
14:58:50 19/07/2020;Sunday;0.2429;0.2430000000000002;1.0;0.6172519744804384;0.40001833803228576;0.5248842592592593;0.2430000000000002;6.298611111111111;0.5248842592592593;1.0;0.24366666666666684;12.0;1.0;0.5248842592592593;0.2430000000000002;6.298611111111111;0.5248842592592593;Now
21:16:45 19/07/2020;Sunday;0.2432;0.2440000000000002;1.0;0.6164414002968974;0.3859902454466808;1.0;0.2440000000000002;12.0;1.0;1.0;0.2440000000000002;12.0;1.0;1.0;0.2440000000000002;12.0;1.0;Now
02:35:47 20/07/2020;Monday;0.2434;0.2440000000000002;1.0;0.6164414002968974;0.3859902454466808;1.0;0.2440000000000002;12.0;1.0;1.0;0.2440000000000002;12.0;1.0;1.0;0.2440000000000002;12.0;1.0;Now
07:37:59 20/07/2020;Monday;0.2437;0.2440000000000002;1.0;0.6164414002968974;0.3859902454466808;1.0;0.2440000000000002;12.0;1.0;1.0;0.2440000000000002;12.0;1.0;1.0;0.2440000000000002;12.0;1.0;Now
13:13:45 20/07/2020;Monday;0.244;0.2440000000000002;1.0;0.6164414002968974;0.3859902454466808;1.0;0.2440000000000002;12.0;1.0;1.0;0.2440000000000002;12.0;1.0;1.0;0.2440000000000002;12.0;1.0;Now
20:40:02 20/07/2020;Monday;0.2433;0.2440000000000002;1.0;0.6164414002968974;0.3859902454466808;1.0;0.2440000000000002;12.0;1.0;1.0;0.2440000000000002;12.0;1.0;1.0;0.2440000000000002;12.0;1.0;Now
22:45:34 20/07/2020;Monday;0.2433;0.2440000000000002;1.0;0.6164414002968974;0.3859902454466808;1.0;0.2440000000000002;12.0;1.0;1.0;0.2440000000000002;12.0;1.0;1.0;0.2440000000000002;12.0;1.0;Now
01:18:46 21/07/2020;Tuesday;0.243;0.2440000000000002;1.0;0.6164414002968974;0.3859902454466808;1.0;0.2440000000000002;12.0;1.0;1.0;0.2440000000000002;12.0;1.0;1.0;0.2440000000000002;12.0;1.0;Now
07:45:47 21/07/2020;Tuesday;0.2424;0.2440000000000002;1.0;0.6164414002968974;0.3859902454466808;1.0;0.2440000000000002;12.0;1.0;1.0;0.2433333333333335;12.0;1.0;1.0;0.2440000000000002;12.0;1.0;Now
13:22:20 21/07/2020;Tuesday;0.2416;0.2430000000000002;1.0;0.6172519744804384;0.40001833803228576;1.0;0.2430000000000002;12.0;1.0;1.0;0.24266666666666684;12.0;1.0;1.0;0.2430000000000002;12.0;1.0;Now
18:52:55 21/07/2020;Tuesday;0.2401;0.2430000000000002;1.0;0.6172519744804384;0.40001833803228576;1.0;0.2430000000000002;12.0;1.0;1.0;0.2420000000000002;12.0;1.0;1.0;0.2420000000000002;12.0;1.0;Now
21:21:55 21/07/2020;Tuesday;0.2401;0.2420000000000002;1.0;0.6180614856144976;0.4140280330956678;1.0;0.2420000000000002;12.0;1.0;1.0;0.2413333333333335;12.0;1.0;1.0;0.2415000000000002;12.0;1.0;Now
01:24:02 22/07/2020;Wednesday;0.2392;0.2410000000000002;1.0;0.6188699378706319;0.4280194028313163;1.0;0.2410000000000002;12.0;1.0;1.0;0.2410000000000002;12.0;1.0;1.0;0.2410000000000002;12.0;1.0;Now
08:08:04 22/07/2020;Wednesday;0.2387;0.2410000000000002;1.0;0.6188699378706319;0.4280194028313163;1.0;0.2410000000000002;12.0;1.0;1.0;0.24000000000000019;12.0;1.0;1.0;0.2410000000000002;12.0;1.0;Now
14:26:33 22/07/2020;Wednesday;0.238;0.23900000000000018;1.0;0.6204836822995426;0.45594745274695725;1.0;0.23900000000000018;12.0;1.0;1.0;0.2383333333333335;12.0;1.0;1.0;0.23900000000000018;12.0;1.0;Now
21:35:04 22/07/2020;Wednesday;0.2361;0.23800000000000018;1.0;0.6212889826803625;0.46988427497834495;1.0;0.23800000000000018;12.0;1.0;1.0;0.23750000000000018;12.0;1.0;1.0;0.23800000000000018;12.0;1.0;Now
01:46:28 23/07/2020;Thursday;0.2361;0.23800000000000018;1.0;0.6212889826803625;0.46988427497834495;1.0;0.23800000000000018;12.0;1.0;1.0;0.23725000000000018;12.0;1.0;1.0;0.23750000000000018;12.0;1.0;Now
03:54:01 23/07/2020;Thursday;0.2353;0.23700000000000018;1.0;0.6220932405998315;0.48380305599321866;1.0;0.23700000000000018;12.0;1.0;1.0;0.23700000000000018;12.0;1.0;1.0;0.23700000000000018;12.0;1.0;Now
08:48:01 23/07/2020;Thursday;0.2347;0.23700000000000018;1.0;0.6220932405998315;0.48380305599321866;1.0;0.23700000000000018;12.0;1.0;1.0;0.2363333333333335;12.0;1.0;1.0;0.23700000000000018;12.0;1.0;Now
13:42:32 23/07/2020;Thursday;0.2341;0.23700000000000018;1.0;0.6220932405998315;0.48380305599321866;1.0;0.23700000000000018;12.0;1.0;1.0;0.23566666666666683;12.0;1.0;1.0;0.23700000000000018;12.0;1.0;Now
20:01:02 23/07/2020;Thursday;0.2328;0.23500000000000018;1.0;0.6236986451805069;0.5115867734522248;1.0;0.23500000000000018;12.0;1.0;1.0;0.23500000000000018;12.0;1.0;1.0;0.23500000000000018;12.0;1.0;Now
00:46:32 24/07/2020;Friday;0.2322;0.23500000000000018;1.0;0.6236986451805069;0.5115867734522248;1.0;0.23500000000000018;12.0;1.0;1.0;0.23400000000000018;12.0;1.0;1.0;0.23500000000000018;12.0;1.0;Now
08:04:01 24/07/2020;Friday;0.2319;0.23300000000000018;1.0;0.6252999280345392;0.5392991588059949;1.0;0.23300000000000018;12.0;1.0;1.0;0.23250000000000018;12.0;1.0;1.0;0.23300000000000018;12.0;1.0;Now
14:14:02 24/07/2020;Friday;0.2315;0.23200000000000018;1.0;0.6260990336999409;0.5531287730320071;1.0;0.23200000000000018;12.0;1.0;1.0;0.23200000000000018;12.0;1.0;1.0;0.23200000000000018;12.0;1.0;Now
21:14:14 24/07/2020;Friday;0.2307;0.23200000000000018;1.0;0.6260990336999409;0.5531287730320071;1.0;0.23200000000000018;12.0;1.0;1.0;0.2313333333333335;12.0;1.0;1.0;0.23200000000000018;12.0;1.0;Now
02:59:16 25/07/2020;Saturday;0.2304;0.23100000000000018;1.0;0.626897120746299;0.5669407586651724;1.0;0.23100000000000018;12.0;1.0;1.0;0.23100000000000018;12.0;1.0;1.0;0.23100000000000018;12.0;1.0;Now
08:01:56 25/07/2020;Saturday;0.2303;0.23100000000000018;1.0;0.626897120746299;0.5669407586651724;1.0;0.23100000000000018;12.0;1.0;1.0;0.23100000000000018;12.0;1.0;1.0;0.23100000000000018;12.0;1.0;Now
15:36:20 25/07/2020;Saturday;0.2305;0.23100000000000018;1.0;0.626897120746299;0.5669407586651724;1.0;0.23100000000000018;12.0;1.0;1.0;0.23100000000000018;12.0;1.0;1.0;0.23100000000000018;12.0;1.0;Now
21:29:24 25/07/2020;Saturday;0.2306;0.23100000000000018;1.0;0.626897120746299;0.5669407586651724;1.0;0.23100000000000018;12.0;1.0;1.0;0.23100000000000018;12.0;1.0;1.0;0.23100000000000018;12.0;1.0;Now
02:15:21 26/07/2020;Sunday;0.23;0.23100000000000018;1.0;0.626897120746299;0.5669407586651724;1.0;0.23100000000000018;12.0;1.0;1.0;0.23100000000000018;12.0;1.0;1.0;0.23100000000000018;12.0;1.0;Now
08:33:49 26/07/2020;Sunday;0.2294;0.23100000000000018;1.0;0.626897120746299;0.5669407586651724;1.0;0.23100000000000018;12.0;1.0;1.0;0.2303333333333335;12.0;1.0;1.0;0.23100000000000018;12.0;1.0;Now
15:00:23 26/07/2020;Sunday;0.2288;0.23000000000000018;1.0;0.6276941930590084;0.5807351829475541;1.0;0.23000000000000018;12.0;1.0;1.0;0.22966666666666682;12.0;1.0;1.0;0.23000000000000018;12.0;1.0;Now
19:54:53 26/07/2020;Sunday;0.2284;0.23000000000000018;1.0;0.6276941930590084;0.5807351829475541;1.0;0.23000000000000018;12.0;1.0;1.0;0.22950000000000018;12.0;1.0;1.0;0.23000000000000018;12.0;1.0;Now
02:04:53 27/07/2020;Monday;0.228;0.22900000000000018;1.0;0.6284902544988266;0.5945121126948283;1.0;0.22900000000000018;12.0;1.0;1.0;0.22850000000000018;12.0;1.0;1.0;0.22900000000000018;12.0;1.0;Now
08:57:25 27/07/2020;Monday;0.2274;0.22800000000000017;1.0;0.6292853089020908;0.6082716143000492;1.0;0.22800000000000017;12.0;1.0;1.0;0.22800000000000017;12.0;1.0;1.0;0.22800000000000017;12.0;1.0;Now
14:51:03 27/07/2020;Monday;0.2265;0.22800000000000017;1.0;0.6292853089020908;0.6082716143000492;1.0;0.22800000000000017;12.0;1.0;1.0;0.22766666666666682;12.0;1.0;1.0;0.22800000000000017;12.0;1.0;Now
19:45:23 27/07/2020;Monday;0.2259;0.22800000000000017;1.0;0.6292853089020908;0.6082716143000492;1.0;0.22800000000000017;12.0;1.0;1.0;0.22750000000000017;12.0;1.0;1.0;0.22800000000000017;12.0;1.0;Now
02:29:25 28/07/2020;Tuesday;0.2252;0.22700000000000017;1.0;0.6300793600809345;0.6220137537373881;1.0;0.22700000000000017;12.0;1.0;1.0;0.2263333333333335;12.0;1.0;1.0;0.22700000000000017;12.0;1.0;Now
09:30:00 28/07/2020;Tuesday;0.225;0.22600000000000017;1.0;0.6308724118235001;0.6357385965658208;1.0;0.22600000000000017;12.0;1.0;1.0;0.22600000000000017;12.0;1.0;1.0;0.22600000000000017;12.0;1.0;Now
14:24:23 28/07/2020;Tuesday;0.2247;0.22600000000000017;1.0;0.6308724118235001;0.6357385965658208;1.0;0.22600000000000017;12.0;1.0;1.0;0.22550000000000017;12.0;1.0;1.0;0.22600000000000017;12.0;1.0;Now
21:53:24 28/07/2020;Tuesday;0.2242;0.22500000000000017;1.0;0.6316644678941501;0.649446207932778;1.0;0.22500000000000017;12.0;1.0;1.0;0.22500000000000017;12.0;1.0;1.0;0.22500000000000017;12.0;1.0;Now
04:54:24 29/07/2020;Wednesday;0.2237;0.22500000000000017;1.0;0.6316644678941501;0.649446207932778;1.0;0.22500000000000017;12.0;1.0;1.0;0.22450000000000017;12.0;1.0;1.0;0.22450000000000017;12.0;1.0;Now
10:13:58 29/07/2020;Wednesday;0.2235;0.22400000000000017;1.0;0.6324555320336757;0.6631366525777558;1.0;0.22400000000000017;12.0;1.0;1.0;0.22400000000000017;12.0;1.0;1.0;0.22400000000000017;12.0;1.0;Now
17:31:24 29/07/2020;Wednesday;0.2228;0.22400000000000017;1.0;0.6324555320336757;0.6631366525777558;1.0;0.22400000000000017;12.0;1.0;1.0;0.22350000000000017;12.0;1.0;1.0;0.22350000000000017;12.0;1.0;Now
22:51:24 29/07/2020;Wednesday;0.2226;0.22300000000000017;1.0;0.6332456079595024;0.676809994835878;1.0;0.22300000000000017;12.0;1.0;1.0;0.22300000000000017;12.0;1.0;1.0;0.22300000000000017;12.0;1.0;Now
16:06:23 30/07/2020;Thursday;0.2223;0.22300000000000017;1.0;0.6332456079595024;0.676809994835878;1.0;0.22300000000000017;12.0;1.0;1.0;0.22300000000000017;12.0;1.0;1.0;0.22300000000000017;12.0;1.0;Now
23:07:26 30/07/2020;Thursday;0.2223;0.22300000000000017;1.0;0.6332456079595024;0.676809994835878;1.0;0.22300000000000017;12.0;1.0;1.0;0.22300000000000017;12.0;1.0;1.0;0.22300000000000017;12.0;1.0;Now
02:45:33 31/07/2020;Friday;0.2224;0.22300000000000017;1.0;0.6332456079595024;0.676809994835878;1.0;0.22300000000000017;12.0;1.0;1.0;0.22300000000000017;12.0;1.0;1.0;0.22300000000000017;12.0;1.0;Now
07:31:44 31/07/2020;Friday;0.2225;0.22300000000000017;1.0;0.6332456079595024;0.676809994835878;1.0;0.22300000000000017;12.0;1.0;1.0;0.22300000000000017;12.0;1.0;1.0;0.22300000000000017;12.0;1.0;Now
12:17:31 31/07/2020;Friday;0.2224;0.22300000000000017;1.0;0.6332456079595024;0.676809994835878;1.0;0.22300000000000017;12.0;1.0;1.0;0.22300000000000017;12.0;1.0;1.0;0.22300000000000017;12.0;1.0;Now
12:17:31 31/07/2020;Friday;0.2224;0.22300000000000017;1.0;0.6332456079595024;0.676809994835878;1.0;0.22300000000000017;12.0;1.0;1.0;0.22300000000000017;12.0;1.0;1.0;0.22300000000000017;12.0;1.0;Now
01:45:05 01/08/2020;Saturday;0.2226;0.22300000000000017;1.0;0.6332456079595024;0.676809994835878;1.0;0.22300000000000017;12.0;1.0;1.0;0.22300000000000017;12.0;1.0;1.0;0.22300000000000017;12.0;1.0;Now
08:46:00 01/08/2020;Saturday;0.2223;0.22300000000000017;1.0;0.6332456079595024;0.676809994835878;1.0;0.22300000000000017;12.0;1.0;1.0;0.22300000000000017;12.0;1.0;1.0;0.22300000000000017;12.0;1.0;Now
13:23:25 01/08/2020;Saturday;0.2221;0.22300000000000017;1.0;0.6332456079595024;0.676809994835878;1.0;0.22300000000000017;12.0;1.0;1.0;0.22300000000000017;12.0;1.0;1.0;0.22300000000000017;12.0;1.0;Now
19:25:22 01/08/2020;Saturday;0.2223;0.22300000000000017;1.0;0.6332456079595024;0.676809994835878;1.0;0.22300000000000017;12.0;1.0;1.0;0.22300000000000017;12.0;1.0;1.0;0.22300000000000017;12.0;1.0;Now
01:01:46 02/08/2020;Sunday;0.2229;0.22300000000000017;1.0;0.6332456079595024;0.676809994835878;0.5840277777777778;0.22300000000000017;7.008333333333334;0.5840277777777778;1.0;0.22350000000000017;12.0;1.0;0.5840277777777778;0.22300000000000017;7.008333333333334;0.5840277777777778;Now
08:02:16 02/08/2020;Sunday;0.2235;0.22400000000000017;1.0;0.6324555320336757;0.6631366525777558;0.5722222222222222;0.22400000000000017;6.866666666666666;0.5722222222222222;1.0;0.22450000000000017;12.0;1.0;0.5722222222222222;0.22400000000000017;6.866666666666666;0.5722222222222222;Now
14:54:16 02/08/2020;Sunday;0.2241;0.22500000000000017;1.0;0.6316644678941501;0.649446207932778;1.0;0.22500000000000017;12.0;1.0;1.0;0.22500000000000017;12.0;1.0;1.0;0.22500000000000017;12.0;1.0;Now
20:22:28 02/08/2020;Sunday;0.2246;0.22500000000000017;1.0;0.6316644678941501;0.649446207932778;1.0;0.22500000000000017;12.0;1.0;1.0;0.22500000000000017;12.0;1.0;1.0;0.22500000000000017;12.0;1.0;Now
03:22:47 03/08/2020;Monday;0.2244;0.22500000000000017;1.0;0.6316644678941501;0.649446207932778;1.0;0.22500000000000017;12.0;1.0;1.0;0.22500000000000017;12.0;1.0;1.0;0.22500000000000017;12.0;1.0;Now
09:16:24 03/08/2020;Monday;0.2245;0.22500000000000017;1.0;0.6316644678941501;0.649446207932778;1.0;0.22500000000000017;12.0;1.0;1.0;0.22500000000000017;12.0;1.0;1.0;0.22500000000000017;12.0;1.0;Now
15:01:15 03/08/2020;Monday;0.2243;0.22500000000000017;1.0;0.6316644678941501;0.649446207932778;1.0;0.22500000000000017;12.0;1.0;1.0;0.22500000000000017;12.0;1.0;1.0;0.22500000000000017;12.0;1.0;Now
20:29:15 03/08/2020;Monday;0.2238;0.22500000000000017;1.0;0.6316644678941501;0.649446207932778;1.0;0.22500000000000017;12.0;1.0;1.0;0.22466666666666682;12.0;1.0;1.0;0.22500000000000017;12.0;1.0;Now
02:06:12 04/08/2020;Tuesday;0.2237;0.22500000000000017;1.0;0.6316644678941501;0.649446207932778;1.0;0.22500000000000017;12.0;1.0;1.0;0.22450000000000017;12.0;1.0;1.0;0.22450000000000017;12.0;1.0;Now
07:50:51 04/08/2020;Tuesday;0.2236;0.22400000000000017;1.0;0.6324555320336757;0.6631366525777558;1.0;0.22400000000000017;12.0;1.0;1.0;0.22400000000000017;12.0;1.0;1.0;0.22400000000000017;12.0;1.0;Now
14:52:13 04/08/2020;Tuesday;0.2234;0.22400000000000017;1.0;0.6324555320336757;0.6631366525777558;1.0;0.22400000000000017;12.0;1.0;1.0;0.22400000000000017;12.0;1.0;1.0;0.22400000000000017;12.0;1.0;Now
20:45:14 04/08/2020;Tuesday;0.2228;0.22400000000000017;1.0;0.6324555320336757;0.6631366525777558;1.0;0.22400000000000017;12.0;1.0;1.0;0.22366666666666682;12.0;1.0;1.0;0.22400000000000017;12.0;1.0;Now
02:13:15 05/08/2020;Wednesday;0.2225;0.22400000000000017;1.0;0.6324555320336757;0.6631366525777558;1.0;0.22400000000000017;12.0;1.0;1.0;0.22350000000000017;12.0;1.0;1.0;0.22350000000000017;12.0;1.0;Now
07:15:51 05/08/2020;Wednesday;0.2223;0.22300000000000017;1.0;0.6332456079595024;0.676809994835878;1.0;0.22300000000000017;12.0;1.0;1.0;0.22300000000000017;12.0;1.0;1.0;0.22300000000000017;12.0;1.0;Now
19:10:51 05/08/2020;Wednesday;0.2221;0.22300000000000017;1.0;0.6332456079595024;0.676809994835878;1.0;0.22300000000000017;12.0;1.0;1.0;0.22300000000000017;12.0;1.0;1.0;0.22300000000000017;12.0;1.0;Now
23:57:02 05/08/2020;Wednesday;0.2223;0.22300000000000017;1.0;0.6332456079595024;0.676809994835878;1.0;0.22300000000000017;12.0;1.0;1.0;0.22300000000000017;12.0;1.0;1.0;0.22300000000000017;12.0;1.0;Now
06:32:21 06/08/2020;Thursday;0.2229;0.22300000000000017;1.0;0.6332456079595024;0.676809994835878;0.6305324074074075;0.22300000000000017;7.566388888888889;0.6305324074074075;1.0;0.22350000000000017;12.0;1.0;0.6305324074074075;0.22300000000000017;7.566388888888889;0.6305324074074075;Now
14:06:20 06/08/2020;Thursday;0.2239;0.22400000000000017;1.0;0.6324555320336757;0.6631366525777558;0.49030092592592595;0.22400000000000017;5.883611111111111;0.49030092592592595;1.0;0.22500000000000017;12.0;1.0;0.49030092592592595;0.22400000000000017;5.883611111111111;0.49030092592592595;Now
19:59:21 06/08/2020;Thursday;0.2245;0.22500000000000017;1.0;0.6316644678941501;0.649446207932778;0.4555787037037037;0.22500000000000017;5.466944444444445;0.4555787037037037;1.0;0.22575000000000017;12.0;1.0;0.4555787037037037;0.22500000000000017;5.466944444444445;0.4555787037037037;Now
01:27:22 07/08/2020;Friday;0.2254;0.22600000000000017;1.0;0.6308724118235001;0.6357385965658208;0.8762037037037037;0.22600000000000017;10.514444444444445;0.8762037037037037;1.0;0.22625000000000017;12.0;1.0;0.8762037037037037;0.22600000000000017;10.514444444444445;0.8762037037037037;Now
05:13:01 07/08/2020;Friday;0.2254;0.22600000000000017;1.0;0.6308724118235001;0.6357385965658208;0.5628009259259259;0.22600000000000017;6.753611111111111;0.5628009259259259;1.0;0.2263333333333335;12.0;1.0;0.5628009259259259;0.22600000000000017;6.753611111111111;0.5628009259259259;Now
06:30:15 07/08/2020;Friday;0.2257;0.22600000000000017;1.0;0.6308724118235001;0.6357385965658208;0.4555324074074074;0.22600000000000017;5.466388888888889;0.4555324074074074;1.0;0.22666666666666682;12.0;1.0;0.4555324074074074;0.22600000000000017;5.466388888888889;0.4555324074074074;Now
11:58:14 07/08/2020;Friday;0.2263;0.22700000000000017;1.0;0.6300793600809345;0.6220137537373881;1.0;0.22700000000000017;12.0;1.0;1.0;0.22700000000000017;12.0;1.0;1.0;0.22700000000000017;12.0;1.0;Now
17:26:14 07/08/2020;Friday;0.2268;0.22700000000000017;1.0;0.6300793600809345;0.6220137537373881;0.5726388888888889;0.22700000000000017;6.871666666666667;0.5726388888888889;1.0;0.22750000000000017;12.0;1.0;0.5726388888888889;0.22700000000000017;6.871666666666667;0.5726388888888889;Now
00:18:32 08/08/2020;Saturday;0.2273;0.22800000000000017;1.0;0.6292853089020908;0.6082716143000492;1.0;0.22800000000000017;12.0;1.0;1.0;0.22800000000000017;12.0;1.0;1.0;0.22800000000000017;12.0;1.0;Now
07:32:53 08/08/2020;Saturday;0.2276;0.22800000000000017;1.0;0.6292853089020908;0.6082716143000492;0.5297453703703704;0.22800000000000017;6.356944444444444;0.5297453703703704;1.0;0.22850000000000018;12.0;1.0;0.5297453703703704;0.22800000000000017;6.356944444444444;0.5297453703703704;Now
13:54:18 08/08/2020;Saturday;0.2281;0.22900000000000018;1.0;0.6284902544988266;0.5945121126948283;1.0;0.22900000000000018;12.0;1.0;1.0;0.22900000000000018;12.0;1.0;1.0;0.22900000000000018;12.0;1.0;Now
19:47:15 08/08/2020;Saturday;0.2284;0.22900000000000018;1.0;0.6284902544988266;0.5945121126948283;0.9927777777777778;0.22900000000000018;11.913333333333334;0.9927777777777778;1.0;0.2293333333333335;12.0;1.0;0.9927777777777778;0.22900000000000018;11.913333333333334;0.9927777777777778;Now
00:50:14 09/08/2020;Sunday;0.2289;0.22900000000000018;1.0;0.6284902544988266;0.5945121126948283;0.5719675925925926;0.22900000000000018;6.863611111111111;0.5719675925925926;1.0;0.22950000000000018;12.0;1.0;0.5719675925925926;0.22900000000000018;6.863611111111111;0.5719675925925926;Now
07:42:03 09/08/2020;Sunday;0.2297;0.23000000000000018;1.0;0.6276941930590084;0.5807351829475541;0.5138194444444445;0.23000000000000018;6.1658333333333335;0.5138194444444445;1.0;0.23066666666666683;12.0;1.0;0.5138194444444445;0.23000000000000018;6.1658333333333335;0.5138194444444445;Now
13:52:00 09/08/2020;Sunday;0.2305;0.23100000000000018;1.0;0.626897120746299;0.5669407586651724;1.0;0.23100000000000018;12.0;1.0;1.0;0.23100000000000018;12.0;1.0;1.0;0.23100000000000018;12.0;1.0;Now
18:46:34 09/08/2020;Sunday;0.2304;0.23100000000000018;1.0;0.626897120746299;0.5669407586651724;1.0;0.23100000000000018;12.0;1.0;1.0;0.23100000000000018;12.0;1.0;1.0;0.23100000000000018;12.0;1.0;Now
00:31:29 10/08/2020;Monday;0.2306;0.23100000000000018;1.0;0.626897120746299;0.5669407586651724;1.0;0.23100000000000018;12.0;1.0;1.0;0.23100000000000018;12.0;1.0;1.0;0.23100000000000018;12.0;1.0;Now
06:57:58 10/08/2020;Monday;0.2307;0.23100000000000018;1.0;0.626897120746299;0.5669407586651724;1.0;0.23100000000000018;12.0;1.0;1.0;0.23100000000000018;12.0;1.0;1.0;0.23100000000000018;12.0;1.0;Now
04:09:33 11/08/2020;Tuesday;0.2306;0.23100000000000018;1.0;0.626897120746299;0.5669407586651724;1.0;0.23100000000000018;12.0;1.0;1.0;0.23100000000000018;12.0;1.0;1.0;0.23100000000000018;12.0;1.0;Now
09:54:26 11/08/2020;Tuesday;0.2303;0.23100000000000018;1.0;0.626897120746299;0.5669407586651724;1.0;0.23100000000000018;12.0;1.0;1.0;0.23100000000000018;12.0;1.0;1.0;0.23100000000000018;12.0;1.0;Now
00:30:10 12/08/2020;Wednesday;0.2302;0.23100000000000018;1.0;0.626897120746299;0.5669407586651724;1.0;0.23100000000000018;12.0;1.0;1.0;0.23100000000000018;12.0;1.0;1.0;0.23100000000000018;12.0;1.0;Now
06:23:19 12/08/2020;Wednesday;0.2301;0.23100000000000018;1.0;0.626897120746299;0.5669407586651724;1.0;0.23100000000000018;12.0;1.0;1.0;0.23100000000000018;12.0;1.0;1.0;0.23100000000000018;12.0;1.0;Now
11:09:23 12/08/2020;Wednesday;0.2298;0.23100000000000018;1.0;0.626897120746299;0.5669407586651724;1.0;0.23100000000000018;12.0;1.0;1.0;0.23066666666666683;12.0;1.0;1.0;0.23100000000000018;12.0;1.0;Now
16:28:40 12/08/2020;Wednesday;0.2294;0.23100000000000018;1.0;0.626897120746299;0.5669407586651724;1.0;0.23100000000000018;12.0;1.0;1.0;0.2303333333333335;12.0;1.0;1.0;0.23100000000000018;12.0;1.0;Now
21:07:13 12/08/2020;Wednesday;0.2294;0.23000000000000018;1.0;0.6276941930590084;0.5807351829475541;1.0;0.23000000000000018;12.0;1.0;1.0;0.23000000000000018;12.0;1.0;1.0;0.23000000000000018;12.0;1.0;Now
23:29:04 12/08/2020;Wednesday;0.2282;0.23000000000000018;1.0;0.6276941930590084;0.5807351829475541;1.0;0.23000000000000018;12.0;1.0;1.0;0.22966666666666682;12.0;1.0;1.0;0.23000000000000018;12.0;1.0;Now
04:40:05 13/08/2020;Thursday;0.2273;0.23000000000000018;1.0;0.6276941930590084;0.5807351829475541;1.0;0.23000000000000018;12.0;1.0;1.0;0.22950000000000018;12.0;1.0;1.0;0.22950000000000018;12.0;1.0;Now
09:26:04 13/08/2020;Thursday;0.2266;0.22900000000000018;1.0;0.6284902544988266;0.5945121126948283;1.0;0.22900000000000018;12.0;1.0;1.0;0.22800000000000017;12.0;1.0;1.0;0.22900000000000018;12.0;1.0;Now
16:43:34 13/08/2020;Thursday;0.2255;0.22700000000000017;1.0;0.6300793600809345;0.6220137537373881;1.0;0.22700000000000017;12.0;1.0;1.0;0.22650000000000017;12.0;1.0;1.0;0.22700000000000017;12.0;1.0;Now
23:10:04 13/08/2020;Thursday;0.2245;0.22600000000000017;1.0;0.6308724118235001;0.6357385965658208;1.0;0.22600000000000017;12.0;1.0;1.0;0.22550000000000017;12.0;1.0;1.0;0.22600000000000017;12.0;1.0;Now
05:20:36 14/08/2020;Friday;0.2235;0.22500000000000017;1.0;0.6316644678941501;0.649446207932778;1.0;0.22500000000000017;12.0;1.0;1.0;0.22450000000000017;12.0;1.0;1.0;0.22500000000000017;12.0;1.0;Now
11:47:33 14/08/2020;Friday;0.2227;0.22400000000000017;1.0;0.6324555320336757;0.6631366525777558;1.0;0.22400000000000017;12.0;1.0;1.0;0.22350000000000017;12.0;1.0;1.0;0.22400000000000017;12.0;1.0;Now
19:21:33 14/08/2020;Friday;0.2217;0.22300000000000017;1.0;0.6332456079595024;0.676809994835878;1.0;0.22300000000000017;12.0;1.0;1.0;0.22250000000000017;12.0;1.0;1.0;0.22300000000000017;12.0;1.0;Now
02:05:34 15/08/2020;Saturday;0.2205;0.22200000000000017;1.0;0.6340346993658942;0.6904662986414255;1.0;0.22200000000000017;12.0;1.0;1.0;0.2213333333333335;12.0;1.0;1.0;0.22150000000000017;12.0;1.0;Now
07:25:04 15/08/2020;Saturday;0.2193;0.22100000000000017;1.0;0.634822809924155;0.7041056275313216;1.0;0.22100000000000017;12.0;1.0;1.0;0.22066666666666682;12.0;1.0;1.0;0.22100000000000017;12.0;1.0;Now
13:52:06 15/08/2020;Saturday;0.218;0.22100000000000017;1.0;0.634822809924155;0.7041056275313216;1.0;0.22100000000000017;12.0;1.0;1.0;0.21966666666666682;12.0;1.0;1.0;0.22050000000000017;12.0;1.0;Now
18:38:04 15/08/2020;Saturday;0.2174;0.22000000000000017;1.0;0.6356099432828279;0.717728044648587;1.0;0.22000000000000017;12.0;1.0;1.0;0.21900000000000017;12.0;1.0;1.0;0.21900000000000017;12.0;1.0;Now
00:14:34 16/08/2020;Sunday;0.2166;0.21800000000000017;1.0;0.6371812928829594;0.7449223941881962;1.0;0.21800000000000017;12.0;1.0;1.0;0.2173333333333335;12.0;1.0;1.0;0.21800000000000017;12.0;1.0;Now
06:41:53 16/08/2020;Sunday;0.2155;0.21700000000000016;1.0;0.6379655163094631;0.7584944509575524;1.0;0.21700000000000016;12.0;1.0;1.0;0.2166666666666668;12.0;1.0;1.0;0.21700000000000016;12.0;1.0;Now
11:52:53 16/08/2020;Sunday;0.2146;0.21700000000000016;1.0;0.6379655163094631;0.7584944509575524;1.0;0.21700000000000016;12.0;1.0;1.0;0.21600000000000016;12.0;1.0;1.0;0.21700000000000016;12.0;1.0;Now
18:28:18 16/08/2020;Sunday;0.2137;0.21600000000000016;1.0;0.6387487769068523;0.7720498446549336;1.0;0.21600000000000016;12.0;1.0;1.0;0.21500000000000016;12.0;1.0;1.0;0.21550000000000016;12.0;1.0;Now
23:14:24 16/08/2020;Sunday;0.2131;0.21500000000000016;1.0;0.6395310782127791;0.7855886365042373;1.0;0.21500000000000016;12.0;1.0;1.0;0.21450000000000016;12.0;1.0;1.0;0.21500000000000016;12.0;1.0;Now
05:41:20 17/08/2020;Monday;0.2124;0.21400000000000016;1.0;0.6403124237432847;0.7991108873553538;1.0;0.21400000000000016;12.0;1.0;1.0;0.21350000000000016;12.0;1.0;1.0;0.21400000000000016;12.0;1.0;Now
12:25:18 17/08/2020;Monday;0.2118;0.21300000000000016;1.0;0.6410928169929841;0.8126166576873685;1.0;0.21300000000000016;12.0;1.0;1.0;0.21250000000000016;12.0;1.0;1.0;0.21300000000000016;12.0;1.0;Now
18:43:47 17/08/2020;Monday;0.2112;0.21200000000000016;1.0;0.6418722614352483;0.8261060076117037;1.0;0.21200000000000016;12.0;1.0;1.0;0.21200000000000016;12.0;1.0;1.0;0.21200000000000016;12.0;1.0;Now
01:19:38 18/08/2020;Tuesday;0.2104;0.21200000000000016;1.0;0.6418722614352483;0.8261060076117037;1.0;0.21200000000000016;12.0;1.0;1.0;0.21133333333333348;12.0;1.0;1.0;0.21200000000000016;12.0;1.0;Now
08:12:04 18/08/2020;Tuesday;0.21;0.21100000000000016;1.0;0.642650760522385;0.8395789968752576;1.0;0.21100000000000016;12.0;1.0;1.0;0.21050000000000016;12.0;1.0;1.0;0.21100000000000016;12.0;1.0;Now
13:14:45 18/08/2020;Tuesday;0.2096;0.21100000000000016;1.0;0.642650760522385;0.8395789968752576;1.0;0.21100000000000016;12.0;1.0;1.0;0.21025000000000016;12.0;1.0;1.0;0.21050000000000016;12.0;1.0;Now
17:55:39 18/08/2020;Tuesday;0.2096;0.21000000000000016;1.0;0.6434283176858163;0.8530356848634739;1.0;0.21000000000000016;12.0;1.0;1.0;0.21000000000000016;12.0;1.0;1.0;0.21000000000000016;12.0;1.0;Now
18:06:09 18/08/2020;Tuesday;0.2093;0.21000000000000016;1.0;0.6434283176858163;0.8530356848634739;1.0;0.21000000000000016;12.0;1.0;1.0;0.21000000000000016;12.0;1.0;1.0;0.21000000000000016;12.0;1.0;Now
00:27:38 19/08/2020;Wednesday;0.2089;0.21000000000000016;1.0;0.6434283176858163;0.8530356848634739;1.0;0.21000000000000016;12.0;1.0;1.0;0.20933333333333348;12.0;1.0;1.0;0.21000000000000016;12.0;1.0;Now
06:38:16 19/08/2020;Wednesday;0.2087;0.20900000000000016;1.0;0.6442049363362561;0.8664761306034106;1.0;0.20900000000000016;12.0;1.0;1.0;0.20900000000000016;12.0;1.0;1.0;0.20900000000000016;12.0;1.0;Now
12:22:42 19/08/2020;Wednesday;0.2085;0.20900000000000016;1.0;0.6442049363362561;0.8664761306034106;1.0;0.20900000000000016;12.0;1.0;1.0;0.20900000000000016;12.0;1.0;1.0;0.20900000000000016;12.0;1.0;Now
19:06:48 19/08/2020;Wednesday;0.2083;0.20900000000000016;1.0;0.6442049363362561;0.8664761306034106;1.0;0.20900000000000016;12.0;1.0;1.0;0.20900000000000016;12.0;1.0;1.0;0.20900000000000016;12.0;1.0;Now
01:17:17 20/08/2020;Thursday;0.2079;0.20900000000000016;1.0;0.6442049363362561;0.8664761306034106;1.0;0.20900000000000016;12.0;1.0;1.0;0.20900000000000016;12.0;1.0;1.0;0.20900000000000016;12.0;1.0;Now
08:26:54 20/08/2020;Thursday;0.2081;0.20900000000000016;1.0;0.6442049363362561;0.8664761306034106;1.0;0.20900000000000016;12.0;1.0;1.0;0.20900000000000016;12.0;1.0;1.0;0.20900000000000016;12.0;1.0;Now
14:11:08 20/08/2020;Thursday;0.2083;0.20900000000000016;1.0;0.6442049363362561;0.8664761306034106;1.0;0.20900000000000016;12.0;1.0;1.0;0.20900000000000016;12.0;1.0;1.0;0.20900000000000016;12.0;1.0;Now
19:22:39 20/08/2020;Thursday;0.2082;0.20900000000000016;1.0;0.6442049363362561;0.8664761306034106;1.0;0.20900000000000016;12.0;1.0;1.0;0.20900000000000016;12.0;1.0;1.0;0.20900000000000016;12.0;1.0;Now
02:06:37 21/08/2020;Friday;0.2081;0.20900000000000016;1.0;0.6442049363362561;0.8664761306034106;1.0;0.20900000000000016;12.0;1.0;1.0;0.20900000000000016;12.0;1.0;1.0;0.20900000000000016;12.0;1.0;Now
15:59:40 21/08/2020;Friday;0.2079;0.20800000000000016;1.0;0.6449806198638838;0.8799003927667505;1.0;0.20800000000000016;12.0;1.0;1.0;0.20800000000000016;12.0;1.0;1.0;0.20800000000000016;12.0;1.0;Now
22:10:07 21/08/2020;Friday;0.2078;0.20800000000000016;1.0;0.6449806198638838;0.8799003927667505;1.0;0.20800000000000016;12.0;1.0;1.0;0.20800000000000016;12.0;1.0;1.0;0.20800000000000016;12.0;1.0;Now
12:20:06 22/08/2020;Saturday;0.2071;0.20800000000000016;1.0;0.6449806198638838;0.8799003927667505;1.0;0.20800000000000016;12.0;1.0;1.0;0.20800000000000016;12.0;1.0;1.0;0.20800000000000016;12.0;1.0;Now
19:45:38 22/08/2020;Saturday;0.2061;0.20800000000000016;1.0;0.6449806198638838;0.8799003927667505;1.0;0.20800000000000016;12.0;1.0;1.0;0.20750000000000016;12.0;1.0;1.0;0.20800000000000016;12.0;1.0;Now
02:12:37 23/08/2020;Sunday;0.2058;0.20700000000000016;1.0;0.6457553716385175;0.8933085296727951;1.0;0.20700000000000016;12.0;1.0;1.0;0.20650000000000016;12.0;1.0;1.0;0.20650000000000016;12.0;1.0;Now
07:57:45 23/08/2020;Sunday;0.2056;0.20600000000000016;1.0;0.6465291950097843;0.9067005992914138;1.0;0.20600000000000016;12.0;1.0;1.0;0.20600000000000016;12.0;1.0;1.0;0.20600000000000016;12.0;1.0;Now
14:58:56 23/08/2020;Sunday;0.2054;0.20600000000000016;1.0;0.6465291950097843;0.9067005992914138;1.0;0.20600000000000016;12.0;1.0;1.0;0.20600000000000016;12.0;1.0;1.0;0.20600000000000016;12.0;1.0;Now
19:53:09 23/08/2020;Sunday;0.2053;0.20600000000000016;1.0;0.6465291950097843;0.9067005992914138;1.0;0.20600000000000016;12.0;1.0;1.0;0.20600000000000016;12.0;1.0;1.0;0.20600000000000016;12.0;1.0;Now
01:12:50 24/08/2020;Monday;0.2052;0.20600000000000016;1.0;0.6465291950097843;0.9067005992914138;1.0;0.20600000000000016;12.0;1.0;1.0;0.20600000000000016;12.0;1.0;1.0;0.20600000000000016;12.0;1.0;Now
07:40:10 24/08/2020;Monday;0.2051;0.20600000000000016;1.0;0.6465291950097843;0.9067005992914138;1.0;0.20600000000000016;12.0;1.0;1.0;0.20600000000000016;12.0;1.0;1.0;0.20600000000000016;12.0;1.0;Now
20:09:10 24/08/2020;Monday;0.205;0.20500000000000015;1.0;0.6473020933072902;0.9200766592459797;0.5256712962962963;0.20500000000000015;6.308055555555556;0.5256712962962963;1.0;0.2056666666666668;12.0;1.0;0.5256712962962963;0.20500000000000015;6.308055555555556;0.5256712962962963;Now
02:27:39 25/08/2020;Tuesday;0.2051;0.20600000000000016;1.0;0.6465291950097843;0.9067005992914138;1.0;0.20600000000000016;12.0;1.0;1.0;0.20600000000000016;12.0;1.0;1.0;0.20600000000000016;12.0;1.0;Now
07:22:09 25/08/2020;Tuesday;0.2053;0.20600000000000016;1.0;0.6465291950097843;0.9067005992914138;1.0;0.20600000000000016;12.0;1.0;1.0;0.20600000000000016;12.0;1.0;1.0;0.20600000000000016;12.0;1.0;Now
12:50:09 25/08/2020;Tuesday;0.2054;0.20600000000000016;1.0;0.6465291950097843;0.9067005992914138;1.0;0.20600000000000016;12.0;1.0;1.0;0.20600000000000016;12.0;1.0;1.0;0.20600000000000016;12.0;1.0;Now
14:58:15 25/08/2020;Tuesday;0.2054;0.20600000000000016;1.0;0.6465291950097843;0.9067005992914138;1.0;0.20600000000000016;12.0;1.0;1.0;0.20600000000000016;12.0;1.0;1.0;0.20600000000000016;12.0;1.0;Now
19:36:09 25/08/2020;Tuesday;0.2055;0.20600000000000016;1.0;0.6465291950097843;0.9067005992914138;1.0;0.20600000000000016;12.0;1.0;1.0;0.20600000000000016;12.0;1.0;1.0;0.20600000000000016;12.0;1.0;Now
03:02:11 26/08/2020;Wednesday;0.2059;0.20600000000000016;1.0;0.6465291950097843;0.9067005992914138;0.39747685185185183;0.20600000000000016;4.769722222222223;0.39747685185185183;1.0;0.2066666666666668;12.0;1.0;1.0;0.20650000000000016;12.0;1.0;Now
07:48:22 26/08/2020;Wednesday;0.2061;0.20700000000000016;1.0;0.6457553716385175;0.8933085296727951;1.0;0.20700000000000016;12.0;1.0;1.0;0.20700000000000016;12.0;1.0;1.0;0.20700000000000016;12.0;1.0;Now
13:50:07 26/08/2020;Wednesday;0.2065;0.20700000000000016;1.0;0.6457553716385175;0.8933085296727951;1.0;0.20700000000000016;12.0;1.0;1.0;0.20700000000000016;12.0;1.0;1.0;0.20700000000000016;12.0;1.0;Now
19:26:55 26/08/2020;Wednesday;0.2069;0.20700000000000016;1.0;0.6457553716385175;0.8933085296727951;1.0;0.20700000000000016;12.0;1.0;1.0;0.20700000000000016;12.0;1.0;1.0;0.20700000000000016;12.0;1.0;Now
21:09:15 26/08/2020;Wednesday;0.2069;0.20700000000000016;1.0;0.6457553716385175;0.8933085296727951;1.0;0.20700000000000016;12.0;1.0;1.0;0.20700000000000016;12.0;1.0;1.0;0.20700000000000016;12.0;1.0;Now
05:57:42 27/08/2020;Thursday;0.2068;0.20700000000000016;1.0;0.6457553716385175;0.8933085296727951;1.0;0.20700000000000016;12.0;1.0;1.0;0.20700000000000016;12.0;1.0;1.0;0.20700000000000016;12.0;1.0;Now
11:59:50 27/08/2020;Thursday;0.2066;0.20700000000000016;1.0;0.6457553716385175;0.8933085296727951;1.0;0.20700000000000016;12.0;1.0;1.0;0.20700000000000016;12.0;1.0;1.0;0.20700000000000016;12.0;1.0;Now
19:08:20 27/08/2020;Thursday;0.2065;0.20700000000000016;1.0;0.6457553716385175;0.8933085296727951;1.0;0.20700000000000016;12.0;1.0;1.0;0.20700000000000016;12.0;1.0;1.0;0.20700000000000016;12.0;1.0;Now
02:24:50 28/08/2020;Friday;0.2064;0.20700000000000016;1.0;0.6457553716385175;0.8933085296727951;1.0;0.20700000000000016;12.0;1.0;1.0;0.20700000000000016;12.0;1.0;1.0;0.20700000000000016;12.0;1.0;Now
08:02:29 28/08/2020;Friday;0.2062;0.20700000000000016;1.0;0.6457553716385175;0.8933085296727951;1.0;0.20700000000000016;12.0;1.0;1.0;0.20700000000000016;12.0;1.0;1.0;0.20700000000000016;12.0;1.0;Now
14:04:50 28/08/2020;Friday;0.2059;0.20700000000000016;1.0;0.6457553716385175;0.8933085296727951;1.0;0.20700000000000016;12.0;1.0;1.0;0.20650000000000016;12.0;1.0;1.0;0.20700000000000016;12.0;1.0;Now
21:14:49 28/08/2020;Friday;0.2057;0.20600000000000016;1.0;0.6465291950097843;0.9067005992914138;1.0;0.20600000000000016;12.0;1.0;1.0;0.20600000000000016;12.0;1.0;1.0;0.20600000000000016;12.0;1.0;Now
04:41:49 29/08/2020;Saturday;0.2054;0.20600000000000016;1.0;0.6465291950097843;0.9067005992914138;1.0;0.20600000000000016;12.0;1.0;1.0;0.20600000000000016;12.0;1.0;1.0;0.20600000000000016;12.0;1.0;Now
11:09:34 29/08/2020;Saturday;0.2056;0.20600000000000016;1.0;0.6465291950097843;0.9067005992914138;1.0;0.20600000000000016;12.0;1.0;1.0;0.20600000000000016;12.0;1.0;1.0;0.20600000000000016;12.0;1.0;Now
17:35:19 29/08/2020;Saturday;0.2055;0.20600000000000016;1.0;0.6465291950097843;0.9067005992914138;1.0;0.20600000000000016;12.0;1.0;1.0;0.20600000000000016;12.0;1.0;1.0;0.20600000000000016;12.0;1.0;Now
00:55:34 30/08/2020;Sunday;0.2053;0.20600000000000016;1.0;0.6465291950097843;0.9067005992914138;1.0;0.20600000000000016;12.0;1.0;1.0;0.20600000000000016;12.0;1.0;1.0;0.20600000000000016;12.0;1.0;Now
19:36:34 30/08/2020;Sunday;0.2052;0.20600000000000016;1.0;0.6465291950097843;0.9067005992914138;1.0;0.20600000000000016;12.0;1.0;1.0;0.20600000000000016;12.0;1.0;1.0;0.20600000000000016;12.0;1.0;Now
01:30:39 31/08/2020;Monday;0.2053;0.20600000000000016;1.0;0.6465291950097843;0.9067005992914138;1.0;0.20600000000000016;12.0;1.0;1.0;0.20600000000000016;12.0;1.0;1.0;0.20600000000000016;12.0;1.0;Now
07:58:38 31/08/2020;Monday;0.2055;0.20600000000000016;1.0;0.6465291950097843;0.9067005992914138;1.0;0.20600000000000016;12.0;1.0;1.0;0.20600000000000016;12.0;1.0;1.0;0.20600000000000016;12.0;1.0;Now
14:26:29 31/08/2020;Monday;0.2054;0.20600000000000016;1.0;0.6465291950097843;0.9067005992914138;1.0;0.20600000000000016;12.0;1.0;1.0;0.20600000000000016;12.0;1.0;1.0;0.20600000000000016;12.0;1.0;Now
20:45:49 31/08/2020;Monday;0.2053;0.20600000000000016;1.0;0.6465291950097843;0.9067005992914138;1.0;0.20600000000000016;12.0;1.0;1.0;0.20600000000000016;12.0;1.0;1.0;0.20600000000000016;12.0;1.0;Now
20:45:49 31/08/2020;Monday;0.2053;0.20600000000000016;1.0;0.6465291950097843;0.9067005992914138;1.0;0.20600000000000016;12.0;1.0;1.0;0.20600000000000016;12.0;1.0;1.0;0.20600000000000016;12.0;1.0;Now
03:47:17 01/09/2020;Tuesday;0.2049;0.20600000000000016;1.0;0.6465291950097843;0.9067005992914138;1.0;0.20600000000000016;12.0;1.0;1.0;0.2056666666666668;12.0;1.0;1.0;0.20600000000000016;12.0;1.0;Now
08:42:25 01/09/2020;Tuesday;0.2047;0.20600000000000016;1.0;0.6465291950097843;0.9067005992914138;1.0;0.20600000000000016;12.0;1.0;1.0;0.20533333333333348;12.0;1.0;1.0;0.20600000000000016;12.0;1.0;Now
13:20:48 01/09/2020;Tuesday;0.2045;0.20500000000000015;1.0;0.6473020933072902;0.9200766592459797;1.0;0.20500000000000015;12.0;1.0;1.0;0.20500000000000015;12.0;1.0;1.0;0.20500000000000015;12.0;1.0;Now
17:07:35 01/09/2020;Tuesday;0.2045;0.20500000000000015;1.0;0.6473020933072902;0.9200766592459797;1.0;0.20500000000000015;12.0;1.0;1.0;0.20500000000000015;12.0;1.0;1.0;0.20500000000000015;12.0;1.0;Now
20:48:53 01/09/2020;Tuesday;0.2041;0.20500000000000015;1.0;0.6473020933072902;0.9200766592459797;1.0;0.20500000000000015;12.0;1.0;1.0;0.20500000000000015;12.0;1.0;1.0;0.20500000000000015;12.0;1.0;Now
03:41:27 02/09/2020;Wednesday;0.2039;0.20500000000000015;1.0;0.6473020933072902;0.9200766592459797;1.0;0.20500000000000015;12.0;1.0;1.0;0.20433333333333348;12.0;1.0;1.0;0.20500000000000015;12.0;1.0;Now
09:52:34 02/09/2020;Wednesday;0.2037;0.20400000000000015;1.0;0.6480740698407859;0.9334367668162499;1.0;0.20400000000000015;12.0;1.0;1.0;0.20400000000000015;12.0;1.0;1.0;0.20400000000000015;12.0;1.0;Now
15:20:56 02/09/2020;Wednesday;0.2033;0.20400000000000015;1.0;0.6480740698407859;0.9334367668162499;1.0;0.20400000000000015;12.0;1.0;1.0;0.20400000000000015;12.0;1.0;1.0;0.20400000000000015;12.0;1.0;Now
22:31:05 02/09/2020;Wednesday;0.2027;0.20400000000000015;1.0;0.6480740698407859;0.9334367668162499;1.0;0.20400000000000015;12.0;1.0;1.0;0.20333333333333348;12.0;1.0;1.0;0.20350000000000015;12.0;1.0;Now
04:08:03 03/09/2020;Thursday;0.2024;0.20300000000000015;1.0;0.6488451279003332;0.946780978941234;1.0;0.20300000000000015;12.0;1.0;1.0;0.20300000000000015;12.0;1.0;1.0;0.20300000000000015;12.0;1.0;Now
10:19:08 03/09/2020;Thursday;0.2022;0.20300000000000015;1.0;0.6488451279003332;0.946780978941234;1.0;0.20300000000000015;12.0;1.0;1.0;0.20300000000000015;12.0;1.0;1.0;0.20300000000000015;12.0;1.0;Now
17:29:07 03/09/2020;Thursday;0.2018;0.20300000000000015;1.0;0.6488451279003332;0.946780978941234;1.0;0.20300000000000015;12.0;1.0;1.0;0.20250000000000015;12.0;1.0;1.0;0.20250000000000015;12.0;1.0;Now
23:14:35 03/09/2020;Thursday;0.2014;0.20200000000000015;1.0;0.6496152707564684;0.9601093522220244;1.0;0.20200000000000015;12.0;1.0;1.0;0.20200000000000015;12.0;1.0;1.0;0.20200000000000015;12.0;1.0;Now
05:34:11 04/09/2020;Friday;0.2011;0.20200000000000015;1.0;0.6496152707564684;0.9601093522220244;1.0;0.20200000000000015;12.0;1.0;1.0;0.20200000000000015;12.0;1.0;1.0;0.20200000000000015;12.0;1.0;Now
18:13:14 04/09/2020;Friday;0.2009;0.20100000000000015;1.0;0.6503845016603639;0.9734219429245977;1.0;0.20100000000000015;12.0;1.0;1.0;0.20100000000000015;12.0;1.0;1.0;0.20100000000000015;12.0;1.0;Now
08:32:43 05/09/2020;Saturday;0.201;0.20100000000000015;1.0;0.6503845016603639;0.9734219429245977;0.46875;0.20100000000000015;5.625;0.46875;1.0;0.20150000000000015;12.0;1.0;1.0;0.20150000000000015;12.0;1.0;Now
14:10:13 05/09/2020;Saturday;0.2011;0.20200000000000015;1.0;0.6496152707564684;0.9601093522220244;1.0;0.20200000000000015;12.0;1.0;1.0;0.20200000000000015;12.0;1.0;1.0;0.20200000000000015;12.0;1.0;Now
23:51:44 05/09/2020;Saturday;0.201;0.20200000000000015;1.0;0.6496152707564684;0.9601093522220244;1.0;0.20200000000000015;12.0;1.0;1.0;0.20133333333333348;12.0;1.0;1.0;0.20200000000000015;12.0;1.0;Now
06:19:43 06/09/2020;Sunday;0.2009;0.20100000000000015;1.0;0.6503845016603639;0.9734219429245977;1.0;0.20100000000000015;12.0;1.0;1.0;0.20100000000000015;12.0;1.0;1.0;0.20100000000000015;12.0;1.0;Now
11:14:51 06/09/2020;Sunday;0.2008;0.20100000000000015;1.0;0.6503845016603639;0.9734219429245977;1.0;0.20100000000000015;12.0;1.0;1.0;0.20100000000000015;12.0;1.0;1.0;0.20100000000000015;12.0;1.0;Now
18:16:30 06/09/2020;Sunday;0.2007;0.20100000000000015;1.0;0.6503845016603639;0.9734219429245977;1.0;0.20100000000000015;12.0;1.0;1.0;0.20100000000000015;12.0;1.0;1.0;0.20100000000000015;12.0;1.0;Now
00:44:13 07/09/2020;Monday;0.2006;0.20100000000000015;1.0;0.6503845016603639;0.9734219429245977;1.0;0.20100000000000015;12.0;1.0;1.0;0.20100000000000015;12.0;1.0;1.0;0.20100000000000015;12.0;1.0;Now
11:58:43 07/09/2020;Monday;0.2005;0.20100000000000015;1.0;0.6503845016603639;0.9734219429245977;1.0;0.20100000000000015;12.0;1.0;1.0;0.20100000000000015;12.0;1.0;1.0;0.20100000000000015;12.0;1.0;Now
19:25:46 07/09/2020;Monday;0.2001;0.20100000000000015;1.0;0.6503845016603639;0.9734219429245977;1.0;0.20100000000000015;12.0;1.0;1.0;0.20100000000000015;12.0;1.0;1.0;0.20100000000000015;12.0;1.0;Now
01:02:45 08/09/2020;Tuesday;0.1995;0.20100000000000015;1.0;0.6503845016603639;0.9734219429245977;1.0;0.20100000000000015;12.0;1.0;1.0;0.20100000000000015;12.0;1.0;1.0;0.20100000000000015;12.0;1.0;Now
05:49:13 08/09/2020;Tuesday;0.1994;0.20100000000000015;1.0;0.6503845016603639;0.9734219429245977;1.0;0.20100000000000015;12.0;1.0;1.0;0.20100000000000015;12.0;1.0;1.0;0.20100000000000015;12.0;1.0;Now
20:13:33 08/09/2020;Tuesday;0.1991;0.20000000000000015;1.0;0.6511528238439881;0.9867188069825796;1.0;0.20000000000000015;12.0;1.0;1.0;0.20000000000000015;12.0;1.0;1.0;0.20000000000000015;12.0;1.0;Now
01:43:29 09/09/2020;Wednesday;0.1989;0.20000000000000015;1.0;0.6511528238439881;0.9867188069825796;1.0;0.20000000000000015;12.0;1.0;1.0;0.20000000000000015;12.0;1.0;1.0;0.20000000000000015;12.0;1.0;Now
17:10:29 09/09/2020;Wednesday;0.199;0.19900000000000015;1.0;0.6519202405202648;1.0;0.5742361111111111;0.19900000000000015;6.890833333333333;0.5742361111111111;1.0;0.19950000000000015;12.0;1.0;0.5742361111111111;0.19900000000000015;6.890833333333333;0.5742361111111111;Now
00:03:56 10/09/2020;Thursday;0.1991;0.20000000000000015;1.0;0.6511528238439881;0.9867188069825796;1.0;0.20000000000000015;12.0;1.0;1.0;0.20000000000000015;12.0;1.0;1.0;0.20000000000000015;12.0;1.0;Now
07:13:28 10/09/2020;Thursday;0.1993;0.20000000000000015;1.0;0.6511528238439881;0.9867188069825796;1.0;0.20000000000000015;12.0;1.0;1.0;0.20000000000000015;12.0;1.0;1.0;0.20000000000000015;12.0;1.0;Now
14:14:56 10/09/2020;Thursday;0.1994;0.20000000000000015;1.0;0.6511528238439881;0.9867188069825796;1.0;0.20000000000000015;12.0;1.0;1.0;0.20000000000000015;12.0;1.0;1.0;0.20000000000000015;12.0;1.0;Now
20:16:34 10/09/2020;Thursday;0.1995;0.20000000000000015;1.0;0.6511528238439881;0.9867188069825796;0.8763425925925926;0.20000000000000015;10.516111111111112;0.8763425925925926;1.0;0.20033333333333347;12.0;1.0;0.8763425925925926;0.20000000000000015;10.516111111111112;0.8763425925925926;Now
01:44:30 11/09/2020;Friday;0.1998;0.20000000000000015;1.0;0.6511528238439881;0.9867188069825796;0.4208796296296296;0.20000000000000015;5.0505555555555555;0.4208796296296296;1.0;0.2006666666666668;12.0;1.0;1.0;0.20050000000000015;12.0;1.0;Now
06:47:32 11/09/2020;Friday;0.2001;0.20100000000000015;1.0;0.6503845016603639;0.9734219429245977;1.0;0.20100000000000015;12.0;1.0;1.0;0.20100000000000015;12.0;1.0;1.0;0.20100000000000015;12.0;1.0;Now
13:23:31 11/09/2020;Friday;0.2005;0.20100000000000015;1.0;0.6503845016603639;0.9734219429245977;1.0;0.20100000000000015;12.0;1.0;1.0;0.20100000000000015;12.0;1.0;1.0;0.20100000000000015;12.0;1.0;Now
19:26:09 11/09/2020;Friday;0.2007;0.20100000000000015;1.0;0.6503845016603639;0.9734219429245977;1.0;0.20100000000000015;12.0;1.0;1.0;0.20100000000000015;12.0;1.0;1.0;0.20100000000000015;12.0;1.0;Now
00:54:29 12/09/2020;Saturday;0.201;0.20100000000000015;1.0;0.6503845016603639;0.9734219429245977;0.5618287037037037;0.20100000000000015;6.741944444444444;0.5618287037037037;1.0;0.20150000000000015;12.0;1.0;0.5618287037037037;0.20100000000000015;6.741944444444444;0.5618287037037037;Now
07:39:00 12/09/2020;Saturday;0.2016;0.20200000000000015;1.0;0.6496152707564684;0.9601093522220244;1.0;0.20200000000000015;12.0;1.0;1.0;0.20200000000000015;12.0;1.0;1.0;0.20200000000000015;12.0;1.0;Now
15:05:31 12/09/2020;Saturday;0.2019;0.20200000000000015;1.0;0.6496152707564684;0.9601093522220244;1.0;0.20200000000000015;12.0;1.0;1.0;0.20200000000000015;12.0;1.0;1.0;0.20200000000000015;12.0;1.0;Now
00:03:57 13/09/2020;Sunday;0.2019;0.20200000000000015;1.0;0.6496152707564684;0.9601093522220244;0.6524537037037037;0.20200000000000015;7.829444444444444;0.6524537037037037;1.0;0.20233333333333348;12.0;1.0;0.6524537037037037;0.20200000000000015;7.829444444444444;0.6524537037037037;Now
02:16:54 13/09/2020;Sunday;0.202;0.20200000000000015;1.0;0.6496152707564684;0.9601093522220244;0.4678009259259259;0.20200000000000015;5.613611111111111;0.4678009259259259;1.0;0.2026666666666668;12.0;1.0;0.4678009259259259;0.20200000000000015;5.613611111111111;0.4678009259259259;Now
07:53:43 13/09/2020;Sunday;0.2022;0.20300000000000015;1.0;0.6488451279003332;0.946780978941234;1.0;0.20300000000000015;12.0;1.0;1.0;0.20300000000000015;12.0;1.0;1.0;0.20300000000000015;12.0;1.0;Now
12:40:18 13/09/2020;Sunday;0.2023;0.20300000000000015;1.0;0.6488451279003332;0.946780978941234;1.0;0.20300000000000015;12.0;1.0;1.0;0.20300000000000015;12.0;1.0;1.0;0.20300000000000015;12.0;1.0;Now
18:42:56 13/09/2020;Sunday;0.2025;0.20300000000000015;1.0;0.6488451279003332;0.946780978941234;1.0;0.20300000000000015;12.0;1.0;1.0;0.20300000000000015;12.0;1.0;1.0;0.20300000000000015;12.0;1.0;Now
01:35:43 14/09/2020;Monday;0.2027;0.20300000000000015;1.0;0.6488451279003332;0.946780978941234;1.0;0.20300000000000015;12.0;1.0;1.0;0.20300000000000015;12.0;1.0;1.0;0.20300000000000015;12.0;1.0;Now
08:37:13 14/09/2020;Monday;0.2029;0.20300000000000015;1.0;0.6488451279003332;0.946780978941234;0.5388888888888889;0.20300000000000015;6.466666666666667;0.5388888888888889;1.0;0.20350000000000015;12.0;1.0;0.5388888888888889;0.20300000000000015;6.466666666666667;0.5388888888888889;Now
15:05:13 14/09/2020;Monday;0.2031;0.20400000000000015;1.0;0.6480740698407859;0.9334367668162499;1.0;0.20400000000000015;12.0;1.0;1.0;0.20400000000000015;12.0;1.0;1.0;0.20400000000000015;12.0;1.0;Now
21:49:43 14/09/2020;Monday;0.2036;0.20400000000000015;1.0;0.6480740698407859;0.9334367668162499;0.8316898148148149;0.20400000000000015;9.980277777777777;0.8316898148148149;1.0;0.20433333333333348;12.0;1.0;0.8316898148148149;0.20400000000000015;9.980277777777777;0.8316898148148149;Now
03:01:44 15/09/2020;Tuesday;0.2039;0.20400000000000015;1.0;0.6480740698407859;0.9334367668162499;0.3983333333333333;0.20400000000000015;4.78;0.3983333333333333;1.0;0.2046666666666668;12.0;1.0;1.0;0.20450000000000015;12.0;1.0;Now
07:48:32 15/09/2020;Tuesday;0.2042;0.20500000000000015;1.0;0.6473020933072902;0.9200766592459797;1.0;0.20500000000000015;12.0;1.0;1.0;0.20500000000000015;12.0;1.0;1.0;0.20500000000000015;12.0;1.0;Now
13:25:21 15/09/2020;Tuesday;0.2045;0.20500000000000015;1.0;0.6473020933072902;0.9200766592459797;0.5327083333333333;0.20500000000000015;6.3925;0.5327083333333333;1.0;0.20600000000000016;12.0;1.0;0.5327083333333333;0.20500000000000015;6.3925;0.5327083333333333;Now
19:48:54 15/09/2020;Tuesday;0.2057;0.20600000000000016;1.0;0.6465291950097843;0.9067005992914138;0.46261574074074074;0.20600000000000016;5.551388888888889;0.46261574074074074;1.0;0.20650000000000016;12.0;1.0;1.0;0.20650000000000016;12.0;1.0;Now
01:21:59 16/09/2020;Wednesday;0.2067;0.20700000000000016;1.0;0.6457553716385175;0.8933085296727951;0.6207638888888889;0.20700000000000016;7.449166666666667;0.6207638888888889;1.0;0.20750000000000016;12.0;1.0;0.6207638888888889;0.20700000000000016;7.449166666666667;0.6207638888888889;Now
08:48:56 16/09/2020;Wednesday;0.2072;0.20800000000000016;1.0;0.6449806198638838;0.8799003927667505;0.8446990740740741;0.20800000000000016;10.136388888888888;0.8446990740740741;1.0;0.20833333333333348;12.0;1.0;0.8446990740740741;0.20800000000000016;10.136388888888888;0.8446990740740741;Now
14:09:59 16/09/2020;Wednesday;0.2077;0.20800000000000016;1.0;0.6449806198638838;0.8799003927667505;0.3987962962962963;0.20800000000000016;4.785555555555556;0.3987962962962963;1.0;0.20900000000000016;12.0;1.0;0.9024305555555555;0.20850000000000016;10.829166666666667;0.9024305555555555;Now
18:57:07 16/09/2020;Wednesday;0.2084;0.20900000000000016;1.0;0.6442049363362561;0.8664761306034106;0.5036342592592593;0.20900000000000016;6.043611111111111;0.5036342592592593;1.0;0.20950000000000016;12.0;1.0;0.5036342592592593;0.20900000000000016;6.043611111111111;0.5036342592592593;Now
00:59:44 17/09/2020;Thursday;0.2094;0.21000000000000016;1.0;0.6434283176858163;0.8530356848634739;0.621550925925926;0.21000000000000016;7.458611111111111;0.621550925925926;1.0;0.21050000000000016;12.0;1.0;0.621550925925926;0.21000000000000016;7.458611111111111;0.621550925925926;Now
08:27:15 17/09/2020;Thursday;0.2103;0.21100000000000016;1.0;0.642650760522385;0.8395789968752576;1.0;0.21100000000000016;12.0;1.0;1.0;0.21100000000000016;12.0;1.0;1.0;0.21100000000000016;12.0;1.0;Now
13:14:13 17/09/2020;Thursday;0.2109;0.21100000000000016;1.0;0.642650760522385;0.8395789968752576;0.6208101851851852;0.21100000000000016;7.449722222222222;0.6208101851851852;1.0;0.21150000000000016;12.0;1.0;0.6208101851851852;0.21100000000000016;7.449722222222222;0.6208101851851852;Now
20:41:12 17/09/2020;Thursday;0.2119;0.21200000000000016;1.0;0.6418722614352483;0.8261060076117037;0.4221990740740741;0.21200000000000016;5.066388888888889;0.4221990740740741;1.0;0.21300000000000016;12.0;1.0;0.4221990740740741;0.21200000000000016;5.066388888888889;0.4221990740740741;Now
01:45:11 18/09/2020;Friday;0.213;0.21300000000000016;1.0;0.6410928169929841;0.8126166576873685;0.4103935185185185;0.21300000000000016;4.924722222222222;0.4103935185185185;1.0;0.21400000000000016;12.0;1.0;0.4103935185185185;0.21300000000000016;4.924722222222222;0.4103935185185185;Now
06:40:40 18/09/2020;Friday;0.2138;0.21400000000000016;1.0;0.6403124237432847;0.7991108873553538;0.3869212962962963;0.21400000000000016;4.643055555555556;0.3869212962962963;1.0;0.21500000000000016;12.0;1.0;0.9611111111111111;0.21450000000000016;11.533333333333333;0.9611111111111111;Now
11:19:15 18/09/2020;Friday;0.2144;0.21500000000000016;1.0;0.6395310782127791;0.7855886365042373;0.5741898148148148;0.21500000000000016;6.8902777777777775;0.5741898148148148;1.0;0.21550000000000016;12.0;1.0;0.5741898148148148;0.21500000000000016;6.8902777777777775;0.5741898148148148;Now
18:12:40 18/09/2020;Friday;0.2155;0.21600000000000016;1.0;0.6387487769068523;0.7720498446549336;0.5043518518518518;0.21600000000000016;6.052222222222222;0.5043518518518518;1.0;0.21700000000000016;12.0;1.0;0.5043518518518518;0.21600000000000016;6.052222222222222;0.5043518518518518;Now
00:15:48 19/09/2020;Saturday;0.2167;0.21700000000000016;1.0;0.6379655163094631;0.7584944509575524;0.46877314814814813;0.21700000000000016;5.625277777777778;0.46877314814814813;1.0;0.21800000000000017;12.0;1.0;0.996550925925926;0.21750000000000017;11.95861111111111;0.996550925925926;Now
05:53:19 19/09/2020;Saturday;0.2176;0.21800000000000017;1.0;0.6371812928829594;0.7449223941881962;0.5277777777777778;0.21800000000000017;6.333333333333333;0.5277777777777778;1.0;0.21850000000000017;12.0;1.0;0.5277777777777778;0.21800000000000017;6.333333333333333;0.5277777777777778;Now
12:13:19 19/09/2020;Saturday;0.2186;0.21900000000000017;1.0;0.6363961030678926;0.7313336127457463;0.5388657407407408;0.21900000000000017;6.466388888888889;0.5388657407407408;1.0;0.21966666666666682;12.0;1.0;0.5388657407407408;0.21900000000000017;6.466388888888889;0.5388657407407408;Now
18:41:18 19/09/2020;Saturday;0.2191;0.22000000000000017;1.0;0.6356099432828279;0.717728044648587;1.0;0.22000000000000017;12.0;1.0;1.0;0.22000000000000017;12.0;1.0;1.0;0.22000000000000017;12.0;1.0;Now
23:28:32 19/09/2020;Saturday;0.2193;0.22000000000000017;1.0;0.6356099432828279;0.717728044648587;1.0;0.22000000000000017;12.0;1.0;1.0;0.22000000000000017;12.0;1.0;1.0;0.22000000000000017;12.0;1.0;Now
04:09:23 20/09/2020;Sunday;0.2195;0.22000000000000017;1.0;0.6356099432828279;0.717728044648587;0.9619444444444445;0.22000000000000017;11.543333333333333;0.9619444444444445;1.0;0.2203333333333335;12.0;1.0;0.9619444444444445;0.22000000000000017;11.543333333333333;0.9619444444444445;Now
11:03:20 20/09/2020;Sunday;0.2199;0.22000000000000017;1.0;0.6356099432828279;0.717728044648587;0.3870138888888889;0.22000000000000017;4.644166666666667;0.3870138888888889;1.0;0.22066666666666682;12.0;1.0;1.0;0.22050000000000017;12.0;1.0;Now
15:41:59 20/09/2020;Sunday;0.2201;0.22100000000000017;1.0;0.634822809924155;0.7041056275313216;1.0;0.22100000000000017;12.0;1.0;1.0;0.22100000000000017;12.0;1.0;1.0;0.22100000000000017;12.0;1.0;Now
22:01:18 20/09/2020;Sunday;0.2205;0.22100000000000017;1.0;0.634822809924155;0.7041056275313216;1.0;0.22100000000000017;12.0;1.0;1.0;0.22100000000000017;12.0;1.0;1.0;0.22100000000000017;12.0;1.0;Now
04:12:46 21/09/2020;Monday;0.2207;0.22100000000000017;1.0;0.634822809924155;0.7041056275313216;0.996550925925926;0.22100000000000017;11.95861111111111;0.996550925925926;1.0;0.2213333333333335;12.0;1.0;0.996550925925926;0.22100000000000017;11.95861111111111;0.996550925925926;Now
09:41:52 21/09/2020;Monday;0.221;0.22100000000000017;1.0;0.634822809924155;0.7041056275313216;0.5394675925925926;0.22100000000000017;6.473611111111111;0.5394675925925926;1.0;0.22150000000000017;12.0;1.0;0.5394675925925926;0.22100000000000017;6.473611111111111;0.5394675925925926;Now
16:10:17 21/09/2020;Monday;0.2214;0.22200000000000017;1.0;0.6340346993658942;0.6904662986414255;1.0;0.22200000000000017;12.0;1.0;1.0;0.22200000000000017;12.0;1.0;1.0;0.22200000000000017;12.0;1.0;Now
22:13:17 21/09/2020;Monday;0.222;0.22200000000000017;1.0;0.6340346993658942;0.6904662986414255;0.6215277777777778;0.22200000000000017;7.458333333333333;0.6215277777777778;1.0;0.22250000000000017;12.0;1.0;0.6215277777777778;0.22200000000000017;7.458333333333333;0.6215277777777778;Now
05:40:47 22/09/2020;Tuesday;0.2229;0.22300000000000017;1.0;0.6332456079595024;0.676809994835878;0.5163194444444444;0.22300000000000017;6.195833333333334;0.5163194444444444;1.0;0.22400000000000017;12.0;1.0;0.5163194444444444;0.22300000000000017;6.195833333333334;0.5163194444444444;Now
11:52:32 22/09/2020;Tuesday;0.2237;0.22400000000000017;1.0;0.6324555320336757;0.6631366525777558;0.3984027777777778;0.22400000000000017;4.780833333333334;0.3984027777777778;1.0;0.22466666666666682;12.0;1.0;1.0;0.22450000000000017;12.0;1.0;Now
16:39:23 22/09/2020;Tuesday;0.2241;0.22500000000000017;1.0;0.6316644678941501;0.649446207932778;0.8908333333333334;0.22500000000000017;10.69;0.8908333333333334;1.0;0.2253333333333335;12.0;1.0;0.8908333333333334;0.22500000000000017;10.69;0.8908333333333334;Now
22:00:17 22/09/2020;Tuesday;0.2246;0.22500000000000017;1.0;0.6316644678941501;0.649446207932778;0.44513888888888886;0.22500000000000017;5.341666666666667;0.44513888888888886;1.0;0.22566666666666682;12.0;1.0;1.0;0.22550000000000017;12.0;1.0;Now
03:20:47 23/09/2020;Wednesday;0.2251;0.22600000000000017;1.0;0.6308724118235001;0.6357385965658208;0.95;0.22600000000000017;11.4;0.95;1.0;0.2263333333333335;12.0;1.0;0.95;0.22600000000000017;11.4;0.95;Now
09:23:58 23/09/2020;Wednesday;0.2257;0.22600000000000017;1.0;0.6308724118235001;0.6357385965658208;0.4455787037037037;0.22600000000000017;5.3469444444444445;0.4455787037037037;1.0;0.22650000000000017;12.0;1.0;1.0;0.22650000000000017;12.0;1.0;Now
14:44:47 23/09/2020;Wednesday;0.2262;0.22700000000000017;1.0;0.6300793600809345;0.6220137537373881;0.5862037037037037;0.22700000000000017;7.0344444444444445;0.5862037037037037;1.0;0.22750000000000017;12.0;1.0;0.5862037037037037;0.22700000000000017;7.0344444444444445;0.5862037037037037;Now
21:46:51 23/09/2020;Wednesday;0.2276;0.22800000000000017;1.0;0.6292853089020908;0.6082716143000492;0.6325925925925926;0.22800000000000017;7.591111111111111;0.6325925925925926;1.0;0.22850000000000018;12.0;1.0;0.6325925925925926;0.22800000000000017;7.591111111111111;0.6325925925925926;Now
05:22:19 24/09/2020;Thursday;0.2284;0.22900000000000018;1.0;0.6284902544988266;0.5945121126948283;0.9729166666666667;0.22900000000000018;11.675;0.9729166666666667;1.0;0.2293333333333335;12.0;1.0;0.9729166666666667;0.22900000000000018;11.675;0.9729166666666667;Now
11:58:50 24/09/2020;Thursday;0.229;0.22900000000000018;1.0;0.6284902544988266;0.5945121126948283;0.4221990740740741;0.22900000000000018;5.066388888888889;0.4221990740740741;1.0;0.23000000000000018;12.0;1.0;0.4221990740740741;0.22900000000000018;5.066388888888889;0.4221990740740741;Now
17:02:49 24/09/2020;Thursday;0.2295;0.23000000000000018;1.0;0.6276941930590084;0.5807351829475541;0.44601851851851854;0.23000000000000018;5.352222222222222;0.44601851851851854;1.0;0.23100000000000018;12.0;1.0;0.44601851851851854;0.23000000000000018;5.352222222222222;0.44601851851851854;Now
22:23:57 24/09/2020;Thursday;0.2308;0.23100000000000018;1.0;0.626897120746299;0.5669407586651724;0.40953703703703703;0.23100000000000018;4.914444444444444;0.40953703703703703;1.0;0.23200000000000018;12.0;1.0;0.8783333333333333;0.23150000000000018;10.54;0.8783333333333333;Now
03:18:49 25/09/2020;Friday;0.2317;0.23200000000000018;1.0;0.6260990336999409;0.5531287730320071;0.4687962962962963;0.23200000000000018;5.625555555555556;0.4687962962962963;1.0;0.23250000000000018;12.0;1.0;1.0;0.23250000000000018;12.0;1.0;Now
08:56:21 25/09/2020;Friday;0.2329;0.23300000000000018;1.0;0.6252999280345392;0.5392991588059949;0.5397222222222222;0.23300000000000018;6.476666666666667;0.5397222222222222;1.0;0.23466666666666683;12.0;1.0;0.5397222222222222;0.23300000000000018;6.476666666666667;0.5397222222222222;Now
15:24:57 25/09/2020;Friday;0.2345;0.23500000000000018;1.0;0.6236986451805069;0.5115867734522248;0.42203703703703704;0.23500000000000018;5.064444444444445;0.42203703703703704;1.0;0.2363333333333335;12.0;1.0;0.42203703703703704;0.23500000000000018;5.064444444444445;0.42203703703703704;Now
20:28:49 25/09/2020;Friday;0.236;0.23600000000000018;1.0;0.6228964600958973;0.49770386567377173;0.4805324074074074;0.23600000000000018;5.766388888888889;0.4805324074074074;1.0;0.23700000000000018;12.0;1.0;1.0;0.23700000000000018;12.0;1.0;Now
02:14:48 26/09/2020;Saturday;0.2378;0.23800000000000018;1.0;0.6212889826803625;0.46988427497834495;0.550625;0.23800000000000018;6.6075;0.550625;1.0;0.23900000000000018;12.0;1.0;0.550625;0.23800000000000018;6.6075;0.550625;Now
08:51:15 26/09/2020;Saturday;0.2392;0.24000000000000019;1.0;0.6196773353931865;0.4419925189627776;0.5044675925925926;0.24000000000000019;6.0536111111111115;0.5044675925925926;1.0;0.2410000000000002;12.0;1.0;0.5044675925925926;0.24000000000000019;6.0536111111111115;0.5044675925925926;Now
14:54:28 26/09/2020;Saturday;0.2404;0.2410000000000002;1.0;0.6188699378706319;0.4280194028313163;0.4684259259259259;0.2410000000000002;5.621111111111111;0.4684259259259259;1.0;0.2420000000000002;12.0;1.0;0.4684259259259259;0.2410000000000002;5.621111111111111;0.4684259259259259;Now
20:31:44 26/09/2020;Saturday;0.2417;0.2420000000000002;1.0;0.6180614856144976;0.4140280330956678;0.41060185185185183;0.2420000000000002;4.927222222222222;0.41060185185185183;1.0;0.2433333333333335;12.0;1.0;0.9257407407407408;0.2425000000000002;11.108888888888888;0.9257407407407408;Now
01:27:22 27/09/2020;Sunday;0.2427;0.2430000000000002;1.0;0.6172519744804384;0.40001833803228576;0.5151388888888889;0.2430000000000002;6.181666666666667;0.5151388888888889;1.0;0.2443333333333335;12.0;1.0;0.5151388888888889;0.2430000000000002;6.181666666666667;0.5151388888888889;Now
07:38:16 27/09/2020;Sunday;0.2441;0.2450000000000002;1.0;0.6156297588648553;0.37194368266909383;0.8558333333333333;0.2450000000000002;10.27;0.8558333333333333;1.0;0.24533333333333351;12.0;1.0;0.8558333333333333;0.2450000000000002;10.27;0.8558333333333333;Now
12:17:11 27/09/2020;Sunday;0.245;0.2450000000000002;1.0;0.6156297588648553;0.37194368266909383;0.4684490740740741;0.2450000000000002;5.621388888888889;0.4684490740740741;1.0;0.2460000000000002;12.0;1.0;0.4684490740740741;0.2450000000000002;5.621388888888889;0.4684490740740741;Now
17:54:28 27/09/2020;Sunday;0.2457;0.2460000000000002;1.0;0.6148170459575757;0.3578785765500842;0.4802777777777778;0.2460000000000002;5.763333333333334;0.4802777777777778;1.0;0.2470000000000002;12.0;1.0;0.4802777777777778;0.2460000000000002;5.763333333333334;0.4802777777777778;Now
23:40:16 27/09/2020;Sunday;0.2464;0.2470000000000002;1.0;0.6140032573203499;0.3437948534561089;0.4923148148148148;0.2470000000000002;5.907777777777778;0.4923148148148148;1.0;0.24766666666666684;12.0;1.0;0.4923148148148148;0.2470000000000002;5.907777777777778;0.4923148148148148;Now
05:34:44 28/09/2020;Monday;0.2471;0.2480000000000002;1.0;0.6131883886702355;0.329692439265005;0.8326851851851852;0.2480000000000002;9.992222222222223;0.8326851851851852;1.0;0.24833333333333352;12.0;1.0;0.8326851851851852;0.2480000000000002;9.992222222222223;0.8326851851851852;Now
10:30:14 28/09/2020;Monday;0.2475;0.2480000000000002;1.0;0.6131883886702355;0.329692439265005;0.42226851851851854;0.2480000000000002;5.067222222222222;0.42226851851851854;1.0;0.2490000000000002;12.0;1.0;0.42226851851851854;0.2480000000000002;5.067222222222222;0.42226851851851854;Now
15:34:16 28/09/2020;Monday;0.2483;0.2490000000000002;1.0;0.6123724356957944;0.31557125936144986;0.48050925925925925;0.2490000000000002;5.766111111111111;0.48050925925925925;1.0;0.25000000000000017;12.0;1.0;0.48050925925925925;0.2490000000000002;5.766111111111111;0.48050925925925925;Now
21:20:14 28/09/2020;Monday;0.2492;0.25000000000000017;1.0;0.6115553940568261;0.30143123863235316;0.480787037037037;0.25000000000000017;5.769444444444445;0.480787037037037;1.0;0.25100000000000017;12.0;1.0;0.480787037037037;0.25000000000000017;5.769444444444445;0.480787037037037;Now
03:06:24 29/09/2020;Tuesday;0.2503;0.25100000000000017;1.0;0.6107372593840987;0.2872723014621901;0.4685416666666667;0.25100000000000017;5.6225;0.4685416666666667;1.0;0.25150000000000017;12.0;1.0;1.0;0.25150000000000017;12.0;1.0;Now
08:43:45 29/09/2020;Tuesday;0.2511;0.25200000000000017;1.0;0.6099180272790761;0.2730943717282902;1.0;0.25200000000000017;12.0;1.0;1.0;0.25200000000000017;12.0;1.0;1.0;0.25200000000000017;12.0;1.0;Now
15:45:44 29/09/2020;Tuesday;0.2519;0.25200000000000017;1.0;0.6099180272790761;0.2730943717282902;0.5510416666666667;0.25200000000000017;6.6125;0.5510416666666667;1.0;0.25300000000000017;12.0;1.0;0.5510416666666667;0.25200000000000017;6.6125;0.5510416666666667;Now
22:22:29 29/09/2020;Tuesday;0.2527;0.25300000000000017;1.0;0.6090976933136423;0.25889737279606445;0.44546296296296295;0.25300000000000017;5.345555555555555;0.44546296296296295;1.0;0.25400000000000017;12.0;1.0;0.44546296296296295;0.25300000000000017;5.345555555555555;0.44546296296296295;Now
03:43:13 30/09/2020;Wednesday;0.2536;0.25400000000000017;1.0;0.6082762530298218;0.24468122751416133;0.421875;0.25400000000000017;5.0625;0.421875;1.0;0.25500000000000017;12.0;1.0;0.421875;0.25400000000000017;5.0625;0.421875;Now
08:46:58 30/09/2020;Wednesday;0.2545;0.25500000000000017;1.0;0.6074537019394974;0.2304458582095868;0.4454398148148148;0.25500000000000017;5.345277777777778;0.4454398148148148;1.0;0.25550000000000017;12.0;1.0;1.0;0.25550000000000017;12.0;1.0;Now
14:07:41 30/09/2020;Wednesday;0.2554;0.25600000000000017;1.0;0.6066300355241239;0.21619118668274687;;;;;;;;;;;;;Now
20:53:16 30/09/2020;Wednesday;0.256;0.25600000000000017;1.0;0.6066300355241239;0.21619118668274687;;;;;;;;;;;;;Now
