11:27:48 01/01/2020;Wednesday;0.451;0.46000000000000035;1.0;0.6633249580710797;0.0;1.0;0.46000000000000035;12.0;1.0;1.0;0.45400000000000035;12.0;1.0;1.0;0.46000000000000035;12.0;1.0;Now
17:37:10 01/01/2020;Wednesday;0.4407;0.45100000000000035;1.0;0.6700746227100379;0.07757495025454766;1.0;0.45100000000000035;12.0;1.0;1.0;0.44766666666666705;12.0;1.0;1.0;0.45100000000000035;12.0;1.0;Now
22:38:44 01/01/2020;Wednesday;0.4322;0.45100000000000035;1.0;0.6700746227100379;0.07757495025454766;1.0;0.45100000000000035;12.0;1.0;1.0;0.44166666666666704;12.0;1.0;1.0;0.45100000000000035;12.0;1.0;Now
04:21:44 02/01/2020;Thursday;0.424;0.44100000000000034;1.0;0.6774953874381726;0.16286295868582326;1.0;0.44100000000000034;12.0;1.0;1.0;0.432666666666667;12.0;1.0;1.0;0.43700000000000033;12.0;1.0;Now
09:23:27 02/01/2020;Thursday;0.4178;0.43300000000000033;1.0;0.6833739825307953;0.23042657054954085;1.0;0.43300000000000033;12.0;1.0;1.0;0.4250000000000003;12.0;1.0;1.0;0.43300000000000033;12.0;1.0;Now
15:40:16 02/01/2020;Thursday;0.4118;0.4240000000000003;1.0;0.6899275324264134;0.3057475434181628;1.0;0.4240000000000003;12.0;1.0;1.0;0.4165000000000003;12.0;1.0;1.0;0.4240000000000003;12.0;1.0;Now
20:41:54 02/01/2020;Thursday;0.4047;0.4180000000000003;1.0;0.6942621983083911;0.3555665356424058;1.0;0.4180000000000003;12.0;1.0;1.0;0.4140000000000003;12.0;1.0;1.0;0.4140000000000003;12.0;1.0;Now
22:55:00 02/01/2020;Thursday;0.4047;0.4120000000000003;1.0;0.698569967862919;0.40507640417302054;1.0;0.4120000000000003;12.0;1.0;1.0;0.409666666666667;12.0;1.0;1.0;0.4120000000000003;12.0;1.0;Now
03:06:53 03/01/2020;Friday;0.4028;0.4120000000000003;1.0;0.698569967862919;0.40507640417302054;1.0;0.4120000000000003;12.0;1.0;1.0;0.4085000000000003;12.0;1.0;1.0;0.4120000000000003;12.0;1.0;Now
10:05:49 03/01/2020;Friday;0.4014;0.4050000000000003;1.0;0.7035623639735142;0.46245479267769696;1.0;0.4050000000000003;12.0;1.0;1.0;0.4030000000000003;12.0;1.0;1.0;0.4050000000000003;12.0;1.0;Now
16:06:04 03/01/2020;Friday;0.4007;0.4020000000000003;1.0;0.7056911505750938;0.4869212696885564;1.0;0.4020000000000003;12.0;1.0;1.0;0.401666666666667;12.0;1.0;1.0;0.4020000000000003;12.0;1.0;Now
21:49:34 03/01/2020;Friday;0.3989;0.4020000000000003;1.0;0.7056911505750938;0.4869212696885564;1.0;0.4020000000000003;12.0;1.0;1.0;0.40066666666666695;12.0;1.0;1.0;0.4020000000000003;12.0;1.0;Now
02:50:48 04/01/2020;Saturday;0.3977;0.4010000000000003;1.0;0.7063993204979743;0.4950603772557879;1.0;0.4010000000000003;12.0;1.0;1.0;0.4000000000000003;12.0;1.0;1.0;0.4000000000000003;12.0;1.0;Now
08:34:23 04/01/2020;Saturday;0.398;0.3990000000000003;1.0;0.7078135347674553;0.511314162809969;1.0;0.3990000000000003;12.0;1.0;1.0;0.3985000000000003;12.0;1.0;1.0;0.3990000000000003;12.0;1.0;Now
15:58:00 04/01/2020;Saturday;0.3962;0.3980000000000003;1.0;0.7085195833567339;0.5194288895586795;1.0;0.3980000000000003;12.0;1.0;1.0;0.3973333333333336;12.0;1.0;1.0;0.3975000000000003;12.0;1.0;Now
20:34:35 04/01/2020;Saturday;0.3956;0.3970000000000003;1.0;0.7092249290598855;0.5275355379273148;1.0;0.3970000000000003;12.0;1.0;1.0;0.3970000000000003;12.0;1.0;1.0;0.3970000000000003;12.0;1.0;Now
03:16:28 05/01/2020;Sunday;0.3948;0.3970000000000003;1.0;0.7092249290598855;0.5275355379273148;1.0;0.3970000000000003;12.0;1.0;1.0;0.3965000000000003;12.0;1.0;1.0;0.3970000000000003;12.0;1.0;Now
10:15:30 05/01/2020;Sunday;0.3954;0.3960000000000003;1.0;0.7099295739719538;0.5356341319945379;1.0;0.3960000000000003;12.0;1.0;1.0;0.3960000000000003;12.0;1.0;1.0;0.3960000000000003;12.0;1.0;Now
21:59:07 05/01/2020;Sunday;0.3947;0.3960000000000003;1.0;0.7099295739719538;0.5356341319945379;1.0;0.3960000000000003;12.0;1.0;1.0;0.3955000000000003;12.0;1.0;1.0;0.3960000000000003;12.0;1.0;Now
04:49:36 06/01/2020;Monday;0.3939;0.3950000000000003;1.0;0.7106335201775945;0.543724695719625;1.0;0.3950000000000003;12.0;1.0;1.0;0.3945000000000003;12.0;1.0;1.0;0.3950000000000003;12.0;1.0;Now
11:40:00 06/01/2020;Monday;0.3926;0.3940000000000003;1.0;0.7113367697511495;0.551807252943309;1.0;0.3940000000000003;12.0;1.0;1.0;0.3933333333333336;12.0;1.0;1.0;0.3940000000000003;12.0;1.0;Now
17:06:33 06/01/2020;Monday;0.3913;0.3930000000000003;1.0;0.7120393247567157;0.5598818273885808;1.0;0.3930000000000003;12.0;1.0;1.0;0.3930000000000003;12.0;1.0;1.0;0.3930000000000003;12.0;1.0;Now
22:24:46 06/01/2020;Monday;0.3903;0.3930000000000003;1.0;0.7120393247567157;0.5598818273885808;1.0;0.3930000000000003;12.0;1.0;1.0;0.3920000000000003;12.0;1.0;1.0;0.3930000000000003;12.0;1.0;Now
05:48:55 07/01/2020;Tuesday;0.3897;0.3910000000000003;1.0;0.7134423592694785;0.5760071222520878;1.0;0.3910000000000003;12.0;1.0;1.0;0.3910000000000003;12.0;1.0;1.0;0.3910000000000003;12.0;1.0;Now
11:48:37 07/01/2020;Tuesday;0.3901;0.3910000000000003;1.0;0.7134423592694785;0.5760071222520878;1.0;0.3910000000000003;12.0;1.0;1.0;0.3910000000000003;12.0;1.0;1.0;0.3910000000000003;12.0;1.0;Now
17:15:05 07/01/2020;Tuesday;0.3892;0.3910000000000003;1.0;0.7134423592694785;0.5760071222520878;1.0;0.3910000000000003;12.0;1.0;1.0;0.3905000000000003;12.0;1.0;1.0;0.3910000000000003;12.0;1.0;Now
00:39:04 08/01/2020;Wednesday;0.3897;0.3900000000000003;1.0;0.7141428428542849;0.5840578895349297;1.0;0.3900000000000003;12.0;1.0;1.0;0.3900000000000003;12.0;1.0;1.0;0.3900000000000003;12.0;1.0;Now
06:39:05 08/01/2020;Wednesday;0.3899;0.3900000000000003;1.0;0.7141428428542849;0.5840578895349297;0.6055555555555555;0.3900000000000003;7.266666666666667;0.6055555555555555;1.0;0.3905000000000003;12.0;1.0;0.6055555555555555;0.3900000000000003;7.266666666666667;0.6055555555555555;Now
13:55:05 08/01/2020;Wednesday;0.3902;0.3910000000000003;1.0;0.7134423592694785;0.5760071222520878;1.0;0.3910000000000003;12.0;1.0;1.0;0.3910000000000003;12.0;1.0;1.0;0.3910000000000003;12.0;1.0;Now
20:36:56 08/01/2020;Wednesday;0.3901;0.3910000000000003;1.0;0.7134423592694785;0.5760071222520878;1.0;0.3910000000000003;12.0;1.0;1.0;0.3910000000000003;12.0;1.0;1.0;0.3910000000000003;12.0;1.0;Now
03:52:40 09/01/2020;Thursday;0.3908;0.3910000000000003;1.0;0.7134423592694785;0.5760071222520878;0.47675925925925927;0.3910000000000003;5.721111111111111;0.47675925925925927;1.0;0.3915000000000003;12.0;1.0;1.0;0.3915000000000003;12.0;1.0;Now
09:35:56 09/01/2020;Thursday;0.3916;0.3920000000000003;1.0;0.7127411872482183;0.5679484426615214;1.0;0.3920000000000003;12.0;1.0;1.0;0.3920000000000003;12.0;1.0;1.0;0.3920000000000003;12.0;1.0;Now
21:27:42 09/01/2020;Thursday;0.3906;0.3920000000000003;1.0;0.7127411872482183;0.5679484426615214;1.0;0.3920000000000003;12.0;1.0;1.0;0.3915000000000003;12.0;1.0;1.0;0.3920000000000003;12.0;1.0;Now
03:36:10 10/01/2020;Friday;0.3895;0.3910000000000003;1.0;0.7134423592694785;0.5760071222520878;1.0;0.3910000000000003;12.0;1.0;1.0;0.3905000000000003;12.0;1.0;1.0;0.3910000000000003;12.0;1.0;Now
10:18:42 10/01/2020;Friday;0.3886;0.3900000000000003;1.0;0.7141428428542849;0.5840578895349297;1.0;0.3900000000000003;12.0;1.0;1.0;0.3893333333333336;12.0;1.0;1.0;0.3900000000000003;12.0;1.0;Now
16:43:42 10/01/2020;Friday;0.388;0.3890000000000003;1.0;0.7148426400264605;0.5921007677701623;1.0;0.3890000000000003;12.0;1.0;1.0;0.3890000000000003;12.0;1.0;1.0;0.3890000000000003;12.0;1.0;Now
21:20:11 10/01/2020;Friday;0.3877;0.3890000000000003;1.0;0.7148426400264605;0.5921007677701623;1.0;0.3890000000000003;12.0;1.0;1.0;0.3885000000000003;12.0;1.0;1.0;0.3890000000000003;12.0;1.0;Now
04:44:12 11/01/2020;Saturday;0.3864;0.3880000000000003;1.0;0.7155417527999326;0.6001357801041661;1.0;0.3880000000000003;12.0;1.0;1.0;0.3875000000000003;12.0;1.0;1.0;0.3880000000000003;12.0;1.0;Now
11:09:52 11/01/2020;Saturday;0.3858;0.3870000000000003;1.0;0.7162401831787991;0.6081629495703513;1.0;0.3870000000000003;12.0;1.0;1.0;0.38633333333333364;12.0;1.0;1.0;0.3870000000000003;12.0;1.0;Now
17:26:12 11/01/2020;Saturday;0.3848;0.3860000000000003;1.0;0.7169379331573967;0.6161822990899412;1.0;0.3860000000000003;12.0;1.0;1.0;0.3860000000000003;12.0;1.0;1.0;0.3860000000000003;12.0;1.0;Now
22:45:03 11/01/2020;Saturday;0.3832;0.3860000000000003;1.0;0.7169379331573967;0.6161822990899412;1.0;0.3860000000000003;12.0;1.0;1.0;0.3850000000000003;12.0;1.0;1.0;0.3860000000000003;12.0;1.0;Now
09:13:03 12/01/2020;Sunday;0.3825;0.3840000000000003;1.0;0.7183313998427187;0.6321976294178049;1.0;0.3840000000000003;12.0;1.0;1.0;0.3835000000000003;12.0;1.0;1.0;0.3840000000000003;12.0;1.0;Now
15:46:33 12/01/2020;Sunday;0.3818;0.3830000000000003;1.0;0.7190271204899017;0.6401936555143869;1.0;0.3830000000000003;12.0;1.0;1.0;0.38233333333333364;12.0;1.0;1.0;0.3830000000000003;12.0;1.0;Now
21:55:08 12/01/2020;Sunday;0.3814;0.3820000000000003;1.0;0.7197221686178631;0.6481819522424809;1.0;0.3820000000000003;12.0;1.0;1.0;0.3820000000000003;12.0;1.0;1.0;0.3820000000000003;12.0;1.0;Now
03:38:41 13/01/2020;Monday;0.379;0.3820000000000003;1.0;0.7197221686178631;0.6481819522424809;1.0;0.3820000000000003;12.0;1.0;1.0;0.3800000000000003;12.0;1.0;1.0;0.3820000000000003;12.0;1.0;Now
10:28:40 13/01/2020;Monday;0.3783;0.3790000000000003;1.0;0.7218032973047434;0.6721006893936894;1.0;0.3790000000000003;12.0;1.0;1.0;0.3790000000000003;12.0;1.0;1.0;0.3790000000000003;12.0;1.0;Now
12:27:02 13/01/2020;Monday;0.3783;0.3790000000000003;1.0;0.7218032973047434;0.6721006893936894;1.0;0.3790000000000003;12.0;1.0;1.0;0.3790000000000003;12.0;1.0;1.0;0.3790000000000003;12.0;1.0;Now
17:10:57 13/01/2020;Monday;0.3787;0.3790000000000003;1.0;0.7218032973047434;0.6721006893936894;1.0;0.3790000000000003;12.0;1.0;1.0;0.3790000000000003;12.0;1.0;1.0;0.3790000000000003;12.0;1.0;Now
23:36:35 13/01/2020;Monday;0.3768;0.3790000000000003;1.0;0.7218032973047434;0.6721006893936894;1.0;0.3790000000000003;12.0;1.0;1.0;0.3780000000000003;12.0;1.0;1.0;0.3790000000000003;12.0;1.0;Now
06:35:02 14/01/2020;Tuesday;0.375;0.3770000000000003;1.0;0.7231873892705816;0.6880082746058328;1.0;0.3770000000000003;12.0;1.0;1.0;0.3760000000000003;12.0;1.0;1.0;0.3770000000000003;12.0;1.0;Now
14:00:27 14/01/2020;Tuesday;0.3738;0.3750000000000003;1.0;0.7245688373094717;0.7038854727524786;1.0;0.3750000000000003;12.0;1.0;1.0;0.3745000000000003;12.0;1.0;1.0;0.3750000000000003;12.0;1.0;Now
21:20:18 14/01/2020;Tuesday;0.3732;0.3740000000000003;1.0;0.7252585745787496;0.7118127309519615;1.0;0.3740000000000003;12.0;1.0;1.0;0.3740000000000003;12.0;1.0;1.0;0.3740000000000003;12.0;1.0;Now
04:14:12 15/01/2020;Wednesday;0.3735;0.3740000000000003;1.0;0.7252585745787496;0.7118127309519615;1.0;0.3740000000000003;12.0;1.0;1.0;0.3740000000000003;12.0;1.0;1.0;0.3740000000000003;12.0;1.0;Now
10:56:11 15/01/2020;Wednesday;0.3722;0.3740000000000003;1.0;0.7252585745787496;0.7118127309519615;0.9896527777777778;0.3740000000000003;11.875833333333333;0.9896527777777778;1.0;0.3746666666666669;12.0;1.0;0.9896527777777778;0.3740000000000003;11.875833333333333;0.9896527777777778;Now
17:30:11 15/01/2020;Wednesday;0.3734;0.3740000000000003;1.0;0.7252585745787496;0.7118127309519615;0.44243055555555555;0.3740000000000003;5.309166666666667;0.44243055555555555;1.0;0.3750000000000003;12.0;1.0;1.0;0.3750000000000003;12.0;1.0;Now
22:48:44 15/01/2020;Wednesday;0.3754;0.3760000000000003;1.0;0.7238784428341541;0.6959506611813006;0.5930555555555556;0.3760000000000003;6.7075;0.5589583333333333;1.0;0.3766666666666669;12.0;1.0;0.5930555555555556;0.3760000000000003;6.7075;0.5589583333333333;Now
05:31:11 16/01/2020;Thursday;0.3763;0.3770000000000003;1.0;0.7231873892705816;0.6880082746058328;1.0;0.3770000000000003;12.0;1.0;1.0;0.3770000000000003;12.0;1.0;1.0;0.3770000000000003;12.0;1.0;Now
10:24:11 16/01/2020;Thursday;0.3754;0.3770000000000003;1.0;0.7231873892705816;0.6880082746058328;1.0;0.3770000000000003;12.0;1.0;1.0;0.3770000000000003;12.0;1.0;1.0;0.3770000000000003;12.0;1.0;Now
16:16:11 16/01/2020;Thursday;0.3751;0.3770000000000003;1.0;0.7231873892705816;0.6880082746058328;1.0;0.3770000000000003;12.0;1.0;1.0;0.3765000000000003;12.0;1.0;1.0;0.3770000000000003;12.0;1.0;Now
22:50:12 16/01/2020;Thursday;0.3755;0.3760000000000003;1.0;0.7238784428341541;0.6959506611813006;1.0;0.3760000000000003;12.0;1.0;1.0;0.3760000000000003;12.0;1.0;1.0;0.3760000000000003;12.0;1.0;Now
05:15:45 17/01/2020;Friday;0.3759;0.3760000000000003;1.0;0.7238784428341541;0.6959506611813006;0.5933333333333334;0.3760000000000003;7.12;0.5933333333333334;1.0;0.3765000000000003;12.0;1.0;0.5933333333333334;0.3760000000000003;7.12;0.5933333333333334;Now
12:22:57 17/01/2020;Friday;0.3763;0.3770000000000003;1.0;0.7231873892705816;0.6880082746058328;0.8960185185185185;0.3770000000000003;10.752222222222223;0.8960185185185185;1.0;0.3773333333333336;12.0;1.0;0.8960185185185185;0.3770000000000003;10.752222222222223;0.8960185185185185;Now
17:41:23 17/01/2020;Friday;0.3761;0.3770000000000003;1.0;0.7231873892705816;0.6880082746058328;0.45375;0.3770000000000003;5.445;0.45375;1.0;0.377666666666667;12.0;1.0;1.0;0.3775000000000003;12.0;1.0;Now
23:08:05 17/01/2020;Friday;0.3773;0.3780000000000003;1.0;0.7224956747275376;0.68005829129003;1.0;0.3780000000000003;12.0;1.0;1.0;0.3780000000000003;12.0;1.0;1.0;0.3780000000000003;12.0;1.0;Now
05:25:24 18/01/2020;Saturday;0.378;0.3780000000000003;1.0;0.7224956747275376;0.68005829129003;1.0;0.3780000000000003;12.0;1.0;1.0;0.3780000000000003;12.0;1.0;1.0;0.3780000000000003;12.0;1.0;Now
11:25:23 18/01/2020;Saturday;0.3769;0.3780000000000003;1.0;0.7224956747275376;0.68005829129003;1.0;0.3780000000000003;12.0;1.0;1.0;0.377666666666667;12.0;1.0;1.0;0.3780000000000003;12.0;1.0;Now
16:10:24 18/01/2020;Saturday;0.3768;0.3780000000000003;1.0;0.7224956747275376;0.68005829129003;1.0;0.3780000000000003;12.0;1.0;1.0;0.3775000000000003;12.0;1.0;1.0;0.3780000000000003;12.0;1.0;Now
22:52:24 18/01/2020;Saturday;0.3762;0.3770000000000003;1.0;0.7231873892705816;0.6880082746058328;1.0;0.3770000000000003;12.0;1.0;1.0;0.3770000000000003;12.0;1.0;1.0;0.3770000000000003;12.0;1.0;Now
06:07:57 19/01/2020;Sunday;0.3755;0.3770000000000003;1.0;0.7231873892705816;0.6880082746058328;1.0;0.3770000000000003;12.0;1.0;1.0;0.3765000000000003;12.0;1.0;1.0;0.3770000000000003;12.0;1.0;Now
12:17:14 19/01/2020;Sunday;0.3744;0.3760000000000003;1.0;0.7238784428341541;0.6959506611813006;1.0;0.3760000000000003;12.0;1.0;1.0;0.3755000000000003;12.0;1.0;1.0;0.3755000000000003;12.0;1.0;Now
18:08:29 19/01/2020;Sunday;0.3736;0.3750000000000003;1.0;0.7245688373094717;0.7038854727524786;1.0;0.3750000000000003;12.0;1.0;1.0;0.3745000000000003;12.0;1.0;1.0;0.3750000000000003;12.0;1.0;Now
00:17:25 20/01/2020;Monday;0.3731;0.3740000000000003;1.0;0.7252585745787496;0.7118127309519615;0.5119907407407407;0.3740000000000003;6.143888888888889;0.5119907407407407;1.0;0.3745000000000003;12.0;1.0;0.5119907407407407;0.3740000000000003;6.143888888888889;0.5119907407407407;Now
06:26:03 20/01/2020;Monday;0.3741;0.3750000000000003;1.0;0.7245688373094717;0.7038854727524786;1.0;0.3750000000000003;12.0;1.0;1.0;0.3750000000000003;12.0;1.0;1.0;0.3750000000000003;12.0;1.0;Now
12:34:53 20/01/2020;Monday;0.3748;0.3750000000000003;1.0;0.7245688373094717;0.7038854727524786;0.8724074074074074;0.3750000000000003;10.46888888888889;0.8724074074074074;1.0;0.3753333333333336;12.0;1.0;0.8724074074074074;0.3750000000000003;10.46888888888889;0.8724074074074074;Now
17:44:32 20/01/2020;Monday;0.3746;0.3750000000000003;1.0;0.7245688373094717;0.7038854727524786;0.44233796296296296;0.3750000000000003;5.308055555555556;0.44233796296296296;1.0;0.375666666666667;12.0;1.0;1.0;0.3755000000000003;12.0;1.0;Now
23:03:01 20/01/2020;Monday;0.3753;0.3760000000000003;1.0;0.7238784428341541;0.6959506611813006;1.0;0.3760000000000003;12.0;1.0;1.0;0.3760000000000003;12.0;1.0;1.0;0.3760000000000003;12.0;1.0;Now
05:28:57 21/01/2020;Tuesday;0.3756;0.3760000000000003;1.0;0.7238784428341541;0.6959506611813006;1.0;0.3760000000000003;12.0;1.0;1.0;0.3760000000000003;12.0;1.0;1.0;0.3760000000000003;12.0;1.0;Now
12:44:03 21/01/2020;Tuesday;0.3747;0.3760000000000003;1.0;0.7238784428341541;0.6959506611813006;0.9988657407407407;0.3760000000000003;11.98638888888889;0.9988657407407407;1.0;0.37633333333333363;12.0;1.0;0.9988657407407407;0.3760000000000003;11.98638888888889;0.9988657407407407;Now
19:56:07 21/01/2020;Tuesday;0.3755;0.3760000000000003;1.0;0.7238784428341541;0.6959506611813006;0.3987731481481481;0.3760000000000003;4.785277777777778;0.3987731481481481;1.0;0.3773333333333336;12.0;1.0;0.9577083333333334;0.3765000000000003;11.4925;0.9577083333333334;Now
00:43:14 22/01/2020;Wednesday;0.3765;0.3770000000000003;1.0;0.7231873892705816;0.6880082746058328;0.5589351851851851;0.3770000000000003;6.707222222222223;0.5589351851851851;1.0;0.3780000000000003;12.0;1.0;0.5589351851851851;0.3770000000000003;6.707222222222223;0.5589351851851851;Now
07:25:40 22/01/2020;Wednesday;0.3785;0.3790000000000003;1.0;0.7218032973047434;0.6721006893936894;0.534699074074074;0.3790000000000003;6.416388888888889;0.534699074074074;1.0;0.3795000000000003;12.0;1.0;0.534699074074074;0.3790000000000003;6.416388888888889;0.534699074074074;Now
13:50:39 22/01/2020;Wednesday;0.3793;0.3800000000000003;1.0;0.7211102550927977;0.6641354469717661;0.5244675925925926;0.3800000000000003;6.293611111111111;0.5244675925925926;1.0;0.3810000000000003;12.0;1.0;0.5244675925925926;0.3800000000000003;6.293611111111111;0.5244675925925926;Now
20:08:16 22/01/2020;Wednesday;0.3815;0.3820000000000003;1.0;0.7197221686178631;0.6481819522424809;0.58125;0.3820000000000003;6.975;0.58125;1.0;0.3825000000000003;12.0;1.0;0.58125;0.3820000000000003;6.975;0.58125;Now
03:06:46 23/01/2020;Thursday;0.3826;0.3830000000000003;1.0;0.7190271204899017;0.6401936555143869;1.0;0.3830000000000003;12.0;1.0;1.0;0.3830000000000003;12.0;1.0;1.0;0.3830000000000003;12.0;1.0;Now
08:25:15 23/01/2020;Thursday;0.3823;0.3830000000000003;1.0;0.7190271204899017;0.6401936555143869;1.0;0.3830000000000003;12.0;1.0;1.0;0.3830000000000003;12.0;1.0;1.0;0.3830000000000003;12.0;1.0;Now
14:25:11 23/01/2020;Thursday;0.382;0.3830000000000003;1.0;0.7190271204899017;0.6401936555143869;1.0;0.3830000000000003;12.0;1.0;1.0;0.3830000000000003;12.0;1.0;1.0;0.3830000000000003;12.0;1.0;Now
21:23:56 23/01/2020;Thursday;0.3829;0.3830000000000003;1.0;0.7190271204899017;0.6401936555143869;0.5584027777777778;0.3830000000000003;6.700833333333334;0.5584027777777778;1.0;0.383666666666667;12.0;1.0;0.5584027777777778;0.3830000000000003;6.700833333333334;0.5584027777777778;Now
04:05:59 24/01/2020;Friday;0.3836;0.3840000000000003;1.0;0.7183313998427187;0.6321976294178049;1.0;0.3840000000000003;12.0;1.0;1.0;0.3840000000000003;12.0;1.0;1.0;0.3840000000000003;12.0;1.0;Now
08:50:28 24/01/2020;Friday;0.3837;0.3840000000000003;1.0;0.7183313998427187;0.6321976294178049;1.0;0.3840000000000003;12.0;1.0;1.0;0.3840000000000003;12.0;1.0;1.0;0.3840000000000003;12.0;1.0;Now
14:42:37 24/01/2020;Friday;0.3834;0.3840000000000003;1.0;0.7183313998427187;0.6321976294178049;1.0;0.3840000000000003;12.0;1.0;1.0;0.3840000000000003;12.0;1.0;1.0;0.3840000000000003;12.0;1.0;Now
19:26:58 24/01/2020;Friday;0.3837;0.3840000000000003;1.0;0.7183313998427187;0.6321976294178049;0.6173611111111111;0.3840000000000003;7.408333333333333;0.6173611111111111;1.0;0.3845000000000003;12.0;1.0;0.6173611111111111;0.3840000000000003;7.408333333333333;0.6173611111111111;Now
02:51:28 25/01/2020;Saturday;0.3841;0.3850000000000003;1.0;0.717635004720366;0.6241938514727196;1.0;0.3850000000000003;12.0;1.0;1.0;0.3850000000000003;12.0;1.0;1.0;0.3850000000000003;12.0;1.0;Now
09:00:02 25/01/2020;Saturday;0.3835;0.3850000000000003;1.0;0.717635004720366;0.6241938514727196;1.0;0.3850000000000003;12.0;1.0;1.0;0.3845000000000003;12.0;1.0;1.0;0.3850000000000003;12.0;1.0;Now
16:07:35 25/01/2020;Saturday;0.3826;0.3840000000000003;1.0;0.7183313998427187;0.6321976294178049;1.0;0.3840000000000003;12.0;1.0;1.0;0.3835000000000003;12.0;1.0;1.0;0.3835000000000003;12.0;1.0;Now
21:51:09 25/01/2020;Saturday;0.3816;0.3830000000000003;1.0;0.7190271204899017;0.6401936555143869;1.0;0.3830000000000003;12.0;1.0;1.0;0.3825000000000003;12.0;1.0;1.0;0.3830000000000003;12.0;1.0;Now
04:16:27 26/01/2020;Sunday;0.3817;0.3820000000000003;1.0;0.7197221686178631;0.6481819522424809;1.0;0.3820000000000003;12.0;1.0;1.0;0.3820000000000003;12.0;1.0;1.0;0.3820000000000003;12.0;1.0;Now
10:16:31 26/01/2020;Sunday;0.3801;0.3820000000000003;1.0;0.7197221686178631;0.6481819522424809;1.0;0.3820000000000003;12.0;1.0;1.0;0.3820000000000003;12.0;1.0;1.0;0.3820000000000003;12.0;1.0;Now
15:43:28 26/01/2020;Sunday;0.3792;0.3820000000000003;1.0;0.7197221686178631;0.6481819522424809;1.0;0.3820000000000003;12.0;1.0;1.0;0.3810000000000003;12.0;1.0;1.0;0.3820000000000003;12.0;1.0;Now
23:07:29 26/01/2020;Sunday;0.3785;0.3800000000000003;1.0;0.7211102550927977;0.6641354469717661;1.0;0.3800000000000003;12.0;1.0;1.0;0.3795000000000003;12.0;1.0;1.0;0.3795000000000003;12.0;1.0;Now
04:59:29 27/01/2020;Monday;0.3778;0.3790000000000003;1.0;0.7218032973047434;0.6721006893936894;1.0;0.3790000000000003;12.0;1.0;1.0;0.3785000000000003;12.0;1.0;1.0;0.3790000000000003;12.0;1.0;Now
16:18:15 27/01/2020;Monday;0.378;0.3780000000000003;1.0;0.7224956747275376;0.68005829129003;0.9422685185185186;0.3780000000000003;11.307222222222222;0.9422685185185186;1.0;0.3790000000000003;12.0;1.0;0.9422685185185186;0.3780000000000003;11.307222222222222;0.9422685185185186;Now
03:36:41 28/01/2020;Tuesday;0.3791;0.3800000000000003;1.0;0.7211102550927977;0.6641354469717661;1.0;0.3800000000000003;12.0;1.0;1.0;0.3800000000000003;12.0;1.0;1.0;0.3800000000000003;12.0;1.0;Now
08:38:47 28/01/2020;Tuesday;0.3798;0.3800000000000003;1.0;0.7211102550927977;0.6641354469717661;1.0;0.3800000000000003;12.0;1.0;1.0;0.3800000000000003;12.0;1.0;1.0;0.3800000000000003;12.0;1.0;Now
21:37:43 28/01/2020;Tuesday;0.3795;0.3800000000000003;1.0;0.7211102550927977;0.6641354469717661;0.5354629629629629;0.3800000000000003;6.4255555555555555;0.5354629629629629;1.0;0.38066666666666693;12.0;1.0;0.5354629629629629;0.3800000000000003;6.4255555555555555;0.5354629629629629;Now
04:03:15 29/01/2020;Wednesday;0.3806;0.3810000000000003;1.0;0.7204165461731148;0.656162541973653;1.0;0.3810000000000003;12.0;1.0;1.0;0.3810000000000003;12.0;1.0;1.0;0.3810000000000003;12.0;1.0;Now
09:30:11 29/01/2020;Wednesday;0.3801;0.3810000000000003;1.0;0.7204165461731148;0.656162541973653;1.0;0.3810000000000003;12.0;1.0;1.0;0.3810000000000003;12.0;1.0;1.0;0.3810000000000003;12.0;1.0;Now
14:15:15 29/01/2020;Wednesday;0.38;0.3810000000000003;1.0;0.7204165461731148;0.656162541973653;1.0;0.3810000000000003;12.0;1.0;1.0;0.3810000000000003;12.0;1.0;1.0;0.3810000000000003;12.0;1.0;Now
21:22:16 29/01/2020;Wednesday;0.381;0.3810000000000003;1.0;0.7204165461731148;0.656162541973653;1.0;0.3810000000000003;12.0;1.0;1.0;0.3810000000000003;12.0;1.0;1.0;0.3810000000000003;12.0;1.0;Now
10:04:43 30/01/2020;Thursday;0.3808;0.3810000000000003;1.0;0.7204165461731148;0.656162541973653;1.0;0.3810000000000003;12.0;1.0;1.0;0.3810000000000003;12.0;1.0;1.0;0.3810000000000003;12.0;1.0;Now
17:20:37 30/01/2020;Thursday;0.3796;0.3810000000000003;1.0;0.7204165461731148;0.656162541973653;1.0;0.3810000000000003;12.0;1.0;1.0;0.38033333333333363;12.0;1.0;1.0;0.3810000000000003;12.0;1.0;Now
23:29:02 30/01/2020;Thursday;0.3795;0.3800000000000003;1.0;0.7211102550927977;0.6641354469717661;1.0;0.3800000000000003;12.0;1.0;1.0;0.3800000000000003;12.0;1.0;1.0;0.3800000000000003;12.0;1.0;Now
04:39:10 31/01/2020;Friday;0.3792;0.3800000000000003;1.0;0.7211102550927977;0.6641354469717661;1.0;0.3800000000000003;12.0;1.0;1.0;0.3800000000000003;12.0;1.0;1.0;0.3800000000000003;12.0;1.0;Now
09:32:39 31/01/2020;Friday;0.3788;0.3800000000000003;1.0;0.7211102550927977;0.6641354469717661;1.0;0.3800000000000003;12.0;1.0;1.0;0.3795000000000003;12.0;1.0;1.0;0.3800000000000003;12.0;1.0;Now
16:40:01 31/01/2020;Friday;0.3776;0.3790000000000003;1.0;0.7218032973047434;0.6721006893936894;1.0;0.3790000000000003;12.0;1.0;1.0;0.3782500000000003;12.0;1.0;1.0;0.3790000000000003;12.0;1.0;Now
23:22:17 31/01/2020;Friday;0.3764;0.3780000000000003;1.0;0.7224956747275376;0.68005829129003;1.0;0.3780000000000003;12.0;1.0;1.0;0.37775000000000025;12.0;1.0;1.0;0.3780000000000003;12.0;1.0;Now
23:22:17 31/01/2020;Friday;0.3764;0.3780000000000003;1.0;0.7224956747275376;0.68005829129003;1.0;0.3780000000000003;12.0;1.0;1.0;0.377666666666667;12.0;1.0;1.0;0.3780000000000003;12.0;1.0;Now
04:07:04 01/02/2020;Saturday;0.3758;0.3780000000000003;1.0;0.7224956747275376;0.68005829129003;1.0;0.3780000000000003;12.0;1.0;1.0;0.3775000000000003;12.0;1.0;1.0;0.3775000000000003;12.0;1.0;Now
09:50:33 01/02/2020;Saturday;0.3743;0.3770000000000003;1.0;0.7231873892705816;0.6880082746058328;1.0;0.3770000000000003;12.0;1.0;1.0;0.3760000000000003;12.0;1.0;1.0;0.3770000000000003;12.0;1.0;Now
17:23:11 01/02/2020;Saturday;0.3729;0.3750000000000003;1.0;0.7245688373094717;0.7038854727524786;1.0;0.3750000000000003;12.0;1.0;1.0;0.373666666666667;12.0;1.0;1.0;0.3750000000000003;12.0;1.0;Now
23:12:13 01/02/2020;Saturday;0.3729;0.3730000000000003;1.0;0.7259476565152613;0.7197324573095731;1.0;0.3730000000000003;12.0;1.0;1.0;0.3730000000000003;12.0;1.0;1.0;0.3730000000000003;12.0;1.0;Now
00:55:41 02/02/2020;Sunday;0.372;0.3730000000000003;1.0;0.7259476565152613;0.7197324573095731;1.0;0.3730000000000003;12.0;1.0;1.0;0.3726666666666669;12.0;1.0;1.0;0.3730000000000003;12.0;1.0;Now
06:56:09 02/02/2020;Sunday;0.3706;0.3730000000000003;1.0;0.7259476565152613;0.7197324573095731;1.0;0.3730000000000003;12.0;1.0;1.0;0.3720000000000003;12.0;1.0;1.0;0.3730000000000003;12.0;1.0;Now
11:57:17 02/02/2020;Sunday;0.3699;0.3720000000000003;1.0;0.7266360849833978;0.7276446732530529;1.0;0.3720000000000003;12.0;1.0;1.0;0.3710000000000003;12.0;1.0;1.0;0.3715000000000003;12.0;1.0;Now
16:33:42 02/02/2020;Sunday;0.3691;0.3710000000000003;1.0;0.727323861838727;0.7355494001087305;1.0;0.3710000000000003;12.0;1.0;1.0;0.3703333333333336;12.0;1.0;1.0;0.3705000000000003;12.0;1.0;Now
21:52:10 02/02/2020;Sunday;0.3679;0.3700000000000003;1.0;0.7280109889280517;0.7434466591022002;1.0;0.3700000000000003;12.0;1.0;1.0;0.36933333333333357;12.0;1.0;1.0;0.3700000000000003;12.0;1.0;Now
04:01:34 03/02/2020;Monday;0.3669;0.3700000000000003;1.0;0.7280109889280517;0.7434466591022002;1.0;0.3700000000000003;12.0;1.0;1.0;0.36900000000000027;12.0;1.0;1.0;0.36900000000000027;12.0;1.0;Now
09:19:16 03/02/2020;Monday;0.3655;0.36800000000000027;1.0;0.7293833011524187;0.7592188579051626;1.0;0.36800000000000027;12.0;1.0;1.0;0.3666666666666669;12.0;1.0;1.0;0.36800000000000027;12.0;1.0;Now
16:10:12 03/02/2020;Monday;0.3654;0.36600000000000027;1.0;0.7307530362578043;0.7749614374770268;1.0;0.36600000000000027;12.0;1.0;1.0;0.36600000000000027;12.0;1.0;1.0;0.36600000000000027;12.0;1.0;Now
17:14:30 03/02/2020;Monday;0.3654;0.36600000000000027;1.0;0.7307530362578043;0.7749614374770268;1.0;0.36600000000000027;12.0;1.0;1.0;0.36600000000000027;12.0;1.0;1.0;0.36600000000000027;12.0;1.0;Now
22:52:03 03/02/2020;Monday;0.3643;0.36600000000000027;1.0;0.7307530362578043;0.7749614374770268;1.0;0.36600000000000027;12.0;1.0;1.0;0.36550000000000027;12.0;1.0;1.0;0.36600000000000027;12.0;1.0;Now
05:26:03 04/02/2020;Tuesday;0.3626;0.36500000000000027;1.0;0.7314369419163894;0.782821672063694;1.0;0.36500000000000027;12.0;1.0;1.0;0.36400000000000027;12.0;1.0;1.0;0.36400000000000027;12.0;1.0;Now
11:01:07 04/02/2020;Tuesday;0.3613;0.36300000000000027;1.0;0.7328028384224502;0.79852013401378;1.0;0.36300000000000027;12.0;1.0;1.0;0.36250000000000027;12.0;1.0;1.0;0.36300000000000027;12.0;1.0;Now
18:20:05 04/02/2020;Tuesday;0.3597;0.36200000000000027;1.0;0.7334848328356898;0.8063584023590803;1.0;0.36200000000000027;12.0;1.0;1.0;0.36100000000000027;12.0;1.0;1.0;0.36200000000000027;12.0;1.0;Now
00:44:24 05/02/2020;Wednesday;0.3584;0.36000000000000026;1.0;0.7348469228349533;0.8220131155318221;1.0;0.36000000000000026;12.0;1.0;1.0;0.35950000000000026;12.0;1.0;1.0;0.36000000000000026;12.0;1.0;Now
08:08:22 05/02/2020;Wednesday;0.357;0.35900000000000026;1.0;0.7355270219373314;0.8298296007732705;1.0;0.35900000000000026;12.0;1.0;1.0;0.35766666666666697;12.0;1.0;1.0;0.35800000000000026;12.0;1.0;Now
13:02:04 05/02/2020;Wednesday;0.3564;0.35700000000000026;1.0;0.7368853370776214;0.8454409289020492;1.0;0.35700000000000026;12.0;1.0;1.0;0.35700000000000026;12.0;1.0;1.0;0.35700000000000026;12.0;1.0;Now
19:35:26 05/02/2020;Wednesday;0.3556;0.35700000000000026;1.0;0.7368853370776214;0.8454409289020492;1.0;0.35700000000000026;12.0;1.0;1.0;0.3566666666666669;12.0;1.0;1.0;0.35700000000000026;12.0;1.0;Now
00:20:27 06/02/2020;Thursday;0.3548;0.35700000000000026;1.0;0.7368853370776214;0.8454409289020492;1.0;0.35700000000000026;12.0;1.0;1.0;0.35650000000000026;12.0;1.0;1.0;0.35700000000000026;12.0;1.0;Now
07:10:52 06/02/2020;Thursday;0.3539;0.35600000000000026;1.0;0.7375635565834309;0.8532358116464689;1.0;0.35600000000000026;12.0;1.0;1.0;0.3546666666666669;12.0;1.0;1.0;0.35600000000000026;12.0;1.0;Now
13:11:13 06/02/2020;Thursday;0.3528;0.35400000000000026;1.0;0.7389181280764465;0.8688041134522215;1.0;0.35400000000000026;12.0;1.0;1.0;0.35366666666666696;12.0;1.0;1.0;0.35400000000000026;12.0;1.0;Now
18:57:46 06/02/2020;Thursday;0.3524;0.35400000000000026;1.0;0.7389181280764465;0.8688041134522215;1.0;0.35400000000000026;12.0;1.0;1.0;0.35333333333333355;12.0;1.0;1.0;0.35400000000000026;12.0;1.0;Now
23:53:43 06/02/2020;Thursday;0.3513;0.35300000000000026;1.0;0.7395944834840237;0.8765775718244126;1.0;0.35300000000000026;12.0;1.0;1.0;0.35300000000000026;12.0;1.0;1.0;0.35300000000000026;12.0;1.0;Now
04:30:13 07/02/2020;Friday;0.3512;0.35300000000000026;1.0;0.7395944834840237;0.8765775718244126;1.0;0.35300000000000026;12.0;1.0;1.0;0.35250000000000026;12.0;1.0;1.0;0.35300000000000026;12.0;1.0;Now
11:54:16 07/02/2020;Friday;0.3509;0.35200000000000026;1.0;0.7402702209328698;0.8843439279003584;1.0;0.35200000000000026;12.0;1.0;1.0;0.35150000000000026;12.0;1.0;1.0;0.35150000000000026;12.0;1.0;Now
17:04:14 07/02/2020;Friday;0.3506;0.35100000000000026;1.0;0.740945342113708;0.8921032011118052;1.0;0.35100000000000026;12.0;1.0;1.0;0.35100000000000026;12.0;1.0;1.0;0.35100000000000026;12.0;1.0;Now
00:19:43 08/02/2020;Saturday;0.3505;0.35100000000000026;1.0;0.740945342113708;0.8921032011118052;1.0;0.35100000000000026;12.0;1.0;1.0;0.35100000000000026;12.0;1.0;1.0;0.35100000000000026;12.0;1.0;Now
06:11:51 08/02/2020;Saturday;0.3493;0.35100000000000026;1.0;0.740945342113708;0.8921032011118052;1.0;0.35100000000000026;12.0;1.0;1.0;0.35100000000000026;12.0;1.0;1.0;0.35100000000000026;12.0;1.0;Now
11:05:03 08/02/2020;Saturday;0.3485;0.35100000000000026;1.0;0.740945342113708;0.8921032011118052;1.0;0.35100000000000026;12.0;1.0;1.0;0.35000000000000026;12.0;1.0;1.0;0.35100000000000026;12.0;1.0;Now
18:28:55 08/02/2020;Saturday;0.3475;0.34900000000000025;1.0;0.7422937423958252;0.9076005762265202;1.0;0.34900000000000025;12.0;1.0;1.0;0.3483333333333336;12.0;1.0;1.0;0.34900000000000025;12.0;1.0;Now
00:12:38 09/02/2020;Sunday;0.3468;0.34800000000000025;1.0;0.7429670248402683;0.9153387165532958;1.0;0.34800000000000025;12.0;1.0;1.0;0.34766666666666696;12.0;1.0;1.0;0.34800000000000025;12.0;1.0;Now
05:14:20 09/02/2020;Sunday;0.3461;0.34800000000000025;1.0;0.7429670248402683;0.9153387165532958;1.0;0.34800000000000025;12.0;1.0;1.0;0.34750000000000025;12.0;1.0;1.0;0.34750000000000025;12.0;1.0;Now
11:05:51 09/02/2020;Sunday;0.3451;0.34700000000000025;1.0;0.7436396977031281;0.9230698508636939;1.0;0.34700000000000025;12.0;1.0;1.0;0.3462500000000003;12.0;1.0;1.0;0.34700000000000025;12.0;1.0;Now
17:39:48 09/02/2020;Sunday;0.3445;0.34600000000000025;1.0;0.7443117626371357;0.9307939981528123;1.0;0.34600000000000025;12.0;1.0;1.0;0.3457500000000002;12.0;1.0;1.0;0.34600000000000025;12.0;1.0;Now
20:25:43 09/02/2020;Sunday;0.3445;0.34600000000000025;1.0;0.7443117626371357;0.9307939981528123;1.0;0.34600000000000025;12.0;1.0;1.0;0.34566666666666696;12.0;1.0;1.0;0.34600000000000025;12.0;1.0;Now
22:58:26 09/02/2020;Sunday;0.3443;0.34600000000000025;1.0;0.7443117626371357;0.9307939981528123;1.0;0.34600000000000025;12.0;1.0;1.0;0.34533333333333355;12.0;1.0;1.0;0.34600000000000025;12.0;1.0;Now
05:15:22 10/02/2020;Monday;0.3432;0.34500000000000025;1.0;0.7449832212875668;0.9385111773300602;1.0;0.34500000000000025;12.0;1.0;1.0;0.3446666666666669;12.0;1.0;1.0;0.34500000000000025;12.0;1.0;Now
10:08:36 10/02/2020;Monday;0.3426;0.34500000000000025;1.0;0.7449832212875668;0.9385111773300602;1.0;0.34500000000000025;12.0;1.0;1.0;0.34400000000000025;12.0;1.0;1.0;0.34500000000000025;12.0;1.0;Now
14:53:22 10/02/2020;Monday;0.3428;0.34400000000000025;1.0;0.7456540752922898;0.9462214072197163;1.0;0.34400000000000025;12.0;1.0;1.0;0.34333333333333355;12.0;1.0;1.0;0.34400000000000025;12.0;1.0;Now
19:38:37 10/02/2020;Monday;0.3426;0.34300000000000025;1.0;0.7463243262818114;0.9539247065614492;1.0;0.34300000000000025;12.0;1.0;1.0;0.34300000000000025;12.0;1.0;1.0;0.34300000000000025;12.0;1.0;Now
00:31:33 11/02/2020;Tuesday;0.3429;0.34300000000000025;1.0;0.7463243262818114;0.9539247065614492;1.0;0.34300000000000025;12.0;1.0;1.0;0.34300000000000025;12.0;1.0;1.0;0.34300000000000025;12.0;1.0;Now
06:40:02 11/02/2020;Tuesday;0.343;0.34300000000000025;1.0;0.7463243262818114;0.9539247065614492;1.0;0.34300000000000025;12.0;1.0;1.0;0.34300000000000025;12.0;1.0;1.0;0.34300000000000025;12.0;1.0;Now
13:30:56 11/02/2020;Tuesday;0.3429;0.34300000000000025;1.0;0.7463243262818114;0.9539247065614492;0.4883101851851852;0.34300000000000025;5.8597222222222225;0.4883101851851852;1.0;0.34400000000000025;12.0;1.0;0.4883101851851852;0.34300000000000025;5.8597222222222225;0.4883101851851852;Now
19:22:31 11/02/2020;Tuesday;0.344;0.34400000000000025;1.0;0.7456540752922898;0.9462214072197163;0.4308101851851852;0.34400000000000025;5.169722222222222;0.4308101851851852;1.0;0.3446666666666669;12.0;1.0;1.0;0.34450000000000025;12.0;1.0;Now
00:32:42 12/02/2020;Wednesday;0.3446;0.34500000000000025;1.0;0.7449832212875668;0.9385111773300602;1.0;0.34500000000000025;12.0;1.0;1.0;0.34500000000000025;12.0;1.0;1.0;0.34500000000000025;12.0;1.0;Now
06:41:37 12/02/2020;Wednesday;0.3443;0.34500000000000025;1.0;0.7449832212875668;0.9385111773300602;1.0;0.34500000000000025;12.0;1.0;1.0;0.34500000000000025;12.0;1.0;1.0;0.34500000000000025;12.0;1.0;Now
13:23:43 12/02/2020;Wednesday;0.3439;0.34500000000000025;1.0;0.7449832212875668;0.9385111773300602;1.0;0.34500000000000025;12.0;1.0;1.0;0.34450000000000025;12.0;1.0;1.0;0.34500000000000025;12.0;1.0;Now
19:49:12 12/02/2020;Wednesday;0.344;0.34400000000000025;1.0;0.7456540752922898;0.9462214072197163;1.0;0.34400000000000025;12.0;1.0;1.0;0.34400000000000025;12.0;1.0;1.0;0.34400000000000025;12.0;1.0;Now
01:24:07 13/02/2020;Thursday;0.3438;0.34400000000000025;1.0;0.7456540752922898;0.9462214072197163;0.5701388888888889;0.34400000000000025;6.841666666666667;0.5701388888888889;1.0;0.34450000000000025;12.0;1.0;0.5701388888888889;0.34400000000000025;6.841666666666667;0.5701388888888889;Now
08:14:37 13/02/2020;Thursday;0.3441;0.34500000000000025;1.0;0.7449832212875668;0.9385111773300602;1.0;0.34500000000000025;12.0;1.0;1.0;0.34500000000000025;12.0;1.0;1.0;0.34500000000000025;12.0;1.0;Now
13:24:48 13/02/2020;Thursday;0.3437;0.34500000000000025;1.0;0.7449832212875668;0.9385111773300602;1.0;0.34500000000000025;12.0;1.0;1.0;0.3446666666666669;12.0;1.0;1.0;0.34500000000000025;12.0;1.0;Now
19:25:09 13/02/2020;Thursday;0.344;0.34500000000000025;1.0;0.7449832212875668;0.9385111773300602;1.0;0.34500000000000025;12.0;1.0;1.0;0.3443333333333336;12.0;1.0;1.0;0.34500000000000025;12.0;1.0;Now
00:51:38 14/02/2020;Friday;0.3432;0.34400000000000025;1.0;0.7456540752922898;0.9462214072197163;1.0;0.34400000000000025;12.0;1.0;1.0;0.34400000000000025;12.0;1.0;1.0;0.34400000000000025;12.0;1.0;Now
05:28:33 14/02/2020;Friday;0.3433;0.34400000000000025;1.0;0.7456540752922898;0.9462214072197163;1.0;0.34400000000000025;12.0;1.0;1.0;0.34400000000000025;12.0;1.0;1.0;0.34400000000000025;12.0;1.0;Now
18:44:35 14/02/2020;Friday;0.3431;0.34400000000000025;1.0;0.7456540752922898;0.9462214072197163;1.0;0.34400000000000025;12.0;1.0;1.0;0.34400000000000025;12.0;1.0;1.0;0.34400000000000025;12.0;1.0;Now
05:45:02 15/02/2020;Saturday;0.3425;0.34400000000000025;1.0;0.7456540752922898;0.9462214072197163;1.0;0.34400000000000025;12.0;1.0;1.0;0.34333333333333355;12.0;1.0;1.0;0.34400000000000025;12.0;1.0;Now
11:03:08 15/02/2020;Saturday;0.3419;0.34300000000000025;1.0;0.7463243262818114;0.9539247065614492;1.0;0.34300000000000025;12.0;1.0;1.0;0.34300000000000025;12.0;1.0;1.0;0.34300000000000025;12.0;1.0;Now
16:13:03 15/02/2020;Saturday;0.3411;0.34300000000000025;1.0;0.7463243262818114;0.9539247065614492;1.0;0.34300000000000025;12.0;1.0;1.0;0.34250000000000025;12.0;1.0;1.0;0.34300000000000025;12.0;1.0;Now
23:12:10 15/02/2020;Saturday;0.3405;0.34200000000000025;1.0;0.7469939758793238;0.9616210940108585;1.0;0.34200000000000025;12.0;1.0;1.0;0.34150000000000025;12.0;1.0;1.0;0.34200000000000025;12.0;1.0;Now
05:37:33 16/02/2020;Sunday;0.3401;0.34100000000000025;1.0;0.7476630257007496;0.9693105881399966;1.0;0.34100000000000025;12.0;1.0;1.0;0.34100000000000025;12.0;1.0;1.0;0.34100000000000025;12.0;1.0;Now
11:29:16 16/02/2020;Sunday;0.3394;0.34100000000000025;1.0;0.7476630257007496;0.9693105881399966;1.0;0.34100000000000025;12.0;1.0;1.0;0.3406666666666669;12.0;1.0;1.0;0.34100000000000025;12.0;1.0;Now
16:22:53 16/02/2020;Sunday;0.3388;0.34100000000000025;1.0;0.7476630257007496;0.9693105881399966;1.0;0.34100000000000025;12.0;1.0;1.0;0.34000000000000025;12.0;1.0;1.0;0.34100000000000025;12.0;1.0;Now
22:31:03 16/02/2020;Sunday;0.3385;0.34000000000000025;1.0;0.7483314773547881;0.9769932074378956;1.0;0.34000000000000025;12.0;1.0;1.0;0.33933333333333354;12.0;1.0;1.0;0.34000000000000025;12.0;1.0;Now
03:07:33 17/02/2020;Monday;0.3382;0.33900000000000025;1.0;0.74899933244296;0.9846689703110832;1.0;0.33900000000000025;12.0;1.0;1.0;0.33900000000000025;12.0;1.0;1.0;0.33900000000000025;12.0;1.0;Now
07:52:33 17/02/2020;Monday;0.3378;0.33900000000000025;1.0;0.74899933244296;0.9846689703110832;1.0;0.33900000000000025;12.0;1.0;1.0;0.33850000000000025;12.0;1.0;1.0;0.33900000000000025;12.0;1.0;Now
15:08:04 17/02/2020;Monday;0.3376;0.33800000000000024;1.0;0.7496665925596524;0.992337895084099;1.0;0.33800000000000024;12.0;1.0;1.0;0.33800000000000024;12.0;1.0;1.0;0.33800000000000024;12.0;1.0;Now
21:58:35 17/02/2020;Monday;0.3379;0.33800000000000024;1.0;0.7496665925596524;0.992337895084099;1.0;0.33800000000000024;12.0;1.0;1.0;0.33800000000000024;12.0;1.0;1.0;0.33800000000000024;12.0;1.0;Now
04:24:10 18/02/2020;Tuesday;0.3373;0.33800000000000024;1.0;0.7496665925596524;0.992337895084099;1.0;0.33800000000000024;12.0;1.0;1.0;0.33800000000000024;12.0;1.0;1.0;0.33800000000000024;12.0;1.0;Now
10:32:46 18/02/2020;Tuesday;0.3371;0.33800000000000024;1.0;0.7496665925596524;0.992337895084099;0.9192824074074074;0.33800000000000024;11.03138888888889;0.9192824074074074;1.0;0.33850000000000025;12.0;1.0;0.9192824074074074;0.33800000000000024;11.03138888888889;0.9192824074074074;Now
15:26:02 18/02/2020;Tuesday;0.3372;0.33800000000000024;1.0;0.7496665925596524;0.992337895084099;0.5119675925925926;0.33800000000000024;6.143611111111111;0.5119675925925926;1.0;0.3386666666666669;12.0;1.0;0.5119675925925926;0.33800000000000024;6.143611111111111;0.5119675925925926;Now
21:34:39 18/02/2020;Tuesday;0.3382;0.33900000000000025;1.0;0.74899933244296;0.9846689703110832;0.5696064814814815;0.33900000000000025;6.835277777777778;0.5696064814814815;1.0;0.33933333333333354;12.0;1.0;0.5696064814814815;0.33900000000000025;6.835277777777778;0.5696064814814815;Now
22:22:42 18/02/2020;Tuesday;0.3382;0.33900000000000025;1.0;0.74899933244296;0.9846689703110832;0.5028703703703704;0.33900000000000025;6.0344444444444445;0.5028703703703704;1.0;0.33950000000000025;12.0;1.0;0.5028703703703704;0.33900000000000025;6.0344444444444445;0.5028703703703704;Now
04:24:46 19/02/2020;Wednesday;0.3393;0.34000000000000025;1.0;0.7483314773547881;0.9769932074378956;1.0;0.34000000000000025;12.0;1.0;1.0;0.34000000000000025;12.0;1.0;1.0;0.34000000000000025;12.0;1.0;Now
11:57:39 19/02/2020;Wednesday;0.3391;0.34000000000000025;1.0;0.7483314773547881;0.9769932074378956;1.0;0.34000000000000025;12.0;1.0;1.0;0.34000000000000025;12.0;1.0;1.0;0.34000000000000025;12.0;1.0;Now
17:24:23 19/02/2020;Wednesday;0.3392;0.34000000000000025;1.0;0.7483314773547881;0.9769932074378956;1.0;0.34000000000000025;12.0;1.0;1.0;0.34000000000000025;12.0;1.0;1.0;0.34000000000000025;12.0;1.0;Now
22:28:16 19/02/2020;Wednesday;0.34;0.34000000000000025;1.0;0.7483314773547881;0.9769932074378956;1.0;0.34000000000000025;12.0;1.0;1.0;0.34000000000000025;12.0;1.0;1.0;0.34000000000000025;12.0;1.0;Now
04:47:29 20/02/2020;Thursday;0.3398;0.34000000000000025;1.0;0.7483314773547881;0.9769932074378956;1.0;0.34000000000000025;12.0;1.0;1.0;0.34000000000000025;12.0;1.0;1.0;0.34000000000000025;12.0;1.0;Now
10:22:28 20/02/2020;Thursday;0.3397;0.34000000000000025;1.0;0.7483314773547881;0.9769932074378956;1.0;0.34000000000000025;12.0;1.0;1.0;0.34000000000000025;12.0;1.0;1.0;0.34000000000000025;12.0;1.0;Now
17:21:00 20/02/2020;Thursday;0.3393;0.34000000000000025;1.0;0.7483314773547881;0.9769932074378956;0.5001851851851852;0.34000000000000025;6.002222222222223;0.5001851851851852;1.0;0.34050000000000025;12.0;1.0;0.5001851851851852;0.34000000000000025;6.002222222222223;0.5001851851851852;Now
23:21:08 20/02/2020;Thursday;0.3405;0.34100000000000025;1.0;0.7476630257007496;0.9693105881399966;1.0;0.34100000000000025;12.0;1.0;1.0;0.34100000000000025;12.0;1.0;1.0;0.34100000000000025;12.0;1.0;Now
05:46:44 21/02/2020;Friday;0.3408;0.34100000000000025;1.0;0.7476630257007496;0.9693105881399966;1.0;0.34100000000000025;12.0;1.0;1.0;0.34100000000000025;12.0;1.0;1.0;0.34100000000000025;12.0;1.0;Now
11:04:46 21/02/2020;Friday;0.3401;0.34100000000000025;1.0;0.7476630257007496;0.9693105881399966;1.0;0.34100000000000025;12.0;1.0;1.0;0.34100000000000025;12.0;1.0;1.0;0.34100000000000025;12.0;1.0;Now
16:23:11 21/02/2020;Friday;0.3405;0.34100000000000025;1.0;0.7476630257007496;0.9693105881399966;0.9304166666666667;0.34100000000000025;11.165;0.9304166666666667;1.0;0.34133333333333354;12.0;1.0;0.9304166666666667;0.34100000000000025;11.165;0.9304166666666667;Now
22:15:16 21/02/2020;Friday;0.3408;0.34100000000000025;1.0;0.7476630257007496;0.9693105881399966;0.441412037037037;0.34100000000000025;5.296944444444445;0.441412037037037;1.0;0.34166666666666695;12.0;1.0;0.441412037037037;0.34100000000000025;5.296944444444445;0.441412037037037;Now
03:33:05 22/02/2020;Saturday;0.342;0.34200000000000025;1.0;0.7469939758793238;0.9616210940108585;1.0;0.34200000000000025;12.0;1.0;1.0;0.34200000000000025;12.0;1.0;1.0;0.34200000000000025;12.0;1.0;Now
09:08:07 22/02/2020;Saturday;0.3414;0.34200000000000025;1.0;0.7469939758793238;0.9616210940108585;1.0;0.34200000000000025;12.0;1.0;1.0;0.34200000000000025;12.0;1.0;1.0;0.34200000000000025;12.0;1.0;Now
14:01:05 22/02/2020;Saturday;0.3412;0.34200000000000025;1.0;0.7469939758793238;0.9616210940108585;1.0;0.34200000000000025;12.0;1.0;1.0;0.34200000000000025;12.0;1.0;1.0;0.34200000000000025;12.0;1.0;Now
20:18:05 22/02/2020;Saturday;0.3406;0.34200000000000025;1.0;0.7469939758793238;0.9616210940108585;1.0;0.34200000000000025;12.0;1.0;1.0;0.34133333333333354;12.0;1.0;1.0;0.34200000000000025;12.0;1.0;Now
03:17:18 23/02/2020;Sunday;0.3398;0.34100000000000025;1.0;0.7476630257007496;0.9693105881399966;1.0;0.34100000000000025;12.0;1.0;1.0;0.3406666666666669;12.0;1.0;1.0;0.3406666666666669;12.0;1.0;Now
03:44:06 23/02/2020;Sunday;0.3398;0.34100000000000025;1.0;0.7476630257007496;0.9693105881399966;1.0;0.34100000000000025;12.0;1.0;1.0;0.3403333333333336;12.0;1.0;1.0;0.34050000000000025;12.0;1.0;Now
08:18:44 23/02/2020;Sunday;0.3396;0.34000000000000025;1.0;0.7483314773547881;0.9769932074378956;1.0;0.34000000000000025;12.0;1.0;1.0;0.34000000000000025;12.0;1.0;1.0;0.34000000000000025;12.0;1.0;Now
15:25:45 23/02/2020;Sunday;0.3392;0.34000000000000025;1.0;0.7483314773547881;0.9769932074378956;1.0;0.34000000000000025;12.0;1.0;1.0;0.34000000000000025;12.0;1.0;1.0;0.34000000000000025;12.0;1.0;Now
20:35:44 23/02/2020;Sunday;0.3387;0.34000000000000025;1.0;0.7483314773547881;0.9769932074378956;1.0;0.34000000000000025;12.0;1.0;1.0;0.34000000000000025;12.0;1.0;1.0;0.34000000000000025;12.0;1.0;Now
03:09:07 24/02/2020;Monday;0.3385;0.34000000000000025;1.0;0.7483314773547881;0.9769932074378956;1.0;0.34000000000000025;12.0;1.0;1.0;0.33933333333333354;12.0;1.0;1.0;0.34000000000000025;12.0;1.0;Now
09:59:44 24/02/2020;Monday;0.3376;0.33900000000000025;1.0;0.74899933244296;0.9846689703110832;1.0;0.33900000000000025;12.0;1.0;1.0;0.33850000000000025;12.0;1.0;1.0;0.33900000000000025;12.0;1.0;Now
14:35:47 24/02/2020;Monday;0.3375;0.33900000000000025;1.0;0.74899933244296;0.9846689703110832;1.0;0.33900000000000025;12.0;1.0;1.0;0.3383333333333336;12.0;1.0;1.0;0.3383333333333336;12.0;1.0;Now
16:44:07 24/02/2020;Monday;0.3375;0.33800000000000024;1.0;0.7496665925596524;0.992337895084099;1.0;0.33800000000000024;12.0;1.0;1.0;0.33800000000000024;12.0;1.0;1.0;0.33800000000000024;12.0;1.0;Now
20:36:04 24/02/2020;Monday;0.3378;0.33800000000000024;1.0;0.7496665925596524;0.992337895084099;1.0;0.33800000000000024;12.0;1.0;1.0;0.33800000000000024;12.0;1.0;1.0;0.33800000000000024;12.0;1.0;Now
02:52:35 25/02/2020;Tuesday;0.338;0.33800000000000024;1.0;0.7496665925596524;0.992337895084099;1.0;0.33800000000000024;12.0;1.0;1.0;0.33800000000000024;12.0;1.0;1.0;0.33800000000000024;12.0;1.0;Now
09:00:59 25/02/2020;Tuesday;0.3373;0.33800000000000024;1.0;0.7496665925596524;0.992337895084099;1.0;0.33800000000000024;12.0;1.0;1.0;0.33800000000000024;12.0;1.0;1.0;0.33800000000000024;12.0;1.0;Now
13:37:29 25/02/2020;Tuesday;0.3371;0.33800000000000024;1.0;0.7496665925596524;0.992337895084099;1.0;0.33800000000000024;12.0;1.0;1.0;0.33800000000000024;12.0;1.0;1.0;0.33800000000000024;12.0;1.0;Now
19:12:30 25/02/2020;Tuesday;0.3376;0.33800000000000024;1.0;0.7496665925596524;0.992337895084099;1.0;0.33800000000000024;12.0;1.0;1.0;0.33800000000000024;12.0;1.0;1.0;0.33800000000000024;12.0;1.0;Now
00:47:29 26/02/2020;Wednesday;0.3375;0.33800000000000024;1.0;0.7496665925596524;0.992337895084099;1.0;0.33800000000000024;12.0;1.0;1.0;0.33800000000000024;12.0;1.0;1.0;0.33800000000000024;12.0;1.0;Now
05:43:37 26/02/2020;Wednesday;0.3375;0.33800000000000024;1.0;0.7496665925596524;0.992337895084099;1.0;0.33800000000000024;12.0;1.0;1.0;0.33800000000000024;12.0;1.0;1.0;0.33800000000000024;12.0;1.0;Now
06:22:35 26/02/2020;Wednesday;0.3369;0.33800000000000024;1.0;0.7496665925596524;0.992337895084099;1.0;0.33800000000000024;12.0;1.0;1.0;0.33800000000000024;12.0;1.0;1.0;0.33800000000000024;12.0;1.0;Now
11:24:35 26/02/2020;Wednesday;0.3368;0.33800000000000024;1.0;0.7496665925596524;0.992337895084099;1.0;0.33800000000000024;12.0;1.0;1.0;0.33750000000000024;12.0;1.0;1.0;0.33800000000000024;12.0;1.0;Now
18:56:34 26/02/2020;Wednesday;0.337;0.33700000000000024;1.0;0.7503332592921627;1.0;0.5356712962962963;0.33700000000000024;6.428055555555556;0.5356712962962963;1.0;0.33750000000000024;12.0;1.0;0.5356712962962963;0.33700000000000024;6.428055555555556;0.5356712962962963;Now
01:22:15 27/02/2020;Thursday;0.3377;0.33800000000000024;1.0;0.7496665925596524;0.992337895084099;0.9768287037037037;0.33800000000000024;11.721944444444444;0.9768287037037037;1.0;0.3383333333333336;12.0;1.0;0.9768287037037037;0.33800000000000024;11.721944444444444;0.9768287037037037;Now
07:14:10 27/02/2020;Thursday;0.3379;0.33800000000000024;1.0;0.7496665925596524;0.992337895084099;0.4880555555555556;0.33800000000000024;5.8566666666666665;0.4880555555555556;1.0;0.33850000000000025;12.0;1.0;1.0;0.33850000000000025;12.0;1.0;Now
13:05:34 27/02/2020;Thursday;0.3383;0.33900000000000025;1.0;0.74899933244296;0.9846689703110832;0.5888888888888889;0.33900000000000025;7.066666666666666;0.5888888888888889;1.0;0.33950000000000025;12.0;1.0;0.5888888888888889;0.33900000000000025;7.066666666666666;0.5888888888888889;Now
20:09:34 27/02/2020;Thursday;0.3398;0.34000000000000025;1.0;0.7483314773547881;0.9769932074378956;0.5090972222222222;0.34000000000000025;6.109166666666667;0.5090972222222222;1.0;0.3406666666666669;12.0;1.0;0.5090972222222222;0.34000000000000025;6.109166666666667;0.5090972222222222;Now
02:16:07 28/02/2020;Friday;0.341;0.34100000000000025;1.0;0.7476630257007496;0.9693105881399966;1.0;0.34100000000000025;12.0;1.0;1.0;0.34100000000000025;12.0;1.0;1.0;0.34100000000000025;12.0;1.0;Now
07:00:38 28/02/2020;Friday;0.3404;0.34100000000000025;1.0;0.7476630257007496;0.9693105881399966;1.0;0.34100000000000025;12.0;1.0;1.0;0.34100000000000025;12.0;1.0;1.0;0.34100000000000025;12.0;1.0;Now
12:11:04 28/02/2020;Friday;0.3405;0.34100000000000025;1.0;0.7476630257007496;0.9693105881399966;0.9180555555555555;0.34100000000000025;11.016666666666667;0.9180555555555555;1.0;0.34166666666666695;12.0;1.0;0.9180555555555555;0.34100000000000025;11.016666666666667;0.9180555555555555;Now
18:27:36 28/02/2020;Friday;0.341;0.34100000000000025;1.0;0.7476630257007496;0.9693105881399966;0.3950925925925926;0.34100000000000025;4.7411111111111115;0.3950925925925926;1.0;0.3423333333333336;12.0;1.0;0.3950925925925926;0.34100000000000025;4.7411111111111115;0.3950925925925926;Now
23:12:04 28/02/2020;Friday;0.3425;0.34300000000000025;1.0;0.7463243262818114;0.9539247065614492;1.0;0.34300000000000025;12.0;1.0;1.0;0.34300000000000025;12.0;1.0;1.0;0.34300000000000025;12.0;1.0;Now
04:05:11 29/02/2020;Saturday;0.3414;0.34300000000000025;1.0;0.7463243262818114;0.9539247065614492;1.0;0.34300000000000025;12.0;1.0;1.0;0.3426666666666669;12.0;1.0;1.0;0.34300000000000025;12.0;1.0;Now
08:41:56 29/02/2020;Saturday;0.341;0.34300000000000025;1.0;0.7463243262818114;0.9539247065614492;1.0;0.34300000000000025;12.0;1.0;1.0;0.34250000000000025;12.0;1.0;1.0;0.34250000000000025;12.0;1.0;Now
14:00:10 29/02/2020;Saturday;0.3405;0.34200000000000025;1.0;0.7469939758793238;0.9616210940108585;1.0;0.34200000000000025;12.0;1.0;1.0;0.34133333333333354;12.0;1.0;1.0;0.34200000000000025;12.0;1.0;Now
21:15:28 29/02/2020;Saturday;0.3399;0.34100000000000025;1.0;0.7476630257007496;0.9693105881399966;1.0;0.34100000000000025;12.0;1.0;1.0;0.34050000000000025;12.0;1.0;1.0;0.34100000000000025;12.0;1.0;Now
21:15:28 29/02/2020;Saturday;0.3399;0.34100000000000025;1.0;0.7476630257007496;0.9693105881399966;1.0;0.34100000000000025;12.0;1.0;1.0;0.3403333333333336;12.0;1.0;1.0;0.34100000000000025;12.0;1.0;Now
02:50:58 01/03/2020;Sunday;0.3393;0.34000000000000025;1.0;0.7483314773547881;0.9769932074378956;1.0;0.34000000000000025;12.0;1.0;1.0;0.34000000000000025;12.0;1.0;1.0;0.34000000000000025;12.0;1.0;Now
08:42:17 01/03/2020;Sunday;0.339;0.34000000000000025;1.0;0.7483314773547881;0.9769932074378956;1.0;0.34000000000000025;12.0;1.0;1.0;0.33950000000000025;12.0;1.0;1.0;0.34000000000000025;12.0;1.0;Now
14:00:49 01/03/2020;Sunday;0.3386;0.34000000000000025;1.0;0.7483314773547881;0.9769932074378956;1.0;0.34000000000000025;12.0;1.0;1.0;0.33933333333333354;12.0;1.0;1.0;0.33950000000000025;12.0;1.0;Now
18:43:41 01/03/2020;Sunday;0.3386;0.33900000000000025;1.0;0.74899933244296;0.9846689703110832;1.0;0.33900000000000025;12.0;1.0;1.0;0.33900000000000025;12.0;1.0;1.0;0.33900000000000025;12.0;1.0;Now
20:34:32 01/03/2020;Sunday;0.339;0.33900000000000025;1.0;0.74899933244296;0.9846689703110832;1.0;0.33900000000000025;12.0;1.0;1.0;0.33900000000000025;12.0;1.0;1.0;0.33900000000000025;12.0;1.0;Now
02:34:44 02/03/2020;Monday;0.3381;0.33900000000000025;1.0;0.74899933244296;0.9846689703110832;1.0;0.33900000000000025;12.0;1.0;1.0;0.33900000000000025;12.0;1.0;1.0;0.33900000000000025;12.0;1.0;Now
09:50:15 02/03/2020;Monday;0.3379;0.33900000000000025;1.0;0.74899933244296;0.9846689703110832;0.9649074074074074;0.33900000000000025;11.578888888888889;0.9649074074074074;1.0;0.33933333333333354;12.0;1.0;0.9649074074074074;0.33900000000000025;11.578888888888889;0.9649074074074074;Now
14:25:59 02/03/2020;Monday;0.3381;0.33900000000000025;1.0;0.74899933244296;0.9846689703110832;0.5819444444444445;0.33900000000000025;6.983333333333333;0.5819444444444445;1.0;0.33950000000000025;12.0;1.0;0.5819444444444445;0.33900000000000025;6.983333333333333;0.5819444444444445;Now
21:24:59 02/03/2020;Monday;0.34;0.34000000000000025;1.0;0.7483314773547881;0.9769932074378956;0.44180555555555556;0.34000000000000025;5.301666666666667;0.44180555555555556;1.0;0.34133333333333354;12.0;1.0;0.44180555555555556;0.34000000000000025;5.301666666666667;0.44180555555555556;Now
02:43:05 03/03/2020;Tuesday;0.3407;0.34100000000000025;1.0;0.7476630257007496;0.9693105881399966;0.44185185185185183;0.34100000000000025;5.302222222222222;0.44185185185185183;1.0;0.34200000000000025;12.0;1.0;1.0;0.34200000000000025;12.0;1.0;Now
08:01:13 03/03/2020;Tuesday;0.3425;0.34300000000000025;1.0;0.7463243262818114;0.9539247065614492;1.0;0.34300000000000025;12.0;1.0;1.0;0.34300000000000025;12.0;1.0;1.0;0.34300000000000025;12.0;1.0;Now
14:43:14 03/03/2020;Tuesday;0.3414;0.34300000000000025;1.0;0.7463243262818114;0.9539247065614492;1.0;0.34300000000000025;12.0;1.0;1.0;0.34250000000000025;12.0;1.0;1.0;0.34300000000000025;12.0;1.0;Now
20:43:44 03/03/2020;Tuesday;0.3411;0.34200000000000025;1.0;0.7469939758793238;0.9616210940108585;1.0;0.34200000000000025;12.0;1.0;1.0;0.34200000000000025;12.0;1.0;1.0;0.34200000000000025;12.0;1.0;Now
03:33:41 04/03/2020;Wednesday;0.3419;0.34200000000000025;1.0;0.7469939758793238;0.9616210940108585;1.0;0.34200000000000025;12.0;1.0;1.0;0.34200000000000025;12.0;1.0;1.0;0.34200000000000025;12.0;1.0;Now
08:27:05 04/03/2020;Wednesday;0.3414;0.34200000000000025;1.0;0.7469939758793238;0.9616210940108585;1.0;0.34200000000000025;12.0;1.0;1.0;0.34200000000000025;12.0;1.0;1.0;0.34200000000000025;12.0;1.0;Now
14:35:34 04/03/2020;Wednesday;0.3417;0.34200000000000025;1.0;0.7469939758793238;0.9616210940108585;1.0;0.34200000000000025;12.0;1.0;1.0;0.34200000000000025;12.0;1.0;1.0;0.34200000000000025;12.0;1.0;Now
19:12:42 04/03/2020;Wednesday;0.342;0.34200000000000025;1.0;0.7469939758793238;0.9616210940108585;0.627175925925926;0.34200000000000025;7.526111111111111;0.627175925925926;1.0;0.34350000000000025;12.0;1.0;0.627175925925926;0.34200000000000025;7.526111111111111;0.627175925925926;Now
02:44:16 05/03/2020;Thursday;0.3447;0.34500000000000025;1.0;0.7449832212875668;0.9385111773300602;0.9770833333333333;0.34500000000000025;11.725;0.9770833333333333;1.0;0.34566666666666696;12.0;1.0;0.9770833333333333;0.34500000000000025;11.725;0.9770833333333333;Now
09:51:04 05/03/2020;Thursday;0.345;0.34500000000000025;1.0;0.7449832212875668;0.9385111773300602;0.38430555555555557;0.34500000000000025;4.611666666666666;0.38430555555555557;1.0;0.3463333333333336;12.0;1.0;0.38430555555555557;0.34500000000000025;4.611666666666666;0.38430555555555557;Now
14:27:46 05/03/2020;Thursday;0.3462;0.34700000000000025;1.0;0.7436396977031281;0.9230698508636939;1.0;0.34700000000000025;12.0;1.0;1.0;0.34700000000000025;12.0;1.0;1.0;0.34700000000000025;12.0;1.0;Now
19:12:35 05/03/2020;Thursday;0.3459;0.34700000000000025;1.0;0.7436396977031281;0.9230698508636939;1.0;0.34700000000000025;12.0;1.0;1.0;0.34700000000000025;12.0;1.0;1.0;0.34700000000000025;12.0;1.0;Now
02:28:14 06/03/2020;Friday;0.3464;0.34700000000000025;1.0;0.7436396977031281;0.9230698508636939;1.0;0.34700000000000025;12.0;1.0;1.0;0.34700000000000025;12.0;1.0;1.0;0.34700000000000025;12.0;1.0;Now
09:27:07 06/03/2020;Friday;0.3467;0.34700000000000025;1.0;0.7436396977031281;0.9230698508636939;0.8835416666666667;0.34700000000000025;10.6025;0.8835416666666667;1.0;0.34750000000000025;12.0;1.0;0.8835416666666667;0.34700000000000025;10.6025;0.8835416666666667;Now
20:03:16 06/03/2020;Friday;0.3475;0.34800000000000025;1.0;0.7429670248402683;0.9153387165532958;0.43050925925925926;0.34800000000000025;5.166111111111111;0.43050925925925926;1.0;0.3486666666666669;12.0;1.0;0.43050925925925926;0.34800000000000025;5.166111111111111;0.43050925925925926;Now
01:13:14 07/03/2020;Saturday;0.3481;0.34900000000000025;1.0;0.7422937423958252;0.9076005762265202;1.0;0.34900000000000025;12.0;1.0;1.0;0.34900000000000025;12.0;1.0;1.0;0.34900000000000025;12.0;1.0;Now
07:05:14 07/03/2020;Saturday;0.3486;0.34900000000000025;1.0;0.7422937423958252;0.9076005762265202;1.0;0.34900000000000025;12.0;1.0;1.0;0.34900000000000025;12.0;1.0;1.0;0.34900000000000025;12.0;1.0;Now
13:05:02 07/03/2020;Saturday;0.349;0.34900000000000025;1.0;0.7422937423958252;0.9076005762265202;1.0;0.34900000000000025;12.0;1.0;1.0;0.34900000000000025;12.0;1.0;1.0;0.34900000000000025;12.0;1.0;Now
19:55:43 07/03/2020;Saturday;0.3482;0.34900000000000025;1.0;0.7422937423958252;0.9076005762265202;1.0;0.34900000000000025;12.0;1.0;1.0;0.34900000000000025;12.0;1.0;1.0;0.34900000000000025;12.0;1.0;Now
03:19:25 08/03/2020;Sunday;0.3489;0.34900000000000025;1.0;0.7422937423958252;0.9076005762265202;1.0;0.34900000000000025;12.0;1.0;1.0;0.34900000000000025;12.0;1.0;1.0;0.34900000000000025;12.0;1.0;Now
08:04:09 08/03/2020;Sunday;0.3482;0.34900000000000025;1.0;0.7422937423958252;0.9076005762265202;1.0;0.34900000000000025;12.0;1.0;1.0;0.34900000000000025;12.0;1.0;1.0;0.34900000000000025;12.0;1.0;Now
20:55:06 08/03/2020;Sunday;0.3491;0.35000000000000026;1.0;0.7416198487095662;0.8998554108020546;1.0;0.35000000000000026;12.0;1.0;1.0;0.35000000000000026;12.0;1.0;1.0;0.35000000000000026;12.0;1.0;Now
02:10:52 09/03/2020;Monday;0.3491;0.35000000000000026;1.0;0.7416198487095662;0.8998554108020546;1.0;0.35000000000000026;12.0;1.0;1.0;0.35000000000000026;12.0;1.0;1.0;0.35000000000000026;12.0;1.0;Now
02:21:49 09/03/2020;Monday;0.3492;0.35000000000000026;1.0;0.7416198487095662;0.8998554108020546;1.0;0.35000000000000026;12.0;1.0;1.0;0.35000000000000026;12.0;1.0;1.0;0.35000000000000026;12.0;1.0;Now
15:20:04 09/03/2020;Monday;0.35;0.35000000000000026;1.0;0.7416198487095662;0.8998554108020546;0.4425;0.35000000000000026;5.31;0.4425;1.0;0.35100000000000026;12.0;1.0;1.0;0.35100000000000026;12.0;1.0;Now
20:38:40 09/03/2020;Monday;0.3513;0.35200000000000026;1.0;0.7402702209328698;0.8843439279003584;0.5928935185185186;0.35200000000000026;7.114722222222222;0.5928935185185186;1.0;0.35250000000000026;12.0;1.0;0.5928935185185186;0.35200000000000026;7.114722222222222;0.5928935185185186;Now
03:45:33 10/03/2020;Tuesday;0.3524;0.35300000000000026;1.0;0.7395944834840237;0.8765775718244126;0.9602314814814815;0.35300000000000026;11.522777777777778;0.9602314814814815;1.0;0.35366666666666696;12.0;1.0;0.9602314814814815;0.35300000000000026;11.522777777777778;0.9602314814814815;Now
10:02:33 10/03/2020;Tuesday;0.3525;0.35300000000000026;1.0;0.7395944834840237;0.8765775718244126;0.4366203703703704;0.35300000000000026;5.239444444444445;0.4366203703703704;1.0;0.35500000000000026;12.0;1.0;0.4366203703703704;0.35300000000000026;5.239444444444445;0.4366203703703704;Now
15:16:55 10/03/2020;Tuesday;0.3544;0.35500000000000026;1.0;0.7382411530116698;0.8610235332630215;0.490787037037037;0.35500000000000026;5.889444444444444;0.490787037037037;1.0;0.35600000000000026;12.0;1.0;1.0;0.35600000000000026;12.0;1.0;Now
21:10:17 10/03/2020;Tuesday;0.3568;0.35700000000000026;1.0;0.7368853370776214;0.8454409289020492;1.0;0.35700000000000026;12.0;1.0;1.0;0.35700000000000026;12.0;1.0;1.0;0.35700000000000026;12.0;1.0;Now
10:29:21 11/03/2020;Wednesday;0.3577;0.35800000000000026;1.0;0.7362064927722384;0.8376388652385132;0.5006712962962963;0.35800000000000026;6.008055555555556;0.5006712962962963;1.0;0.35933333333333356;12.0;1.0;0.5006712962962963;0.35800000000000026;6.008055555555556;0.5006712962962963;Now
16:29:50 11/03/2020;Wednesday;0.3588;0.35900000000000026;1.0;0.7355270219373314;0.8298296007732705;0.3841203703703704;0.35900000000000026;4.609444444444445;0.3841203703703704;1.0;0.3606666666666669;12.0;1.0;0.8852314814814815;0.36000000000000026;10.622777777777777;0.8852314814814815;Now
21:06:24 11/03/2020;Wednesday;0.3603;0.36100000000000027;1.0;0.7341661937191059;0.8141893894471374;0.5011111111111111;0.36100000000000027;6.013333333333334;0.5011111111111111;1.0;0.36166666666666697;12.0;1.0;0.5011111111111111;0.36100000000000027;6.013333333333334;0.5011111111111111;Now
03:07:12 12/03/2020;Thursday;0.3612;0.36200000000000027;1.0;0.7334848328356898;0.8063584023590803;0.8489814814814814;0.36200000000000027;10.187777777777777;0.8489814814814814;1.0;0.3623333333333336;12.0;1.0;0.8489814814814814;0.36200000000000027;10.187777777777777;0.8489814814814814;Now
07:43:18 12/03/2020;Thursday;0.3618;0.36200000000000027;1.0;0.7334848328356898;0.8063584023590803;0.46550925925925923;0.36200000000000027;5.586111111111111;0.46550925925925923;1.0;0.36250000000000027;12.0;1.0;1.0;0.36250000000000027;12.0;1.0;Now
13:18:28 12/03/2020;Thursday;0.3623;0.36300000000000027;1.0;0.7328028384224502;0.79852013401378;0.605462962962963;0.36300000000000027;7.265555555555555;0.605462962962963;1.0;0.36400000000000027;12.0;1.0;0.605462962962963;0.36300000000000027;7.265555555555555;0.605462962962963;Now
20:34:24 12/03/2020;Thursday;0.3641;0.36500000000000027;1.0;0.7314369419163894;0.782821672063694;0.5825462962962963;0.36500000000000027;6.990555555555556;0.5825462962962963;1.0;0.36600000000000027;12.0;1.0;0.5825462962962963;0.36500000000000027;6.990555555555556;0.5825462962962963;Now
03:33:50 13/03/2020;Friday;0.3664;0.36700000000000027;1.0;0.730068489937759;0.7670938396681012;1.0;0.36700000000000027;12.0;1.0;1.0;0.36700000000000027;12.0;1.0;1.0;0.36700000000000027;12.0;1.0;Now
09:34:17 13/03/2020;Friday;0.3669;0.36700000000000027;1.0;0.730068489937759;0.7670938396681012;0.9430092592592593;0.36700000000000027;11.31611111111111;0.9430092592592593;1.0;0.36733333333333357;12.0;1.0;0.9430092592592593;0.36700000000000027;11.31611111111111;0.9430092592592593;Now
14:10:24 13/03/2020;Friday;0.3664;0.36700000000000027;1.0;0.730068489937759;0.7670938396681012;0.5595138888888889;0.36700000000000027;6.714166666666666;0.5595138888888889;1.0;0.36750000000000027;12.0;1.0;0.5595138888888889;0.36700000000000027;6.714166666666666;0.5595138888888889;Now
20:53:15 13/03/2020;Friday;0.3675;0.36800000000000027;1.0;0.7293833011524187;0.7592188579051626;1.0;0.36800000000000027;12.0;1.0;1.0;0.36800000000000027;12.0;1.0;1.0;0.36800000000000027;12.0;1.0;Now
08:37:26 14/03/2020;Saturday;0.3666;0.36800000000000027;1.0;0.7293833011524187;0.7592188579051626;1.0;0.36800000000000027;12.0;1.0;1.0;0.36750000000000027;12.0;1.0;1.0;0.36800000000000027;12.0;1.0;Now
15:19:38 14/03/2020;Saturday;0.3664;0.36700000000000027;1.0;0.730068489937759;0.7670938396681012;1.0;0.36700000000000027;12.0;1.0;1.0;0.36700000000000027;12.0;1.0;1.0;0.36700000000000027;12.0;1.0;Now
21:45:18 14/03/2020;Saturday;0.3661;0.36700000000000027;1.0;0.730068489937759;0.7670938396681012;1.0;0.36700000000000027;12.0;1.0;1.0;0.36700000000000027;12.0;1.0;1.0;0.36700000000000027;12.0;1.0;Now
02:46:31 15/03/2020;Sunday;0.3659;0.36700000000000027;1.0;0.730068489937759;0.7670938396681012;1.0;0.36700000000000027;12.0;1.0;1.0;0.36700000000000027;12.0;1.0;1.0;0.36700000000000027;12.0;1.0;Now
09:38:07 15/03/2020;Sunday;0.3655;0.36700000000000027;1.0;0.730068489937759;0.7670938396681012;1.0;0.36700000000000027;12.0;1.0;1.0;0.36650000000000027;12.0;1.0;1.0;0.36700000000000027;12.0;1.0;Now
16:28:42 15/03/2020;Sunday;0.3652;0.36600000000000027;1.0;0.7307530362578043;0.7749614374770268;1.0;0.36600000000000027;12.0;1.0;1.0;0.36600000000000027;12.0;1.0;1.0;0.36600000000000027;12.0;1.0;Now
07:00:15 16/03/2020;Monday;0.3646;0.36500000000000027;1.0;0.7314369419163894;0.782821672063694;1.0;0.36500000000000027;12.0;1.0;1.0;0.36500000000000027;12.0;1.0;1.0;0.36500000000000027;12.0;1.0;Now
14:16:15 16/03/2020;Monday;0.3645;0.36500000000000027;1.0;0.7314369419163894;0.782821672063694;1.0;0.36500000000000027;12.0;1.0;1.0;0.36500000000000027;12.0;1.0;1.0;0.36500000000000027;12.0;1.0;Now
03:41:10 17/03/2020;Tuesday;0.3639;0.36400000000000027;1.0;0.7321202087089249;0.7906745640630374;1.0;0.36400000000000027;12.0;1.0;1.0;0.36400000000000027;12.0;1.0;1.0;0.36400000000000027;12.0;1.0;Now
08:18:15 17/03/2020;Tuesday;0.364;0.36400000000000027;1.0;0.7321202087089249;0.7906745640630374;1.0;0.36400000000000027;12.0;1.0;1.0;0.36400000000000027;12.0;1.0;1.0;0.36400000000000027;12.0;1.0;Now
13:30:29 17/03/2020;Tuesday;0.364;0.36400000000000027;1.0;0.7321202087089249;0.7906745640630374;1.0;0.36400000000000027;12.0;1.0;1.0;0.36400000000000027;12.0;1.0;1.0;0.36400000000000027;12.0;1.0;Now
14:44:17 17/03/2020;Tuesday;0.3635;0.36400000000000027;1.0;0.7321202087089249;0.7906745640630374;1.0;0.36400000000000027;12.0;1.0;1.0;0.36400000000000027;12.0;1.0;1.0;0.36400000000000027;12.0;1.0;Now
21:08:41 17/03/2020;Tuesday;0.3635;0.36400000000000027;1.0;0.7321202087089249;0.7906745640630374;1.0;0.36400000000000027;12.0;1.0;1.0;0.36400000000000027;12.0;1.0;1.0;0.36400000000000027;12.0;1.0;Now
02:44:45 18/03/2020;Wednesday;0.3633;0.36400000000000027;1.0;0.7321202087089249;0.7906745640630374;1.0;0.36400000000000027;12.0;1.0;1.0;0.36400000000000027;12.0;1.0;1.0;0.36400000000000027;12.0;1.0;Now
09:10:42 18/03/2020;Wednesday;0.362;0.36400000000000027;1.0;0.7321202087089249;0.7906745640630374;1.0;0.36400000000000027;12.0;1.0;1.0;0.36300000000000027;12.0;1.0;1.0;0.36300000000000027;12.0;1.0;Now
14:55:03 18/03/2020;Wednesday;0.3615;0.36200000000000027;1.0;0.7334848328356898;0.8063584023590803;1.0;0.36200000000000027;12.0;1.0;1.0;0.36200000000000027;12.0;1.0;1.0;0.36200000000000027;12.0;1.0;Now
22:28:22 18/03/2020;Wednesday;0.3607;0.36200000000000027;1.0;0.7334848328356898;0.8063584023590803;1.0;0.36200000000000027;12.0;1.0;1.0;0.36150000000000027;12.0;1.0;1.0;0.36200000000000027;12.0;1.0;Now
04:37:14 19/03/2020;Thursday;0.3597;0.36100000000000027;1.0;0.7341661937191059;0.8141893894471374;1.0;0.36100000000000027;12.0;1.0;1.0;0.36050000000000026;12.0;1.0;1.0;0.36100000000000027;12.0;1.0;Now
10:55:13 19/03/2020;Thursday;0.3576;0.36000000000000026;1.0;0.7348469228349533;0.8220131155318221;1.0;0.36000000000000026;12.0;1.0;1.0;0.3586666666666669;12.0;1.0;1.0;0.36000000000000026;12.0;1.0;Now
17:12:50 19/03/2020;Thursday;0.3564;0.35800000000000026;1.0;0.7362064927722384;0.8376388652385132;1.0;0.35800000000000026;12.0;1.0;1.0;0.35766666666666697;12.0;1.0;1.0;0.35800000000000026;12.0;1.0;Now
22:06:45 19/03/2020;Thursday;0.3552;0.35800000000000026;1.0;0.7362064927722384;0.8376388652385132;1.0;0.35800000000000026;12.0;1.0;1.0;0.35750000000000026;12.0;1.0;1.0;0.35800000000000026;12.0;1.0;Now
04:08:03 20/03/2020;Friday;0.3539;0.35700000000000026;1.0;0.7368853370776214;0.8454409289020492;1.0;0.35700000000000026;12.0;1.0;1.0;0.35550000000000026;12.0;1.0;1.0;0.35700000000000026;12.0;1.0;Now
10:25:14 20/03/2020;Friday;0.3533;0.35400000000000026;1.0;0.7389181280764465;0.8688041134522215;1.0;0.35400000000000026;12.0;1.0;1.0;0.35400000000000026;12.0;1.0;1.0;0.35400000000000026;12.0;1.0;Now
17:16:13 20/03/2020;Friday;0.3529;0.35400000000000026;1.0;0.7389181280764465;0.8688041134522215;1.0;0.35400000000000026;12.0;1.0;1.0;0.35350000000000026;12.0;1.0;1.0;0.35400000000000026;12.0;1.0;Now
23:58:45 20/03/2020;Friday;0.3527;0.35300000000000026;1.0;0.7395944834840237;0.8765775718244126;1.0;0.35300000000000026;12.0;1.0;1.0;0.35300000000000026;12.0;1.0;1.0;0.35300000000000026;12.0;1.0;Now
06:50:13 21/03/2020;Saturday;0.3517;0.35300000000000026;1.0;0.7395944834840237;0.8765775718244126;1.0;0.35300000000000026;12.0;1.0;1.0;0.3526666666666669;12.0;1.0;1.0;0.35300000000000026;12.0;1.0;Now
11:35:36 21/03/2020;Saturday;0.3508;0.35300000000000026;1.0;0.7395944834840237;0.8765775718244126;1.0;0.35300000000000026;12.0;1.0;1.0;0.35200000000000026;12.0;1.0;1.0;0.35300000000000026;12.0;1.0;Now
16:37:15 21/03/2020;Saturday;0.3505;0.35200000000000026;1.0;0.7402702209328698;0.8843439279003584;1.0;0.35200000000000026;12.0;1.0;1.0;0.35150000000000026;12.0;1.0;1.0;0.35150000000000026;12.0;1.0;Now
22:12:44 21/03/2020;Saturday;0.3498;0.35100000000000026;1.0;0.740945342113708;0.8921032011118052;1.0;0.35100000000000026;12.0;1.0;1.0;0.35050000000000026;12.0;1.0;1.0;0.35100000000000026;12.0;1.0;Now
05:04:16 22/03/2020;Sunday;0.3484;0.35000000000000026;1.0;0.7416198487095662;0.8998554108020546;1.0;0.35000000000000026;12.0;1.0;1.0;0.35000000000000026;12.0;1.0;1.0;0.35000000000000026;12.0;1.0;Now
18:29:15 22/03/2020;Sunday;0.3474;0.34800000000000025;1.0;0.7429670248402683;0.9153387165532958;1.0;0.34800000000000025;12.0;1.0;1.0;0.34800000000000025;12.0;1.0;1.0;0.34800000000000025;12.0;1.0;Now
01:37:09 23/03/2020;Monday;0.348;0.34800000000000025;1.0;0.7429670248402683;0.9153387165532958;1.0;0.34800000000000025;12.0;1.0;1.0;0.34800000000000025;12.0;1.0;1.0;0.34800000000000025;12.0;1.0;Now
07:37:38 23/03/2020;Monday;0.3473;0.34800000000000025;1.0;0.7429670248402683;0.9153387165532958;1.0;0.34800000000000025;12.0;1.0;1.0;0.34800000000000025;12.0;1.0;1.0;0.34800000000000025;12.0;1.0;Now
19:22:37 23/03/2020;Monday;0.3466;0.34800000000000025;1.0;0.7429670248402683;0.9153387165532958;1.0;0.34800000000000025;12.0;1.0;1.0;0.34750000000000025;12.0;1.0;1.0;0.34800000000000025;12.0;1.0;Now
06:16:54 24/03/2020;Tuesday;0.3469;0.34700000000000025;1.0;0.7436396977031281;0.9230698508636939;1.0;0.34700000000000025;12.0;1.0;1.0;0.34700000000000025;12.0;1.0;1.0;0.34700000000000025;12.0;1.0;Now
11:01:49 24/03/2020;Tuesday;0.3461;0.34700000000000025;1.0;0.7436396977031281;0.9230698508636939;1.0;0.34700000000000025;12.0;1.0;1.0;0.34700000000000025;12.0;1.0;1.0;0.34700000000000025;12.0;1.0;Now
17:41:46 24/03/2020;Tuesday;0.346;0.34700000000000025;1.0;0.7436396977031281;0.9230698508636939;1.0;0.34700000000000025;12.0;1.0;1.0;0.34650000000000025;12.0;1.0;1.0;0.34700000000000025;12.0;1.0;Now
00:43:15 25/03/2020;Wednesday;0.3454;0.34600000000000025;1.0;0.7443117626371357;0.9307939981528123;1.0;0.34600000000000025;12.0;1.0;1.0;0.34600000000000025;12.0;1.0;1.0;0.34600000000000025;12.0;1.0;Now
07:59:15 25/03/2020;Wednesday;0.3439;0.34600000000000025;1.0;0.7443117626371357;0.9307939981528123;1.0;0.34600000000000025;12.0;1.0;1.0;0.34500000000000025;12.0;1.0;1.0;0.34600000000000025;12.0;1.0;Now
14:00:11 25/03/2020;Wednesday;0.3434;0.34400000000000025;1.0;0.7456540752922898;0.9462214072197163;1.0;0.34400000000000025;12.0;1.0;1.0;0.34400000000000025;12.0;1.0;1.0;0.34400000000000025;12.0;1.0;Now
20:21:55 25/03/2020;Wednesday;0.3422;0.34400000000000025;1.0;0.7456540752922898;0.9462214072197163;1.0;0.34400000000000025;12.0;1.0;1.0;0.34350000000000025;12.0;1.0;1.0;0.34400000000000025;12.0;1.0;Now
03:04:05 26/03/2020;Thursday;0.3417;0.34300000000000025;1.0;0.7463243262818114;0.9539247065614492;1.0;0.34300000000000025;12.0;1.0;1.0;0.34250000000000025;12.0;1.0;1.0;0.34300000000000025;12.0;1.0;Now
09:29:14 26/03/2020;Thursday;0.3413;0.34200000000000025;1.0;0.7469939758793238;0.9616210940108585;1.0;0.34200000000000025;12.0;1.0;1.0;0.34200000000000025;12.0;1.0;1.0;0.34200000000000025;12.0;1.0;Now
19:32:52 26/03/2020;Thursday;0.3411;0.34200000000000025;1.0;0.7469939758793238;0.9616210940108585;1.0;0.34200000000000025;12.0;1.0;1.0;0.34200000000000025;12.0;1.0;1.0;0.34200000000000025;12.0;1.0;Now
02:49:00 27/03/2020;Friday;0.3406;0.34200000000000025;1.0;0.7469939758793238;0.9616210940108585;1.0;0.34200000000000025;12.0;1.0;1.0;0.34133333333333354;12.0;1.0;1.0;0.34150000000000025;12.0;1.0;Now
07:59:05 27/03/2020;Friday;0.3399;0.34100000000000025;1.0;0.7476630257007496;0.9693105881399966;1.0;0.34100000000000025;12.0;1.0;1.0;0.34100000000000025;12.0;1.0;1.0;0.34100000000000025;12.0;1.0;Now
14:33:04 27/03/2020;Friday;0.3395;0.34100000000000025;1.0;0.7476630257007496;0.9693105881399966;1.0;0.34100000000000025;12.0;1.0;1.0;0.34100000000000025;12.0;1.0;1.0;0.34100000000000025;12.0;1.0;Now
21:49:15 27/03/2020;Friday;0.3408;0.34100000000000025;1.0;0.7476630257007496;0.9693105881399966;0.5587037037037037;0.34100000000000025;6.704444444444444;0.5587037037037037;1.0;0.34200000000000025;12.0;1.0;0.5587037037037037;0.34100000000000025;6.704444444444444;0.5587037037037037;Now
04:31:31 28/03/2020;Saturday;0.3412;0.34200000000000025;1.0;0.7469939758793238;0.9616210940108585;0.3960185185185185;0.34200000000000025;4.752222222222223;0.3960185185185185;1.0;0.34300000000000025;12.0;1.0;0.9194444444444444;0.34250000000000025;11.033333333333333;0.9194444444444444;Now
09:16:39 28/03/2020;Saturday;0.3422;0.34300000000000025;1.0;0.7463243262818114;0.9539247065614492;0.523425925925926;0.34300000000000025;6.2811111111111115;0.523425925925926;1.0;0.34400000000000025;12.0;1.0;0.523425925925926;0.34300000000000025;6.2811111111111115;0.523425925925926;Now
15:33:31 28/03/2020;Saturday;0.3435;0.34400000000000025;1.0;0.7456540752922898;0.9462214072197163;0.4546527777777778;0.34400000000000025;5.4558333333333335;0.4546527777777778;1.0;0.34500000000000025;12.0;1.0;0.4546527777777778;0.34400000000000025;5.4558333333333335;0.4546527777777778;Now
21:00:52 28/03/2020;Saturday;0.3445;0.34500000000000025;1.0;0.7449832212875668;0.9385111773300602;0.38363425925925926;0.34500000000000025;4.603611111111111;0.38363425925925926;1.0;0.34600000000000025;12.0;1.0;0.8500231481481482;0.34550000000000025;10.200277777777778;0.8500231481481482;Now
01:37:05 29/03/2020;Sunday;0.3454;0.34600000000000025;1.0;0.7443117626371357;0.9307939981528123;0.4663888888888889;0.34600000000000025;5.596666666666667;0.4663888888888889;1.0;0.34650000000000025;12.0;1.0;1.0;0.34650000000000025;12.0;1.0;Now
07:12:53 29/03/2020;Sunday;0.3464;0.34700000000000025;1.0;0.7436396977031281;0.9230698508636939;0.6280787037037037;0.34700000000000025;7.536944444444444;0.6280787037037037;1.0;0.34750000000000025;12.0;1.0;0.6280787037037037;0.34700000000000025;7.536944444444444;0.6280787037037037;Now
14:45:06 29/03/2020;Sunday;0.3479;0.34800000000000025;1.0;0.7429670248402683;0.9153387165532958;0.5009953703703703;0.34800000000000025;6.0119444444444445;0.5009953703703703;1.0;0.34850000000000025;12.0;1.0;0.5009953703703703;0.34800000000000025;6.0119444444444445;0.5009953703703703;Now
20:45:49 29/03/2020;Sunday;0.3486;0.34900000000000025;1.0;0.7422937423958252;0.9076005762265202;0.5011574074074074;0.34900000000000025;6.013888888888889;0.5011574074074074;1.0;0.34950000000000025;12.0;1.0;0.5011574074074074;0.34900000000000025;6.013888888888889;0.5011574074074074;Now
02:46:39 30/03/2020;Monday;0.3492;0.35000000000000026;1.0;0.7416198487095662;0.8998554108020546;0.6171296296296296;0.35000000000000026;7.405555555555556;0.6171296296296296;1.0;0.35050000000000026;12.0;1.0;0.6171296296296296;0.35000000000000026;7.405555555555556;0.6171296296296296;Now
10:10:59 30/03/2020;Monday;0.3501;0.35100000000000026;1.0;0.740945342113708;0.8921032011118052;1.0;0.35100000000000026;12.0;1.0;1.0;0.35100000000000026;12.0;1.0;1.0;0.35100000000000026;12.0;1.0;Now
16:36:28 30/03/2020;Monday;0.3505;0.35100000000000026;1.0;0.740945342113708;0.8921032011118052;1.0;0.35100000000000026;12.0;1.0;1.0;0.35100000000000026;12.0;1.0;1.0;0.35100000000000026;12.0;1.0;Now
21:29:52 30/03/2020;Monday;0.3502;0.35100000000000026;1.0;0.740945342113708;0.8921032011118052;1.0;0.35100000000000026;12.0;1.0;1.0;0.35100000000000026;12.0;1.0;1.0;0.35100000000000026;12.0;1.0;Now
02:31:27 31/03/2020;Tuesday;0.3501;0.35100000000000026;1.0;0.740945342113708;0.8921032011118052;1.0;0.35100000000000026;12.0;1.0;1.0;0.35100000000000026;12.0;1.0;1.0;0.35100000000000026;12.0;1.0;Now
07:24:52 31/03/2020;Tuesday;0.3502;0.35100000000000026;1.0;0.740945342113708;0.8921032011118052;;;;;;;;;;;;;Now
13:34:03 31/03/2020;Tuesday;0.3509;0.35100000000000026;1.0;0.740945342113708;0.8921032011118052;;;;;;;;;;;;;Now
19:19:42 31/03/2020;Tuesday;0.3512;0.35200000000000026;1.0;0.7402702209328698;0.8843439279003584;;;;;;;;;;;;;Now
