19:47:52 01/07/2020;Wednesday;0.27;0.2700000000000002;1.0;0.7937253933193771;NaN;1.0;0.2700000000000002;12.0;1.0;1.0;0.2700000000000002;12.0;1.0;1.0;0.2700000000000002;12.0;1.0;Now
19:47:58 02/07/2020;Thursday;0.27;0.2700000000000002;1.0;0.7937253933193771;NaN;1.0;0.2700000000000002;12.0;1.0;1.0;0.2700000000000002;12.0;1.0;1.0;0.2700000000000002;12.0;1.0;Now
21:22:48 02/07/2020;Thursday;0.27;0.2700000000000002;1.0;0.7937253933193771;NaN;1.0;0.2700000000000002;12.0;1.0;1.0;0.2700000000000002;12.0;1.0;1.0;0.2700000000000002;12.0;1.0;Now
21:22:59 03/07/2020;Friday;0.27;0.2700000000000002;1.0;0.7937253933193771;NaN;1.0;0.2700000000000002;12.0;1.0;1.0;0.2700000000000002;12.0;1.0;1.0;0.2700000000000002;12.0;1.0;Now
21:23:25 04/07/2020;Saturday;0.27;0.2700000000000002;1.0;0.7937253933193771;NaN;1.0;0.2700000000000002;12.0;1.0;1.0;0.2700000000000002;12.0;1.0;1.0;0.2700000000000002;12.0;1.0;Now
21:23:44 05/07/2020;Sunday;0.27;0.2700000000000002;1.0;0.7937253933193771;NaN;1.0;0.2700000000000002;12.0;1.0;1.0;0.2700000000000002;12.0;1.0;1.0;0.2700000000000002;12.0;1.0;Now
21:23:55 06/07/2020;Monday;0.27;0.2700000000000002;1.0;0.7937253933193771;NaN;1.0;0.2700000000000002;12.0;1.0;1.0;0.2700000000000002;12.0;1.0;1.0;0.2700000000000002;12.0;1.0;Now
21:23:56 07/07/2020;Tuesday;0.27;0.2700000000000002;1.0;0.7937253933193771;NaN;1.0;0.2700000000000002;12.0;1.0;1.0;0.2700000000000002;12.0;1.0;1.0;0.2700000000000002;12.0;1.0;Now
21:24:05 08/07/2020;Wednesday;0.27;0.2700000000000002;1.0;0.7937253933193771;NaN;1.0;0.2700000000000002;12.0;1.0;1.0;0.2700000000000002;12.0;1.0;1.0;0.2700000000000002;12.0;1.0;Now
21:24:19 09/07/2020;Thursday;0.27;0.2700000000000002;1.0;0.7937253933193771;NaN;1.0;0.2700000000000002;12.0;1.0;1.0;0.2700000000000002;12.0;1.0;1.0;0.2700000000000002;12.0;1.0;Now
21:24:22 10/07/2020;Friday;0.27;0.2700000000000002;1.0;0.7937253933193771;NaN;1.0;0.2700000000000002;12.0;1.0;1.0;0.2700000000000002;12.0;1.0;1.0;0.2700000000000002;12.0;1.0;Now
21:24:34 11/07/2020;Saturday;0.27;0.2700000000000002;1.0;0.7937253933193771;NaN;1.0;0.2700000000000002;12.0;1.0;1.0;0.2700000000000002;12.0;1.0;1.0;0.2700000000000002;12.0;1.0;Now
21:24:56 12/07/2020;Sunday;0.27;0.2700000000000002;1.0;0.7937253933193771;NaN;1.0;0.2700000000000002;12.0;1.0;1.0;0.2700000000000002;12.0;1.0;1.0;0.2700000000000002;12.0;1.0;Now
21:25:20 13/07/2020;Monday;0.27;0.2700000000000002;1.0;0.7937253933193771;NaN;1.0;0.2700000000000002;12.0;1.0;1.0;0.2700000000000002;12.0;1.0;1.0;0.2700000000000002;12.0;1.0;Now
06:01:37 14/07/2020;Tuesday;0.27;0.2700000000000002;1.0;0.7937253933193771;NaN;1.0;0.2700000000000002;12.0;1.0;1.0;0.2700000000000002;12.0;1.0;1.0;0.2700000000000002;12.0;1.0;Now
06:01:49 15/07/2020;Wednesday;0.27;0.2700000000000002;1.0;0.7937253933193771;NaN;1.0;0.2700000000000002;12.0;1.0;1.0;0.2700000000000002;12.0;1.0;1.0;0.2700000000000002;12.0;1.0;Now
06:02:16 16/07/2020;Thursday;0.27;0.2700000000000002;1.0;0.7937253933193771;NaN;1.0;0.2700000000000002;12.0;1.0;1.0;0.2700000000000002;12.0;1.0;1.0;0.2700000000000002;12.0;1.0;Now
07:01:38 16/07/2020;Thursday;0.27;0.2700000000000002;1.0;0.7937253933193771;NaN;1.0;0.2700000000000002;12.0;1.0;1.0;0.2700000000000002;12.0;1.0;1.0;0.2700000000000002;12.0;1.0;Now
21:23:08 16/07/2020;Thursday;0.27;0.2700000000000002;1.0;0.7937253933193771;NaN;1.0;0.2700000000000002;12.0;1.0;1.0;0.2700000000000002;12.0;1.0;1.0;0.2700000000000002;12.0;1.0;Now
21:23:23 17/07/2020;Friday;0.27;0.2700000000000002;1.0;0.7937253933193771;NaN;1.0;0.2700000000000002;12.0;1.0;1.0;0.2700000000000002;12.0;1.0;1.0;0.2700000000000002;12.0;1.0;Now
21:23:34 18/07/2020;Saturday;0.27;0.2700000000000002;1.0;0.7937253933193771;NaN;1.0;0.2700000000000002;12.0;1.0;1.0;0.2700000000000002;12.0;1.0;1.0;0.2700000000000002;12.0;1.0;Now
21:23:48 19/07/2020;Sunday;0.27;0.2700000000000002;1.0;0.7937253933193771;NaN;1.0;0.2700000000000002;12.0;1.0;1.0;0.2700000000000002;12.0;1.0;1.0;0.2700000000000002;12.0;1.0;Now
21:24:06 20/07/2020;Monday;0.27;0.2700000000000002;1.0;0.7937253933193771;NaN;1.0;0.2700000000000002;12.0;1.0;1.0;0.2700000000000002;12.0;1.0;1.0;0.2700000000000002;12.0;1.0;Now
13:46:20 21/07/2020;Tuesday;0.27;0.2700000000000002;1.0;0.7937253933193771;NaN;1.0;0.2700000000000002;12.0;1.0;1.0;0.2700000000000002;12.0;1.0;1.0;0.2700000000000002;12.0;1.0;Now
13:46:21 22/07/2020;Wednesday;0.27;0.2700000000000002;1.0;0.7937253933193771;NaN;1.0;0.2700000000000002;12.0;1.0;1.0;0.2700000000000002;12.0;1.0;1.0;0.2700000000000002;12.0;1.0;Now
13:46:26 23/07/2020;Thursday;0.27;0.2700000000000002;1.0;0.7937253933193771;NaN;1.0;0.2700000000000002;12.0;1.0;1.0;0.2700000000000002;12.0;1.0;1.0;0.2700000000000002;12.0;1.0;Now
13:46:32 24/07/2020;Friday;0.27;0.2700000000000002;1.0;0.7937253933193771;NaN;1.0;0.2700000000000002;12.0;1.0;1.0;0.2700000000000002;12.0;1.0;1.0;0.2700000000000002;12.0;1.0;Now
23:46:28 24/07/2020;Friday;0.27;0.2700000000000002;1.0;0.7937253933193771;NaN;1.0;0.2700000000000002;12.0;1.0;1.0;0.2700000000000002;12.0;1.0;1.0;0.2700000000000002;12.0;1.0;Now
23:46:46 25/07/2020;Saturday;0.27;0.2700000000000002;1.0;0.7937253933193771;NaN;1.0;0.2700000000000002;12.0;1.0;1.0;0.2700000000000002;12.0;1.0;1.0;0.2700000000000002;12.0;1.0;Now
23:46:48 26/07/2020;Sunday;0.27;0.2700000000000002;1.0;0.7937253933193771;NaN;1.0;0.2700000000000002;12.0;1.0;1.0;0.2700000000000002;12.0;1.0;1.0;0.2700000000000002;12.0;1.0;Now
23:47:01 27/07/2020;Monday;0.27;0.2700000000000002;1.0;0.7937253933193771;NaN;1.0;0.2700000000000002;12.0;1.0;1.0;0.2700000000000002;12.0;1.0;1.0;0.2700000000000002;12.0;1.0;Now
23:47:13 28/07/2020;Tuesday;0.27;0.2700000000000002;1.0;0.7937253933193771;NaN;1.0;0.2700000000000002;12.0;1.0;1.0;0.2700000000000002;12.0;1.0;1.0;0.2700000000000002;12.0;1.0;Now
15:08:44 29/07/2020;Wednesday;0.27;0.2700000000000002;1.0;0.7937253933193771;NaN;1.0;0.2700000000000002;12.0;1.0;1.0;0.2700000000000002;12.0;1.0;1.0;0.2700000000000002;12.0;1.0;Now
15:08:47 30/07/2020;Thursday;0.27;0.2700000000000002;1.0;0.7937253933193771;NaN;1.0;0.2700000000000002;12.0;1.0;1.0;0.2700000000000002;12.0;1.0;1.0;0.2700000000000002;12.0;1.0;Now
20:10:58 30/07/2020;Thursday;0.27;0.2700000000000002;1.0;0.7937253933193771;NaN;1.0;0.2700000000000002;12.0;1.0;1.0;0.2700000000000002;12.0;1.0;1.0;0.2700000000000002;12.0;1.0;Now
20:11:10 31/07/2020;Friday;0.27;0.2700000000000002;1.0;0.7937253933193771;NaN;1.0;0.2700000000000002;12.0;1.0;1.0;0.2700000000000002;12.0;1.0;1.0;0.2700000000000002;12.0;1.0;Now
20:11:10 31/07/2020;Friday;0.27;0.2700000000000002;1.0;0.7937253933193771;NaN;1.0;0.2700000000000002;12.0;1.0;1.0;0.2700000000000002;12.0;1.0;1.0;0.2700000000000002;12.0;1.0;Now
20:11:12 01/08/2020;Saturday;0.27;0.2700000000000002;1.0;0.7937253933193771;NaN;1.0;0.2700000000000002;12.0;1.0;1.0;0.2700000000000002;12.0;1.0;1.0;0.2700000000000002;12.0;1.0;Now
02:15:26 02/08/2020;Sunday;0.27;0.2700000000000002;1.0;0.7937253933193771;NaN;1.0;0.2700000000000002;12.0;1.0;1.0;0.2700000000000002;12.0;1.0;1.0;0.2700000000000002;12.0;1.0;Now
02:15:29 03/08/2020;Monday;0.27;0.2700000000000002;1.0;0.7937253933193771;NaN;1.0;0.2700000000000002;12.0;1.0;1.0;0.2700000000000002;12.0;1.0;1.0;0.2700000000000002;12.0;1.0;Now
00:14:57 04/08/2020;Tuesday;0.27;0.2700000000000002;1.0;0.7937253933193771;NaN;1.0;0.2700000000000002;12.0;1.0;1.0;0.2700000000000002;12.0;1.0;1.0;0.2700000000000002;12.0;1.0;Now
00:15:01 05/08/2020;Wednesday;0.27;0.2700000000000002;1.0;0.7937253933193771;NaN;1.0;0.2700000000000002;12.0;1.0;1.0;0.2700000000000002;12.0;1.0;1.0;0.2700000000000002;12.0;1.0;Now
00:15:12 06/08/2020;Thursday;0.27;0.2700000000000002;1.0;0.7937253933193771;NaN;1.0;0.2700000000000002;12.0;1.0;1.0;0.2700000000000002;12.0;1.0;1.0;0.2700000000000002;12.0;1.0;Now
00:15:20 07/08/2020;Friday;0.27;0.2700000000000002;1.0;0.7937253933193771;NaN;1.0;0.2700000000000002;12.0;1.0;1.0;0.2700000000000002;12.0;1.0;1.0;0.2700000000000002;12.0;1.0;Now
20:13:46 07/08/2020;Friday;0.27;0.2700000000000002;1.0;0.7937253933193771;NaN;1.0;0.2700000000000002;12.0;1.0;1.0;0.2700000000000002;12.0;1.0;1.0;0.2700000000000002;12.0;1.0;Now
20:14:42 08/08/2020;Saturday;0.27;0.2700000000000002;1.0;0.7937253933193771;NaN;1.0;0.2700000000000002;12.0;1.0;1.0;0.2700000000000002;12.0;1.0;1.0;0.2700000000000002;12.0;1.0;Now
20:15:42 09/08/2020;Sunday;0.27;0.2700000000000002;1.0;0.7937253933193771;NaN;1.0;0.2700000000000002;12.0;1.0;1.0;0.2700000000000002;12.0;1.0;1.0;0.2700000000000002;12.0;1.0;Now
20:15:43 10/08/2020;Monday;0.27;0.2700000000000002;1.0;0.7937253933193771;NaN;1.0;0.2700000000000002;12.0;1.0;1.0;0.2700000000000002;12.0;1.0;1.0;0.2700000000000002;12.0;1.0;Now
20:16:11 11/08/2020;Tuesday;0.27;0.2700000000000002;1.0;0.7937253933193771;NaN;1.0;0.2700000000000002;12.0;1.0;1.0;0.2700000000000002;12.0;1.0;1.0;0.2700000000000002;12.0;1.0;Now
20:16:16 12/08/2020;Wednesday;0.27;0.2700000000000002;1.0;0.7937253933193771;NaN;1.0;0.2700000000000002;12.0;1.0;1.0;0.2700000000000002;12.0;1.0;1.0;0.2700000000000002;12.0;1.0;Now
20:16:23 13/08/2020;Thursday;0.27;0.2700000000000002;1.0;0.7937253933193771;NaN;1.0;0.2700000000000002;12.0;1.0;1.0;0.2700000000000002;12.0;1.0;1.0;0.2700000000000002;12.0;1.0;Now
20:16:32 14/08/2020;Friday;0.27;0.2700000000000002;1.0;0.7937253933193771;NaN;1.0;0.2700000000000002;12.0;1.0;1.0;0.2700000000000002;12.0;1.0;1.0;0.2700000000000002;12.0;1.0;Now
21:02:12 14/08/2020;Friday;0.27;0.2700000000000002;1.0;0.7937253933193771;NaN;1.0;0.2700000000000002;12.0;1.0;1.0;0.2700000000000002;12.0;1.0;1.0;0.2700000000000002;12.0;1.0;Now
21:02:25 15/08/2020;Saturday;0.27;0.2700000000000002;1.0;0.7937253933193771;NaN;1.0;0.2700000000000002;12.0;1.0;1.0;0.2700000000000002;12.0;1.0;1.0;0.2700000000000002;12.0;1.0;Now
21:02:34 16/08/2020;Sunday;0.27;0.2700000000000002;1.0;0.7937253933193771;NaN;1.0;0.2700000000000002;12.0;1.0;1.0;0.2700000000000002;12.0;1.0;1.0;0.2700000000000002;12.0;1.0;Now
21:02:43 17/08/2020;Monday;0.27;0.2700000000000002;1.0;0.7937253933193771;NaN;1.0;0.2700000000000002;12.0;1.0;1.0;0.2700000000000002;12.0;1.0;1.0;0.2700000000000002;12.0;1.0;Now
21:02:44 18/08/2020;Tuesday;0.27;0.2700000000000002;1.0;0.7937253933193771;NaN;1.0;0.2700000000000002;12.0;1.0;1.0;0.2700000000000002;12.0;1.0;1.0;0.2700000000000002;12.0;1.0;Now
21:02:45 19/08/2020;Wednesday;0.27;0.2700000000000002;1.0;0.7937253933193771;NaN;1.0;0.2700000000000002;12.0;1.0;1.0;0.2700000000000002;12.0;1.0;1.0;0.2700000000000002;12.0;1.0;Now
21:02:47 20/08/2020;Thursday;0.27;0.2700000000000002;1.0;0.7937253933193771;NaN;1.0;0.2700000000000002;12.0;1.0;1.0;0.2700000000000002;12.0;1.0;1.0;0.2700000000000002;12.0;1.0;Now
21:02:59 21/08/2020;Friday;0.27;0.2700000000000002;1.0;0.7937253933193771;NaN;1.0;0.2700000000000002;12.0;1.0;1.0;0.2700000000000002;12.0;1.0;1.0;0.2700000000000002;12.0;1.0;Now
21:03:04 22/08/2020;Saturday;0.27;0.2700000000000002;1.0;0.7937253933193771;NaN;1.0;0.2700000000000002;12.0;1.0;1.0;0.2700000000000002;12.0;1.0;1.0;0.2700000000000002;12.0;1.0;Now
21:03:37 23/08/2020;Sunday;0.27;0.2700000000000002;1.0;0.7937253933193771;NaN;1.0;0.2700000000000002;12.0;1.0;1.0;0.2700000000000002;12.0;1.0;1.0;0.2700000000000002;12.0;1.0;Now
21:03:43 24/08/2020;Monday;0.27;0.2700000000000002;1.0;0.7937253933193771;NaN;1.0;0.2700000000000002;12.0;1.0;1.0;0.2700000000000002;12.0;1.0;1.0;0.2700000000000002;12.0;1.0;Now
21:04:05 25/08/2020;Tuesday;0.27;0.2700000000000002;1.0;0.7937253933193771;NaN;1.0;0.2700000000000002;12.0;1.0;1.0;0.2700000000000002;12.0;1.0;1.0;0.2700000000000002;12.0;1.0;Now
21:04:07 26/08/2020;Wednesday;0.27;0.2700000000000002;1.0;0.7937253933193771;NaN;1.0;0.2700000000000002;12.0;1.0;1.0;0.2700000000000002;12.0;1.0;1.0;0.2700000000000002;12.0;1.0;Now
21:04:08 27/08/2020;Thursday;0.27;0.2700000000000002;1.0;0.7937253933193771;NaN;1.0;0.2700000000000002;12.0;1.0;1.0;0.2700000000000002;12.0;1.0;1.0;0.2700000000000002;12.0;1.0;Now
21:05:06 28/08/2020;Friday;0.27;0.2700000000000002;1.0;0.7937253933193771;NaN;1.0;0.2700000000000002;12.0;1.0;1.0;0.2700000000000002;12.0;1.0;1.0;0.2700000000000002;12.0;1.0;Now
21:05:15 29/08/2020;Saturday;0.27;0.2700000000000002;1.0;0.7937253933193771;NaN;1.0;0.2700000000000002;12.0;1.0;1.0;0.2700000000000002;12.0;1.0;1.0;0.2700000000000002;12.0;1.0;Now
21:05:18 30/08/2020;Sunday;0.27;0.2700000000000002;1.0;0.7937253933193771;NaN;1.0;0.2700000000000002;12.0;1.0;1.0;0.2700000000000002;12.0;1.0;1.0;0.2700000000000002;12.0;1.0;Now
07:47:51 31/08/2020;Monday;0.27;0.2700000000000002;1.0;0.7937253933193771;NaN;1.0;0.2700000000000002;12.0;1.0;1.0;0.2700000000000002;12.0;1.0;1.0;0.2700000000000002;12.0;1.0;Now
07:47:51 31/08/2020;Monday;0.27;0.2700000000000002;1.0;0.7937253933193771;NaN;1.0;0.2700000000000002;12.0;1.0;1.0;0.2700000000000002;12.0;1.0;1.0;0.2700000000000002;12.0;1.0;Now
07:47:54 01/09/2020;Tuesday;0.27;0.2700000000000002;1.0;0.7937253933193771;NaN;1.0;0.2700000000000002;12.0;1.0;1.0;0.2700000000000002;12.0;1.0;1.0;0.2700000000000002;12.0;1.0;Now
07:47:55 02/09/2020;Wednesday;0.27;0.2700000000000002;1.0;0.7937253933193771;NaN;1.0;0.2700000000000002;12.0;1.0;1.0;0.2700000000000002;12.0;1.0;1.0;0.2700000000000002;12.0;1.0;Now
07:48:20 03/09/2020;Thursday;0.27;0.2700000000000002;1.0;0.7937253933193771;NaN;1.0;0.2700000000000002;12.0;1.0;1.0;0.2700000000000002;12.0;1.0;1.0;0.2700000000000002;12.0;1.0;Now
07:48:22 04/09/2020;Friday;0.27;0.2700000000000002;1.0;0.7937253933193771;NaN;1.0;0.2700000000000002;12.0;1.0;1.0;0.2700000000000002;12.0;1.0;1.0;0.2700000000000002;12.0;1.0;Now
07:48:55 05/09/2020;Saturday;0.27;0.2700000000000002;1.0;0.7937253933193771;NaN;1.0;0.2700000000000002;12.0;1.0;1.0;0.2700000000000002;12.0;1.0;1.0;0.2700000000000002;12.0;1.0;Now
07:49:31 06/09/2020;Sunday;0.27;0.2700000000000002;1.0;0.7937253933193771;NaN;1.0;0.2700000000000002;12.0;1.0;1.0;0.2700000000000002;12.0;1.0;1.0;0.2700000000000002;12.0;1.0;Now
07:49:58 07/09/2020;Monday;0.27;0.2700000000000002;1.0;0.7937253933193771;NaN;1.0;0.2700000000000002;12.0;1.0;1.0;0.2700000000000002;12.0;1.0;1.0;0.2700000000000002;12.0;1.0;Now
07:50:02 08/09/2020;Tuesday;0.27;0.2700000000000002;1.0;0.7937253933193771;NaN;1.0;0.2700000000000002;12.0;1.0;1.0;0.2700000000000002;12.0;1.0;1.0;0.2700000000000002;12.0;1.0;Now
04:53:09 09/09/2020;Wednesday;0.27;0.2700000000000002;1.0;0.7937253933193771;NaN;1.0;0.2700000000000002;12.0;1.0;1.0;0.2700000000000002;12.0;1.0;1.0;0.2700000000000002;12.0;1.0;Now
04:53:21 10/09/2020;Thursday;0.27;0.2700000000000002;1.0;0.7937253933193771;NaN;1.0;0.2700000000000002;12.0;1.0;1.0;0.2700000000000002;12.0;1.0;1.0;0.2700000000000002;12.0;1.0;Now
04:53:28 11/09/2020;Friday;0.27;0.2700000000000002;1.0;0.7937253933193771;NaN;1.0;0.2700000000000002;12.0;1.0;1.0;0.2700000000000002;12.0;1.0;1.0;0.2700000000000002;12.0;1.0;Now
04:54:11 12/09/2020;Saturday;0.27;0.2700000000000002;1.0;0.7937253933193771;NaN;1.0;0.2700000000000002;12.0;1.0;1.0;0.2700000000000002;12.0;1.0;1.0;0.2700000000000002;12.0;1.0;Now
04:54:12 13/09/2020;Sunday;0.27;0.2700000000000002;1.0;0.7937253933193771;NaN;1.0;0.2700000000000002;12.0;1.0;1.0;0.2700000000000002;12.0;1.0;1.0;0.2700000000000002;12.0;1.0;Now
04:54:22 14/09/2020;Monday;0.27;0.2700000000000002;1.0;0.7937253933193771;NaN;1.0;0.2700000000000002;12.0;1.0;1.0;0.2700000000000002;12.0;1.0;1.0;0.2700000000000002;12.0;1.0;Now
04:54:29 15/09/2020;Tuesday;0.27;0.2700000000000002;1.0;0.7937253933193771;NaN;1.0;0.2700000000000002;12.0;1.0;1.0;0.2700000000000002;12.0;1.0;1.0;0.2700000000000002;12.0;1.0;Now
04:54:42 16/09/2020;Wednesday;0.27;0.2700000000000002;1.0;0.7937253933193771;NaN;1.0;0.2700000000000002;12.0;1.0;1.0;0.2700000000000002;12.0;1.0;1.0;0.2700000000000002;12.0;1.0;Now
04:54:56 17/09/2020;Thursday;0.27;0.2700000000000002;1.0;0.7937253933193771;NaN;1.0;0.2700000000000002;12.0;1.0;1.0;0.2700000000000002;12.0;1.0;1.0;0.2700000000000002;12.0;1.0;Now
04:55:06 18/09/2020;Friday;0.27;0.2700000000000002;1.0;0.7937253933193771;NaN;1.0;0.2700000000000002;12.0;1.0;1.0;0.2700000000000002;12.0;1.0;1.0;0.2700000000000002;12.0;1.0;Now
04:55:21 19/09/2020;Saturday;0.27;0.2700000000000002;1.0;0.7937253933193771;NaN;1.0;0.2700000000000002;12.0;1.0;1.0;0.2700000000000002;12.0;1.0;1.0;0.2700000000000002;12.0;1.0;Now
04:55:28 20/09/2020;Sunday;0.27;0.2700000000000002;1.0;0.7937253933193771;NaN;1.0;0.2700000000000002;12.0;1.0;1.0;0.2700000000000002;12.0;1.0;1.0;0.2700000000000002;12.0;1.0;Now
04:55:28 21/09/2020;Monday;0.27;0.2700000000000002;1.0;0.7937253933193771;NaN;1.0;0.2700000000000002;12.0;1.0;1.0;0.2700000000000002;12.0;1.0;1.0;0.2700000000000002;12.0;1.0;Now
04:55:33 22/09/2020;Tuesday;0.27;0.2700000000000002;1.0;0.7937253933193771;NaN;1.0;0.2700000000000002;12.0;1.0;1.0;0.2700000000000002;12.0;1.0;1.0;0.2700000000000002;12.0;1.0;Now
04:55:34 23/09/2020;Wednesday;0.27;0.2700000000000002;1.0;0.7937253933193771;NaN;1.0;0.2700000000000002;12.0;1.0;1.0;0.2700000000000002;12.0;1.0;1.0;0.2700000000000002;12.0;1.0;Now
04:55:44 24/09/2020;Thursday;0.27;0.2700000000000002;1.0;0.7937253933193771;NaN;1.0;0.2700000000000002;12.0;1.0;1.0;0.2700000000000002;12.0;1.0;1.0;0.2700000000000002;12.0;1.0;Now
04:56:21 25/09/2020;Friday;0.27;0.2700000000000002;1.0;0.7937253933193771;NaN;1.0;0.2700000000000002;12.0;1.0;1.0;0.2700000000000002;12.0;1.0;1.0;0.2700000000000002;12.0;1.0;Now
04:56:22 26/09/2020;Saturday;0.27;0.2700000000000002;1.0;0.7937253933193771;NaN;1.0;0.2700000000000002;12.0;1.0;1.0;0.2700000000000002;12.0;1.0;1.0;0.2700000000000002;12.0;1.0;Now
04:56:24 27/09/2020;Sunday;0.27;0.2700000000000002;1.0;0.7937253933193771;NaN;1.0;0.2700000000000002;12.0;1.0;1.0;0.2700000000000002;12.0;1.0;1.0;0.2700000000000002;12.0;1.0;Now
04:56:33 28/09/2020;Monday;0.27;0.2700000000000002;1.0;0.7937253933193771;NaN;1.0;0.2700000000000002;12.0;1.0;1.0;0.2700000000000002;12.0;1.0;1.0;0.2700000000000002;12.0;1.0;Now
04:57:02 29/09/2020;Tuesday;0.27;0.2700000000000002;1.0;0.7937253933193771;NaN;1.0;0.2700000000000002;12.0;1.0;1.0;0.2700000000000002;12.0;1.0;1.0;0.2700000000000002;12.0;1.0;Now
04:57:05 30/09/2020;Wednesday;0.27;0.2700000000000002;1.0;0.7937253933193771;NaN;;;;;;;;;;;;;Now
