11:15:08 01/04/2020;Wednesday;0.2801;0.2880000000000002;1.0;0.46475800154488983;0.0;1.0;0.2880000000000002;12.0;1.0;1.0;0.2860000000000002;12.0;1.0;1.0;0.2860000000000002;12.0;1.0;Now
16:42:08 01/04/2020;Wednesday;0.2758;0.2840000000000002;1.0;0.46904157598234275;0.03673114785667156;1.0;0.2840000000000002;12.0;1.0;1.0;0.2800000000000002;12.0;1.0;1.0;0.2840000000000002;12.0;1.0;Now
00:15:12 02/04/2020;Thursday;0.2733;0.2760000000000002;1.0;0.4774934554525327;0.10920502195862607;1.0;0.2760000000000002;12.0;1.0;1.0;0.2745000000000002;12.0;1.0;1.0;0.2750000000000002;12.0;1.0;Now
05:08:42 02/04/2020;Thursday;0.2714;0.2740000000000002;1.0;0.47958315233127174;0.12712392733761843;1.0;0.2740000000000002;12.0;1.0;1.0;0.2740000000000002;12.0;1.0;1.0;0.2740000000000002;12.0;1.0;Now
11:43:54 02/04/2020;Thursday;0.2714;0.2740000000000002;1.0;0.47958315233127174;0.12712392733761843;1.0;0.2740000000000002;12.0;1.0;1.0;0.2733333333333335;12.0;1.0;1.0;0.2740000000000002;12.0;1.0;Now
12:07:49 02/04/2020;Thursday;0.2683;0.2740000000000002;1.0;0.47958315233127174;0.12712392733761843;1.0;0.2740000000000002;12.0;1.0;1.0;0.2716666666666669;12.0;1.0;1.0;0.2740000000000002;12.0;1.0;Now
18:50:33 02/04/2020;Thursday;0.2675;0.2720000000000002;1.0;0.4816637831516916;0.1449650923309909;1.0;0.2720000000000002;12.0;1.0;1.0;0.27033333333333354;12.0;1.0;0.8614814814814815;0.2705000000000002;10.337777777777777;0.8614814814814815;Now
23:44:02 02/04/2020;Thursday;0.2669;0.2690000000000002;1.0;0.4847679857416327;0.17158326506805385;0.5575231481481482;0.2690000000000002;5.4463888888888885;0.45386574074074076;1.0;0.2696666666666669;12.0;1.0;0.5575231481481482;0.2690000000000002;5.4463888888888885;0.45386574074074076;Now
05:10:49 03/04/2020;Friday;0.2693;0.2700000000000002;1.0;0.4837354648979128;0.16272952006384134;1.0;0.2700000000000002;12.0;1.0;1.0;0.2700000000000002;12.0;1.0;1.0;0.2700000000000002;12.0;1.0;Now
10:29:24 03/04/2020;Friday;0.2662;0.2700000000000002;1.0;0.4837354648979128;0.16272952006384134;1.0;0.2700000000000002;12.0;1.0;1.0;0.2685000000000002;12.0;1.0;1.0;0.2700000000000002;12.0;1.0;Now
17:36:50 03/04/2020;Friday;0.2617;0.2670000000000002;1.0;0.48682645778552325;0.189234421154401;1.0;0.2670000000000002;12.0;1.0;1.0;0.2645000000000002;12.0;1.0;1.0;0.2645000000000002;12.0;1.0;Now
23:28:50 03/04/2020;Friday;0.2576;0.2620000000000002;1.0;0.49193495504995355;0.2330391853962863;1.0;0.2620000000000002;12.0;1.0;1.0;0.25933333333333347;12.0;1.0;1.0;0.2620000000000002;12.0;1.0;Now
05:38:11 04/04/2020;Saturday;0.2547;0.2580000000000002;1.0;0.4959838707054896;0.26775816174985684;1.0;0.2580000000000002;12.0;1.0;1.0;0.2570000000000002;12.0;1.0;1.0;0.2580000000000002;12.0;1.0;Now
10:23:04 04/04/2020;Saturday;0.2524;0.2580000000000002;1.0;0.4959838707054896;0.26775816174985684;1.0;0.2580000000000002;12.0;1.0;1.0;0.2565000000000002;12.0;1.0;1.0;0.2580000000000002;12.0;1.0;Now
17:05:33 04/04/2020;Saturday;0.2505;0.25500000000000017;1.0;0.4989989979949858;0.29361252424414414;1.0;0.25500000000000017;12.0;1.0;1.0;0.25300000000000017;12.0;1.0;1.0;0.25500000000000017;12.0;1.0;Now
00:21:33 05/04/2020;Sunday;0.2481;0.25100000000000017;1.0;0.5029910535983715;0.32784393232659675;1.0;0.25100000000000017;12.0;1.0;1.0;0.25000000000000017;12.0;1.0;1.0;0.25100000000000017;12.0;1.0;Now
06:13:28 05/04/2020;Sunday;0.2474;0.2490000000000002;1.0;0.5049752469181037;0.3448581570745249;0.431412037037037;0.2490000000000002;5.176944444444445;0.431412037037037;1.0;0.24966666666666684;12.0;1.0;1.0;0.24950000000000017;12.0;1.0;Now
11:24:05 05/04/2020;Sunday;0.2492;0.25000000000000017;1.0;0.5039841267341659;0.33635941786699597;1.0;0.25000000000000017;12.0;1.0;1.0;0.25000000000000017;12.0;1.0;1.0;0.25000000000000017;12.0;1.0;Now
17:49:35 05/04/2020;Sunday;0.2491;0.25000000000000017;1.0;0.5039841267341659;0.33635941786699597;1.0;0.25000000000000017;12.0;1.0;1.0;0.25000000000000017;12.0;1.0;1.0;0.25000000000000017;12.0;1.0;Now
01:13:59 06/04/2020;Monday;0.2493;0.25000000000000017;1.0;0.5039841267341659;0.33635941786699597;0.5590046296296296;0.25000000000000017;6.708055555555555;0.5590046296296296;1.0;0.25050000000000017;12.0;1.0;0.5590046296296296;0.25000000000000017;6.708055555555555;0.5590046296296296;Now
07:56:28 06/04/2020;Monday;0.2505;0.25100000000000017;1.0;0.5029910535983715;0.32784393232659675;1.0;0.25100000000000017;12.0;1.0;1.0;0.25100000000000017;12.0;1.0;1.0;0.25100000000000017;12.0;1.0;Now
14:30:41 06/04/2020;Monday;0.251;0.25100000000000017;1.0;0.5029910535983715;0.32784393232659675;0.4538888888888889;0.25100000000000017;5.446666666666666;0.4538888888888889;1.0;0.25350000000000017;12.0;1.0;0.4538888888888889;0.25100000000000017;5.446666666666666;0.4538888888888889;Now
19:57:29 06/04/2020;Monday;0.2525;0.25300000000000017;1.0;0.5009990019950138;0.31076232371923956;0.45414351851851853;0.25300000000000017;5.449722222222222;0.45414351851851853;1.0;0.25500000000000017;12.0;1.0;0.45414351851851853;0.25300000000000017;5.449722222222222;0.45414351851851853;Now
01:24:28 07/04/2020;Tuesday;0.2542;0.25500000000000017;1.0;0.4989989979949858;0.29361252424414414;0.46574074074074073;0.25500000000000017;5.588888888888889;0.46574074074074073;1.0;0.2565000000000002;12.0;1.0;0.46574074074074073;0.25500000000000017;5.588888888888889;0.46574074074074073;Now
01:44:13 07/04/2020;Tuesday;0.2542;0.25500000000000017;1.0;0.4989989979949858;0.29361252424414414;0.43831018518518516;0.25500000000000017;5.259722222222222;0.43831018518518516;1.0;0.2570000000000002;12.0;1.0;0.43831018518518516;0.25500000000000017;5.259722222222222;0.43831018518518516;Now
06:59:48 07/04/2020;Tuesday;0.2568;0.2570000000000002;1.0;0.4969909455915669;0.2763937106549535;0.43127314814814816;0.2570000000000002;5.175277777777778;0.43127314814814816;1.0;0.2590000000000002;12.0;1.0;0.43127314814814816;0.2570000000000002;5.175277777777778;0.43127314814814816;Now
12:10:19 07/04/2020;Tuesday;0.2587;0.2590000000000002;1.0;0.49497474683058307;0.2591050430061262;0.45699074074074075;0.2590000000000002;5.483888888888889;0.45699074074074075;1.0;0.2610000000000002;12.0;1.0;0.45699074074074075;0.2590000000000002;5.483888888888889;0.45699074074074075;Now
17:39:21 07/04/2020;Tuesday;0.2603;0.2610000000000002;1.0;0.4929503017546493;0.24174566417482268;0.3958333333333333;0.2610000000000002;4.75;0.3958333333333333;1.0;0.26233333333333353;12.0;1.0;1.0;0.2620000000000002;12.0;1.0;Now
22:24:21 07/04/2020;Tuesday;0.2621;0.2630000000000002;1.0;0.4909175083453429;0.22431469936504597;1.0;0.2630000000000002;12.0;1.0;1.0;0.2630000000000002;12.0;1.0;1.0;0.2630000000000002;12.0;1.0;Now
05:07:20 08/04/2020;Wednesday;0.2619;0.2630000000000002;1.0;0.4909175083453429;0.22431469936504597;0.5006712962962963;0.2630000000000002;6.008055555555556;0.5006712962962963;1.0;0.2656666666666669;12.0;1.0;0.5006712962962963;0.2630000000000002;6.008055555555556;0.5006712962962963;Now
11:07:49 08/04/2020;Wednesday;0.267;0.2670000000000002;1.0;0.48682645778552325;0.189234421154401;1.0;0.2670000000000002;12.0;1.0;1.0;0.2670000000000002;12.0;1.0;1.0;0.2670000000000002;12.0;1.0;Now
14:40:59 08/04/2020;Wednesday;0.267;0.2670000000000002;1.0;0.48682645778552325;0.189234421154401;1.0;0.2670000000000002;12.0;1.0;1.0;0.2670000000000002;12.0;1.0;1.0;0.2670000000000002;12.0;1.0;Now
18:32:38 08/04/2020;Wednesday;0.2614;0.2670000000000002;1.0;0.48682645778552325;0.189234421154401;1.0;0.2670000000000002;12.0;1.0;1.0;0.2670000000000002;12.0;1.0;1.0;0.2670000000000002;12.0;1.0;Now
21:48:33 08/04/2020;Wednesday;0.2614;0.2670000000000002;1.0;0.48682645778552325;0.189234421154401;1.0;0.2670000000000002;12.0;1.0;1.0;0.26666666666666683;12.0;1.0;1.0;0.2670000000000002;12.0;1.0;Now
01:15:07 09/04/2020;Thursday;0.2632;0.2670000000000002;1.0;0.48682645778552325;0.189234421154401;0.9675925925925926;0.2670000000000002;11.61111111111111;0.9675925925925926;1.0;0.26866666666666683;12.0;1.0;0.9675925925925926;0.2670000000000002;11.61111111111111;0.9675925925925926;Now
08:14:37 09/04/2020;Thursday;0.2652;0.2660000000000002;1.0;0.4878524367060185;0.19803206993506478;0.429375;0.2660000000000002;4.6194444444444445;0.3849537037037037;1.0;0.27066666666666683;12.0;1.0;1.0;0.2695000000000002;12.0;1.0;Now
12:51:47 09/04/2020;Thursday;0.2724;0.2730000000000002;1.0;0.48062459362791643;0.13605416417828967;1.0;0.2730000000000002;12.0;1.0;1.0;0.2730000000000002;12.0;1.0;1.0;0.2730000000000002;12.0;1.0;Now
19:42:38 09/04/2020;Thursday;0.2633;0.2730000000000002;1.0;0.48062459362791643;0.13605416417828967;1.0;0.2730000000000002;12.0;1.0;1.0;0.2670000000000002;12.0;1.0;1.0;0.2730000000000002;12.0;1.0;Now
01:43:08 10/04/2020;Friday;0.2627;0.2640000000000002;1.0;0.48989794855663543;0.2155720938857772;1.0;0.2640000000000002;12.0;1.0;1.0;0.2636666666666669;12.0;1.0;1.0;0.2640000000000002;12.0;1.0;Now
06:28:10 10/04/2020;Friday;0.26;0.2640000000000002;1.0;0.48989794855663543;0.2155720938857772;1.0;0.2640000000000002;12.0;1.0;1.0;0.2635000000000002;12.0;1.0;1.0;0.2640000000000002;12.0;1.0;Now
13:11:00 10/04/2020;Friday;0.2553;0.2630000000000002;1.0;0.4909175083453429;0.22431469936504597;1.0;0.2630000000000002;12.0;1.0;1.0;0.2595000000000002;12.0;1.0;1.0;0.2630000000000002;12.0;1.0;Now
19:45:24 10/04/2020;Friday;0.2537;0.25600000000000017;1.0;0.49799598391954913;0.2850117963135017;1.0;0.25600000000000017;12.0;1.0;1.0;0.25533333333333347;12.0;1.0;1.0;0.25600000000000017;12.0;1.0;Now
02:44:51 11/04/2020;Saturday;0.2542;0.25500000000000017;1.0;0.4989989979949858;0.29361252424414414;1.0;0.25500000000000017;12.0;1.0;1.0;0.25500000000000017;12.0;1.0;1.0;0.25500000000000017;12.0;1.0;Now
07:21:49 11/04/2020;Saturday;0.2521;0.25500000000000017;1.0;0.4989989979949858;0.29361252424414414;1.0;0.25500000000000017;12.0;1.0;1.0;0.25500000000000017;12.0;1.0;1.0;0.25500000000000017;12.0;1.0;Now
14:12:51 11/04/2020;Saturday;0.2496;0.25500000000000017;1.0;0.4989989979949858;0.29361252424414414;1.0;0.25500000000000017;12.0;1.0;1.0;0.25250000000000017;12.0;1.0;1.0;0.25500000000000017;12.0;1.0;Now
21:37:37 11/04/2020;Saturday;0.2478;0.25000000000000017;1.0;0.5039841267341659;0.33635941786699597;1.0;0.25000000000000017;12.0;1.0;1.0;0.24866666666666684;12.0;1.0;1.0;0.25000000000000017;12.0;1.0;Now
02:39:20 12/04/2020;Sunday;0.2479;0.2480000000000002;1.0;0.5059644256269404;0.35334024836101563;1.0;0.2480000000000002;12.0;1.0;1.0;0.2480000000000002;12.0;1.0;1.0;0.2480000000000002;12.0;1.0;Now
08:15:12 12/04/2020;Sunday;0.2471;0.2480000000000002;1.0;0.5059644256269404;0.35334024836101563;1.0;0.2480000000000002;12.0;1.0;1.0;0.2480000000000002;12.0;1.0;1.0;0.2480000000000002;12.0;1.0;Now
14:23:48 12/04/2020;Sunday;0.2418;0.2480000000000002;1.0;0.5059644256269404;0.35334024836101563;1.0;0.2480000000000002;12.0;1.0;1.0;0.2450000000000002;12.0;1.0;1.0;0.2480000000000002;12.0;1.0;Now
21:06:47 12/04/2020;Sunday;0.2413;0.2420000000000002;1.0;0.5118593556827888;0.40388858145239886;1.0;0.2420000000000002;12.0;1.0;1.0;0.2420000000000002;12.0;1.0;1.0;0.2420000000000002;12.0;1.0;Now
03:57:54 13/04/2020;Monday;0.2408;0.2420000000000002;1.0;0.5118593556827888;0.40388858145239886;1.0;0.2420000000000002;12.0;1.0;1.0;0.2420000000000002;12.0;1.0;1.0;0.2420000000000002;12.0;1.0;Now
08:43:26 13/04/2020;Monday;0.2416;0.2420000000000002;1.0;0.5118593556827888;0.40388858145239886;1.0;0.2420000000000002;12.0;1.0;1.0;0.2420000000000002;12.0;1.0;1.0;0.2420000000000002;12.0;1.0;Now
14:10:18 13/04/2020;Monday;0.2387;0.2420000000000002;1.0;0.5118593556827888;0.40388858145239886;0.9437268518518519;0.2420000000000002;11.324722222222222;0.9437268518518519;1.0;0.2423333333333335;12.0;1.0;0.9437268518518519;0.2420000000000002;11.324722222222222;0.9437268518518519;Now
20:19:17 13/04/2020;Monday;0.2393;0.2420000000000002;1.0;0.5118593556827888;0.40388858145239886;0.5221296296296296;0.2420000000000002;5.175;0.43125;1.0;0.24266666666666684;12.0;1.0;0.5221296296296296;0.2420000000000002;5.175;0.43125;Now
01:29:47 14/04/2020;Tuesday;0.2426;0.2430000000000002;1.0;0.5108815909777918;0.3955043639086891;1.0;0.2430000000000002;12.0;1.0;1.0;0.2430000000000002;12.0;1.0;1.0;0.2430000000000002;12.0;1.0;Now
07:13:51 14/04/2020;Tuesday;0.24;0.2430000000000002;1.0;0.5108815909777918;0.3955043639086891;0.5825694444444445;0.2430000000000002;6.990833333333334;0.5825694444444445;1.0;0.2440000000000002;12.0;1.0;0.5825694444444445;0.2430000000000002;6.990833333333334;0.5825694444444445;Now
14:13:18 14/04/2020;Tuesday;0.2441;0.2450000000000002;1.0;0.5089204259999787;0.3786876044889052;0.617337962962963;0.2450000000000002;7.408055555555555;0.617337962962963;1.0;0.2470000000000002;12.0;1.0;0.617337962962963;0.2450000000000002;7.408055555555555;0.617337962962963;Now
21:37:47 14/04/2020;Tuesday;0.2481;0.2490000000000002;1.0;0.5049752469181037;0.3448581570745249;1.0;0.2490000000000002;12.0;1.0;1.0;0.2490000000000002;12.0;1.0;1.0;0.2490000000000002;12.0;1.0;Now
03:04:50 15/04/2020;Wednesday;0.2475;0.2490000000000002;1.0;0.5049752469181037;0.3448581570745249;1.0;0.2490000000000002;12.0;1.0;1.0;0.2490000000000002;12.0;1.0;1.0;0.2490000000000002;12.0;1.0;Now
08:31:47 15/04/2020;Wednesday;0.2482;0.2490000000000002;1.0;0.5049752469181037;0.3448581570745249;1.0;0.2490000000000002;12.0;1.0;1.0;0.2490000000000002;12.0;1.0;1.0;0.2490000000000002;12.0;1.0;Now
15:39:59 15/04/2020;Wednesday;0.2485;0.2490000000000002;1.0;0.5049752469181037;0.3448581570745249;1.0;0.2490000000000002;12.0;1.0;1.0;0.2490000000000002;12.0;1.0;1.0;0.2490000000000002;12.0;1.0;Now
21:57:17 15/04/2020;Wednesday;0.2479;0.2490000000000002;1.0;0.5049752469181037;0.3448581570745249;0.4897222222222222;0.2490000000000002;5.876666666666667;0.4897222222222222;1.0;0.24950000000000017;12.0;1.0;1.0;0.24950000000000017;12.0;1.0;Now
03:49:53 16/04/2020;Thursday;0.2491;0.25000000000000017;1.0;0.5039841267341659;0.33635941786699597;0.5707175925925926;0.25000000000000017;6.848611111111111;0.5707175925925926;1.0;0.25050000000000017;12.0;1.0;0.5707175925925926;0.25000000000000017;6.848611111111111;0.5707175925925926;Now
10:40:48 16/04/2020;Thursday;0.2506;0.25100000000000017;1.0;0.5029910535983715;0.32784393232659675;0.8993981481481481;0.25100000000000017;10.792777777777777;0.8993981481481481;1.0;0.25200000000000017;12.0;1.0;0.8993981481481481;0.25100000000000017;10.792777777777777;0.8993981481481481;Now
16:17:50 16/04/2020;Thursday;0.2491;0.25100000000000017;1.0;0.5029910535983715;0.32784393232659675;0.4312962962962963;0.25100000000000017;5.1755555555555555;0.4312962962962963;1.0;0.25300000000000017;12.0;1.0;0.4312962962962963;0.25100000000000017;5.1755555555555555;0.4312962962962963;Now
21:28:22 16/04/2020;Thursday;0.2539;0.25400000000000017;1.0;0.49999999999999983;0.3021959989071542;1.0;0.25400000000000017;12.0;1.0;1.0;0.25400000000000017;12.0;1.0;1.0;0.25400000000000017;12.0;1.0;Now
00:27:15 17/04/2020;Friday;0.2539;0.25400000000000017;1.0;0.49999999999999983;0.3021959989071542;1.0;0.25400000000000017;12.0;1.0;1.0;0.25400000000000017;12.0;1.0;1.0;0.25400000000000017;12.0;1.0;Now
04:54:41 17/04/2020;Friday;0.2526;0.25400000000000017;1.0;0.49999999999999983;0.3021959989071542;1.0;0.25400000000000017;12.0;1.0;1.0;0.25400000000000017;12.0;1.0;1.0;0.25400000000000017;12.0;1.0;Now
11:53:41 17/04/2020;Friday;0.2457;0.25400000000000017;1.0;0.49999999999999983;0.3021959989071542;1.0;0.25400000000000017;12.0;1.0;1.0;0.24866666666666684;12.0;1.0;1.0;0.25400000000000017;12.0;1.0;Now
18:44:46 17/04/2020;Friday;0.2429;0.2460000000000002;1.0;0.5079370039680116;0.3702548760306667;0.8862037037037037;0.2460000000000002;10.634444444444444;0.8862037037037037;1.0;0.24633333333333352;12.0;1.0;0.8862037037037037;0.2460000000000002;10.634444444444444;0.8862037037037037;Now
23:46:44 17/04/2020;Friday;0.2457;0.2460000000000002;1.0;0.5079370039680116;0.3702548760306667;0.5578703703703703;0.2460000000000002;5.601666666666667;0.46680555555555553;1.0;0.24666666666666684;12.0;1.0;0.5578703703703703;0.2460000000000002;5.601666666666667;0.46680555555555553;Now
05:22:50 18/04/2020;Saturday;0.2469;0.2470000000000002;1.0;0.5069516742254628;0.3618057891781796;1.0;0.2470000000000002;12.0;1.0;1.0;0.2470000000000002;12.0;1.0;1.0;0.2470000000000002;12.0;1.0;Now
10:41:10 18/04/2020;Saturday;0.2429;0.2470000000000002;1.0;0.5069516742254628;0.3618057891781796;1.0;0.2470000000000002;12.0;1.0;1.0;0.24566666666666684;12.0;1.0;1.0;0.2470000000000002;12.0;1.0;Now
16:25:10 18/04/2020;Saturday;0.2397;0.2470000000000002;1.0;0.5069516742254628;0.3618057891781796;1.0;0.2470000000000002;12.0;1.0;1.0;0.2440000000000002;12.0;1.0;1.0;0.2450000000000002;12.0;1.0;Now
21:10:25 18/04/2020;Saturday;0.2395;0.2430000000000002;1.0;0.5108815909777918;0.3955043639086891;1.0;0.2430000000000002;12.0;1.0;1.0;0.2425000000000002;12.0;1.0;1.0;0.2430000000000002;12.0;1.0;Now
03:11:10 19/04/2020;Sunday;0.2414;0.2420000000000002;1.0;0.5118593556827888;0.40388858145239886;0.5361805555555555;0.2420000000000002;6.434166666666667;0.5361805555555555;1.0;0.2435000000000002;12.0;1.0;0.5361805555555555;0.2420000000000002;6.434166666666667;0.5361805555555555;Now
09:37:13 19/04/2020;Sunday;0.245;0.2450000000000002;1.0;0.5089204259999787;0.3786876044889052;0.5475231481481482;0.2450000000000002;6.570277777777778;0.5475231481481482;1.0;0.2465000000000002;12.0;1.0;0.5475231481481482;0.2450000000000002;6.570277777777778;0.5475231481481482;Now
16:11:26 19/04/2020;Sunday;0.2478;0.2480000000000002;1.0;0.5059644256269404;0.35334024836101563;0.9784722222222222;0.2480000000000002;11.741666666666667;0.9784722222222222;1.0;0.24833333333333352;12.0;1.0;0.9784722222222222;0.2480000000000002;11.741666666666667;0.9784722222222222;Now
23:03:10 19/04/2020;Sunday;0.2468;0.2480000000000002;1.0;0.5059644256269404;0.35334024836101563;0.40662037037037035;0.2480000000000002;4.879444444444444;0.40662037037037035;1.0;0.2485000000000002;12.0;1.0;1.0;0.2485000000000002;12.0;1.0;Now
03:55:56 20/04/2020;Monday;0.2488;0.2490000000000002;1.0;0.5049752469181037;0.3448581570745249;0.617337962962963;0.2490000000000002;7.408055555555555;0.617337962962963;1.0;0.24950000000000017;12.0;1.0;0.617337962962963;0.2490000000000002;7.408055555555555;0.617337962962963;Now
11:20:25 20/04/2020;Monday;0.2493;0.25000000000000017;1.0;0.5039841267341659;0.33635941786699597;1.0;0.25000000000000017;12.0;1.0;1.0;0.25000000000000017;12.0;1.0;1.0;0.25000000000000017;12.0;1.0;Now
00:53:01 21/04/2020;Tuesday;0.2588;0.2590000000000002;1.0;0.49497474683058307;0.2591050430061262;0.5591666666666667;0.2590000000000002;6.71;0.5591666666666667;1.0;0.2625000000000002;12.0;1.0;0.5591666666666667;0.2590000000000002;6.71;0.5591666666666667;Now
07:35:37 21/04/2020;Tuesday;0.2658;0.2660000000000002;1.0;0.4878524367060185;0.19803206993506478;0.6291666666666667;0.2660000000000002;7.55;0.6291666666666667;1.0;0.2665000000000002;12.0;1.0;0.6291666666666667;0.2660000000000002;7.55;0.6291666666666667;Now
15:08:37 21/04/2020;Tuesday;0.2664;0.2670000000000002;1.0;0.48682645778552325;0.189234421154401;1.0;0.2670000000000002;12.0;1.0;1.0;0.2670000000000002;12.0;1.0;1.0;0.2670000000000002;12.0;1.0;Now
20:35:39 21/04/2020;Tuesday;0.2655;0.2670000000000002;1.0;0.48682645778552325;0.189234421154401;1.0;0.2670000000000002;12.0;1.0;1.0;0.2670000000000002;12.0;1.0;1.0;0.2670000000000002;12.0;1.0;Now
03:01:48 22/04/2020;Wednesday;0.2666;0.2670000000000002;1.0;0.48682645778552325;0.189234421154401;0.4768287037037037;0.2670000000000002;5.7219444444444445;0.4768287037037037;1.0;0.2676666666666669;12.0;1.0;0.4768287037037037;0.2670000000000002;5.7219444444444445;0.4768287037037037;Now
08:45:07 22/04/2020;Wednesday;0.2679;0.2680000000000002;1.0;0.4857983120596446;0.1804181922719843;1.0;0.2680000000000002;12.0;1.0;1.0;0.2680000000000002;12.0;1.0;1.0;0.2680000000000002;12.0;1.0;Now
13:30:10 22/04/2020;Wednesday;0.2677;0.2680000000000002;1.0;0.4857983120596446;0.1804181922719843;1.0;0.2680000000000002;12.0;1.0;1.0;0.2680000000000002;12.0;1.0;1.0;0.2680000000000002;12.0;1.0;Now
16:10:34 22/04/2020;Wednesday;0.2677;0.2680000000000002;1.0;0.4857983120596446;0.1804181922719843;0.9653935185185185;0.2680000000000002;11.584722222222222;0.9653935185185185;1.0;0.2685000000000002;12.0;1.0;0.9653935185185185;0.2680000000000002;11.584722222222222;0.9653935185185185;Now
20:21:12 22/04/2020;Wednesday;0.26;0.2680000000000002;1.0;0.4857983120596446;0.1804181922719843;0.6172916666666667;0.2680000000000002;7.4075;0.6172916666666667;1.0;0.26866666666666683;12.0;1.0;0.6172916666666667;0.2680000000000002;7.4075;0.6172916666666667;Now
21:07:28 22/04/2020;Wednesday;0.26;0.2680000000000002;1.0;0.4857983120596446;0.1804181922719843;0.5530324074074074;0.2680000000000002;6.636388888888889;0.5530324074074074;1.0;0.2690000000000002;12.0;1.0;0.5530324074074074;0.2680000000000002;6.636388888888889;0.5530324074074074;Now
03:45:39 23/04/2020;Thursday;0.2697;0.2700000000000002;1.0;0.4837354648979128;0.16272952006384134;1.0;0.2700000000000002;12.0;1.0;1.0;0.2700000000000002;12.0;1.0;1.0;0.2700000000000002;12.0;1.0;Now
09:20:31 23/04/2020;Thursday;0.2676;0.2700000000000002;1.0;0.4837354648979128;0.16272952006384134;1.0;0.2700000000000002;12.0;1.0;1.0;0.2693333333333335;12.0;1.0;1.0;0.2700000000000002;12.0;1.0;Now
14:14:02 23/04/2020;Thursday;0.2672;0.2700000000000002;1.0;0.4837354648979128;0.16272952006384134;1.0;0.2700000000000002;12.0;1.0;1.0;0.2690000000000002;12.0;1.0;1.0;0.2700000000000002;12.0;1.0;Now
20:48:41 23/04/2020;Thursday;0.2658;0.2680000000000002;1.0;0.4857983120596446;0.1804181922719843;1.0;0.2680000000000002;12.0;1.0;1.0;0.2680000000000002;12.0;1.0;1.0;0.2680000000000002;12.0;1.0;Now
04:04:31 24/04/2020;Friday;0.2676;0.2680000000000002;1.0;0.4857983120596446;0.1804181922719843;1.0;0.2680000000000002;12.0;1.0;1.0;0.2680000000000002;12.0;1.0;1.0;0.2680000000000002;12.0;1.0;Now
10:05:00 24/04/2020;Friday;0.267;0.2680000000000002;1.0;0.4857983120596446;0.1804181922719843;0.5007175925925926;0.2680000000000002;6.008611111111111;0.5007175925925926;1.0;0.2685000000000002;12.0;1.0;0.5007175925925926;0.2680000000000002;6.008611111111111;0.5007175925925926;Now
16:05:31 24/04/2020;Friday;0.2681;0.2690000000000002;1.0;0.4847679857416327;0.17158326506805385;1.0;0.2690000000000002;12.0;1.0;1.0;0.2690000000000002;12.0;1.0;1.0;0.2690000000000002;12.0;1.0;Now
23:21:40 24/04/2020;Friday;0.268;0.2690000000000002;1.0;0.4847679857416327;0.17158326506805385;0.5936342592592593;0.2690000000000002;7.123611111111111;0.5936342592592593;1.0;0.2695000000000002;12.0;1.0;0.5936342592592593;0.2690000000000002;7.123611111111111;0.5936342592592593;Now
06:29:05 25/04/2020;Saturday;0.2694;0.2700000000000002;1.0;0.4837354648979128;0.16272952006384134;0.9551620370370371;0.2700000000000002;11.461944444444445;0.9551620370370371;1.0;0.27033333333333354;12.0;1.0;0.9551620370370371;0.2700000000000002;11.461944444444445;0.9551620370370371;Now
11:47:32 25/04/2020;Saturday;0.2699;0.2700000000000002;1.0;0.4837354648979128;0.16272952006384134;0.5128703703703704;0.2700000000000002;6.154444444444445;0.5128703703703704;1.0;0.2705000000000002;12.0;1.0;0.5128703703703704;0.2700000000000002;6.154444444444445;0.5128703703703704;Now
17:56:48 25/04/2020;Saturday;0.2704;0.2710000000000002;1.0;0.4827007354458866;0.1538568365027202;1.0;0.2710000000000002;12.0;1.0;1.0;0.2710000000000002;12.0;1.0;1.0;0.2710000000000002;12.0;1.0;Now
00:22:00 26/04/2020;Sunday;0.2685;0.2710000000000002;1.0;0.4827007354458866;0.1538568365027202;1.0;0.2710000000000002;12.0;1.0;1.0;0.2700000000000002;12.0;1.0;1.0;0.2710000000000002;12.0;1.0;Now
06:23:02 26/04/2020;Sunday;0.2638;0.2690000000000002;1.0;0.4847679857416327;0.17158326506805385;1.0;0.2690000000000002;12.0;1.0;1.0;0.26866666666666683;12.0;1.0;1.0;0.2690000000000002;12.0;1.0;Now
13:22:00 26/04/2020;Sunday;0.2677;0.2680000000000002;1.0;0.4857983120596446;0.1804181922719843;0.38405092592592593;0.2680000000000002;4.608611111111111;0.38405092592592593;1.0;0.2685000000000002;12.0;1.0;1.0;0.2685000000000002;12.0;1.0;Now
17:58:31 26/04/2020;Sunday;0.2685;0.2690000000000002;1.0;0.4847679857416327;0.17158326506805385;1.0;0.2690000000000002;12.0;1.0;1.0;0.2690000000000002;12.0;1.0;1.0;0.2690000000000002;12.0;1.0;Now
01:23:10 27/04/2020;Monday;0.2668;0.2690000000000002;1.0;0.4847679857416327;0.17158326506805385;1.0;0.2690000000000002;12.0;1.0;1.0;0.2676666666666669;12.0;1.0;1.0;0.2690000000000002;12.0;1.0;Now
06:16:31 27/04/2020;Monday;0.266;0.2670000000000002;1.0;0.48682645778552325;0.189234421154401;1.0;0.2670000000000002;12.0;1.0;1.0;0.26666666666666683;12.0;1.0;1.0;0.2670000000000002;12.0;1.0;Now
10:53:35 27/04/2020;Monday;0.264;0.2670000000000002;1.0;0.48682645778552325;0.189234421154401;1.0;0.2670000000000002;12.0;1.0;1.0;0.2665000000000002;12.0;1.0;1.0;0.2665000000000002;12.0;1.0;Now
16:12:30 27/04/2020;Monday;0.2626;0.2660000000000002;1.0;0.4878524367060185;0.19803206993506478;1.0;0.2660000000000002;12.0;1.0;1.0;0.2645000000000002;12.0;1.0;1.0;0.2660000000000002;12.0;1.0;Now
23:37:06 27/04/2020;Monday;0.2584;0.2630000000000002;1.0;0.4909175083453429;0.22431469936504597;1.0;0.2630000000000002;12.0;1.0;1.0;0.2610000000000002;12.0;1.0;1.0;0.2630000000000002;12.0;1.0;Now
06:44:36 28/04/2020;Tuesday;0.2526;0.2590000000000002;1.0;0.49497474683058307;0.2591050430061262;1.0;0.2590000000000002;12.0;1.0;1.0;0.2583333333333335;12.0;1.0;1.0;0.2590000000000002;12.0;1.0;Now
11:46:31 28/04/2020;Tuesday;0.258;0.2580000000000002;1.0;0.4959838707054896;0.26775816174985684;1.0;0.2580000000000002;12.0;1.0;1.0;0.2580000000000002;12.0;1.0;1.0;0.2580000000000002;12.0;1.0;Now
17:13:42 28/04/2020;Tuesday;0.2541;0.2580000000000002;1.0;0.4959838707054896;0.26775816174985684;1.0;0.2580000000000002;12.0;1.0;1.0;0.2580000000000002;12.0;1.0;1.0;0.2580000000000002;12.0;1.0;Now
22:32:01 28/04/2020;Tuesday;0.2572;0.2580000000000002;1.0;0.4959838707054896;0.26775816174985684;1.0;0.2580000000000002;12.0;1.0;1.0;0.2580000000000002;12.0;1.0;1.0;0.2580000000000002;12.0;1.0;Now
03:42:31 29/04/2020;Wednesday;0.2574;0.2580000000000002;1.0;0.4959838707054896;0.26775816174985684;0.9793055555555555;0.2580000000000002;11.751666666666667;0.9793055555555555;1.0;0.2583333333333335;12.0;1.0;0.9793055555555555;0.2580000000000002;11.751666666666667;0.9793055555555555;Now
09:10:01 29/04/2020;Wednesday;0.2536;0.2580000000000002;1.0;0.4959838707054896;0.26775816174985684;0.5244444444444445;0.2580000000000002;6.293333333333333;0.5244444444444445;1.0;0.2585000000000002;12.0;1.0;0.5244444444444445;0.2580000000000002;6.293333333333333;0.5244444444444445;Now
15:27:37 29/04/2020;Wednesday;0.2586;0.2590000000000002;1.0;0.49497474683058307;0.2591050430061262;1.0;0.2590000000000002;12.0;1.0;1.0;0.2590000000000002;12.0;1.0;1.0;0.2590000000000002;12.0;1.0;Now
21:36:30 29/04/2020;Wednesday;0.2568;0.2590000000000002;1.0;0.49497474683058307;0.2591050430061262;1.0;0.2590000000000002;12.0;1.0;1.0;0.2580000000000002;12.0;1.0;1.0;0.2590000000000002;12.0;1.0;Now
04:27:30 30/04/2020;Thursday;0.2543;0.2570000000000002;1.0;0.4969909455915669;0.2763937106549535;1.0;0.2570000000000002;12.0;1.0;1.0;0.2570000000000002;12.0;1.0;1.0;0.2570000000000002;12.0;1.0;Now
11:02:02 30/04/2020;Thursday;0.2568;0.2570000000000002;1.0;0.4969909455915669;0.2763937106549535;0.5362268518518518;0.2570000000000002;6.434722222222222;0.5362268518518518;1.0;0.2583333333333335;12.0;1.0;0.5362268518518518;0.2570000000000002;6.434722222222222;0.5362268518518518;Now
17:28:07 30/04/2020;Thursday;0.2584;0.2590000000000002;1.0;0.49497474683058307;0.2591050430061262;1.0;0.2590000000000002;12.0;1.0;1.0;0.2590000000000002;12.0;1.0;1.0;0.2590000000000002;12.0;1.0;Now
17:28:07 30/04/2020;Thursday;0.2584;0.2590000000000002;1.0;0.49497474683058307;0.2591050430061262;1.0;0.2590000000000002;12.0;1.0;1.0;0.2590000000000002;12.0;1.0;1.0;0.2590000000000002;12.0;1.0;Now
00:50:24 01/05/2020;Friday;0.2515;0.2590000000000002;1.0;0.49497474683058307;0.2591050430061262;1.0;0.2590000000000002;12.0;1.0;1.0;0.25600000000000017;12.0;1.0;1.0;0.2590000000000002;12.0;1.0;Now
06:50:51 01/05/2020;Friday;0.2523;0.25300000000000017;1.0;0.5009990019950138;0.31076232371923956;0.5828009259259259;0.25300000000000017;6.993611111111111;0.5828009259259259;1.0;0.25350000000000017;12.0;1.0;0.5828009259259259;0.25300000000000017;6.993611111111111;0.5828009259259259;Now
13:50:28 01/05/2020;Friday;0.2533;0.25400000000000017;1.0;0.49999999999999983;0.3021959989071542;1.0;0.25400000000000017;12.0;1.0;1.0;0.25400000000000017;12.0;1.0;1.0;0.25400000000000017;12.0;1.0;Now
19:17:12 01/05/2020;Friday;0.2535;0.25400000000000017;1.0;0.49999999999999983;0.3021959989071542;0.9747222222222223;0.25400000000000017;11.696666666666667;0.9747222222222223;1.0;0.2556666666666669;12.0;1.0;0.9747222222222223;0.25400000000000017;11.696666666666667;0.9747222222222223;Now
01:08:15 02/05/2020;Saturday;0.254;0.25400000000000017;1.0;0.49999999999999983;0.3021959989071542;0.48715277777777777;0.25400000000000017;5.845833333333333;0.48715277777777777;1.0;0.2583333333333335;12.0;1.0;0.48715277777777777;0.25400000000000017;5.845833333333333;0.48715277777777777;Now
06:59:00 02/05/2020;Saturday;0.2585;0.2590000000000002;1.0;0.49497474683058307;0.2591050430061262;0.47706018518518517;0.2590000000000002;5.724722222222222;0.47706018518518517;1.0;0.2605000000000002;12.0;1.0;1.0;0.2605000000000002;12.0;1.0;Now
12:42:29 02/05/2020;Saturday;0.2618;0.2620000000000002;1.0;0.49193495504995355;0.2330391853962863;0.6062268518518519;0.2620000000000002;7.2747222222222225;0.6062268518518519;1.0;0.2635000000000002;12.0;1.0;0.6062268518518519;0.2620000000000002;7.2747222222222225;0.6062268518518519;Now
19:58:58 02/05/2020;Saturday;0.2646;0.2650000000000002;1.0;0.4888762624632125;0.20681125559322766;0.47791666666666666;0.2650000000000002;5.735;0.47791666666666666;1.0;0.26833333333333353;12.0;1.0;0.47791666666666666;0.2650000000000002;5.735;0.47791666666666666;Now
01:43:04 03/05/2020;Sunday;0.2684;0.2690000000000002;1.0;0.4847679857416327;0.17158326506805385;0.48875;0.2690000000000002;5.865;0.48875;1.0;0.27033333333333354;12.0;1.0;0.48875;0.2690000000000002;5.865;0.48875;Now
07:34:58 03/05/2020;Sunday;0.2703;0.2710000000000002;1.0;0.4827007354458866;0.1538568365027202;1.0;0.2710000000000002;12.0;1.0;1.0;0.2710000000000002;12.0;1.0;1.0;0.2710000000000002;12.0;1.0;Now
12:20:30 03/05/2020;Sunday;0.2701;0.2710000000000002;1.0;0.4827007354458866;0.1538568365027202;1.0;0.2710000000000002;12.0;1.0;1.0;0.2710000000000002;12.0;1.0;1.0;0.2710000000000002;12.0;1.0;Now
19:11:51 03/05/2020;Sunday;0.2706;0.2710000000000002;1.0;0.4827007354458866;0.1538568365027202;0.5237731481481481;0.2710000000000002;6.285277777777778;0.5237731481481481;1.0;0.2730000000000002;12.0;1.0;0.5237731481481481;0.2710000000000002;6.285277777777778;0.5237731481481481;Now
01:28:58 04/05/2020;Monday;0.2746;0.2750000000000002;1.0;0.47853944456021574;0.11817425574498219;0.5804166666666667;0.2750000000000002;6.708055555555555;0.5590046296296296;1.0;0.2756666666666669;12.0;1.0;0.5804166666666667;0.2750000000000002;6.708055555555555;0.5590046296296296;Now
08:11:27 04/05/2020;Monday;0.2754;0.2760000000000002;1.0;0.4774934554525327;0.10920502195862607;1.0;0.2760000000000002;12.0;1.0;1.0;0.2760000000000002;12.0;1.0;1.0;0.2760000000000002;12.0;1.0;Now
13:13:33 04/05/2020;Monday;0.2732;0.2760000000000002;1.0;0.4774934554525327;0.10920502195862607;1.0;0.2760000000000002;12.0;1.0;1.0;0.2753333333333335;12.0;1.0;1.0;0.2760000000000002;12.0;1.0;Now
17:58:29 04/05/2020;Monday;0.274;0.2760000000000002;1.0;0.4774934554525327;0.10920502195862607;1.0;0.2760000000000002;12.0;1.0;1.0;0.2750000000000002;12.0;1.0;1.0;0.2750000000000002;12.0;1.0;Now
23:51:58 04/05/2020;Monday;0.2689;0.2740000000000002;1.0;0.47958315233127174;0.12712392733761843;1.0;0.2740000000000002;12.0;1.0;1.0;0.2713333333333335;12.0;1.0;1.0;0.2740000000000002;12.0;1.0;Now
06:17:51 05/05/2020;Tuesday;0.2692;0.2700000000000002;1.0;0.4837354648979128;0.16272952006384134;1.0;0.2700000000000002;12.0;1.0;1.0;0.2700000000000002;12.0;1.0;1.0;0.2700000000000002;12.0;1.0;Now
10:55:00 05/05/2020;Tuesday;0.2656;0.2700000000000002;1.0;0.4837354648979128;0.16272952006384134;1.0;0.2700000000000002;12.0;1.0;1.0;0.26866666666666683;12.0;1.0;1.0;0.2700000000000002;12.0;1.0;Now
15:40:06 05/05/2020;Tuesday;0.2652;0.2700000000000002;1.0;0.4837354648979128;0.16272952006384134;1.0;0.2700000000000002;12.0;1.0;1.0;0.2673333333333335;12.0;1.0;1.0;0.2700000000000002;12.0;1.0;Now
21:06:41 05/05/2020;Tuesday;0.2609;0.2660000000000002;1.0;0.4878524367060185;0.19803206993506478;1.0;0.2660000000000002;12.0;1.0;1.0;0.26433333333333353;12.0;1.0;1.0;0.2660000000000002;12.0;1.0;Now
02:25:13 06/05/2020;Wednesday;0.2586;0.2660000000000002;1.0;0.4878524367060185;0.19803206993506478;1.0;0.2660000000000002;12.0;1.0;1.0;0.2620000000000002;12.0;1.0;1.0;0.2635000000000002;12.0;1.0;Now
07:10:40 06/05/2020;Wednesday;0.2546;0.2610000000000002;1.0;0.4929503017546493;0.24174566417482268;1.0;0.2610000000000002;12.0;1.0;1.0;0.2600000000000002;12.0;1.0;1.0;0.2600000000000002;12.0;1.0;Now
12:12:29 06/05/2020;Wednesday;0.2556;0.2590000000000002;1.0;0.49497474683058307;0.2591050430061262;1.0;0.2590000000000002;12.0;1.0;1.0;0.2575000000000002;12.0;1.0;1.0;0.2590000000000002;12.0;1.0;Now
19:28:38 06/05/2020;Wednesday;0.2482;0.25600000000000017;1.0;0.49799598391954913;0.2850117963135017;1.0;0.25600000000000017;12.0;1.0;1.0;0.25300000000000017;12.0;1.0;1.0;0.25600000000000017;12.0;1.0;Now
02:10:51 07/05/2020;Thursday;0.2498;0.25000000000000017;1.0;0.5039841267341659;0.33635941786699597;1.0;0.25000000000000017;12.0;1.0;1.0;0.25000000000000017;12.0;1.0;1.0;0.25000000000000017;12.0;1.0;Now
08:37:04 07/05/2020;Thursday;0.2495;0.25000000000000017;1.0;0.5039841267341659;0.33635941786699597;1.0;0.25000000000000017;12.0;1.0;1.0;0.25000000000000017;12.0;1.0;1.0;0.25000000000000017;12.0;1.0;Now
14:45:39 07/05/2020;Thursday;0.2481;0.25000000000000017;1.0;0.5039841267341659;0.33635941786699597;1.0;0.25000000000000017;12.0;1.0;1.0;0.24950000000000017;12.0;1.0;1.0;0.25000000000000017;12.0;1.0;Now
21:28:14 07/05/2020;Thursday;0.2417;0.2490000000000002;1.0;0.5049752469181037;0.3448581570745249;1.0;0.2490000000000002;12.0;1.0;1.0;0.2455000000000002;12.0;1.0;1.0;0.2490000000000002;12.0;1.0;Now
04:10:49 08/05/2020;Friday;0.2418;0.2420000000000002;1.0;0.5118593556827888;0.40388858145239886;0.5590972222222222;0.2420000000000002;6.7091666666666665;0.5590972222222222;1.0;0.2445000000000002;12.0;1.0;0.5590972222222222;0.2420000000000002;6.7091666666666665;0.5590972222222222;Now
10:53:22 08/05/2020;Friday;0.2468;0.2470000000000002;1.0;0.5069516742254628;0.3618057891781796;1.0;0.2470000000000002;12.0;1.0;1.0;0.2470000000000002;12.0;1.0;1.0;0.2470000000000002;12.0;1.0;Now
18:25:48 08/05/2020;Friday;0.2444;0.2470000000000002;1.0;0.5069516742254628;0.3618057891781796;1.0;0.2470000000000002;12.0;1.0;1.0;0.24566666666666684;12.0;1.0;1.0;0.2460000000000002;12.0;1.0;Now
23:44:25 08/05/2020;Friday;0.2431;0.2450000000000002;1.0;0.5089204259999787;0.3786876044889052;1.0;0.2450000000000002;12.0;1.0;1.0;0.2450000000000002;12.0;1.0;1.0;0.2450000000000002;12.0;1.0;Now
06:01:53 09/05/2020;Saturday;0.2396;0.2450000000000002;1.0;0.5089204259999787;0.3786876044889052;1.0;0.2450000000000002;12.0;1.0;1.0;0.24166666666666684;12.0;1.0;1.0;0.2450000000000002;12.0;1.0;Now
11:45:35 09/05/2020;Saturday;0.2305;0.24000000000000019;1.0;0.513809303146605;0.4206091520067329;1.0;0.24000000000000019;12.0;1.0;1.0;0.23700000000000018;12.0;1.0;1.0;0.24000000000000019;12.0;1.0;Now
17:20:53 09/05/2020;Saturday;0.2276;0.24000000000000019;1.0;0.513809303146605;0.4206091520067329;1.0;0.24000000000000019;12.0;1.0;1.0;0.23300000000000018;12.0;1.0;1.0;0.24000000000000019;12.0;1.0;Now
22:40:13 09/05/2020;Saturday;0.2238;0.23100000000000018;1.0;0.5224940191045251;0.49507957165309713;1.0;0.23100000000000018;12.0;1.0;1.0;0.22866666666666682;12.0;1.0;1.0;0.22950000000000018;12.0;1.0;Now
04:23:26 10/05/2020;Sunday;0.2261;0.22800000000000017;1.0;0.5253570214625477;0.5196294807213422;1.0;0.22800000000000017;12.0;1.0;1.0;0.22750000000000017;12.0;1.0;1.0;0.22800000000000017;12.0;1.0;Now
10:32:24 10/05/2020;Sunday;0.2181;0.22700000000000017;1.0;0.5263078946776305;0.5277831068964304;1.0;0.22700000000000017;12.0;1.0;1.0;0.22300000000000017;12.0;1.0;1.0;0.22700000000000017;12.0;1.0;Now
17:14:33 10/05/2020;Sunday;0.212;0.21900000000000017;1.0;0.5338539126015653;0.592489324598569;1.0;0.21900000000000017;12.0;1.0;1.0;0.2143333333333335;12.0;1.0;1.0;0.21900000000000017;12.0;1.0;Now
00:22:27 11/05/2020;Monday;0.2071;0.21200000000000016;1.0;0.5403702434442517;0.6483660964769685;1.0;0.21200000000000016;12.0;1.0;1.0;0.2106666666666668;12.0;1.0;1.0;0.21200000000000016;12.0;1.0;Now
05:07:30 11/05/2020;Monday;0.2059;0.21200000000000016;1.0;0.5403702434442517;0.6483660964769685;1.0;0.21200000000000016;12.0;1.0;1.0;0.2086666666666668;12.0;1.0;1.0;0.21000000000000016;12.0;1.0;Now
10:17:30 11/05/2020;Monday;0.1993;0.20800000000000016;1.0;0.5440588203494175;0.6799952103543297;1.0;0.20800000000000016;12.0;1.0;1.0;0.20350000000000015;12.0;1.0;1.0;0.20800000000000016;12.0;1.0;Now
16:35:01 11/05/2020;Monday;0.1985;0.20600000000000016;1.0;0.5458937625582471;0.6957296243501891;1.0;0.20600000000000016;12.0;1.0;1.0;0.20125000000000015;12.0;1.0;1.0;0.20250000000000015;12.0;1.0;Now
20:40:43 11/05/2020;Monday;0.1985;0.20000000000000015;1.0;0.5513619500836087;0.742618690347486;1.0;0.20000000000000015;12.0;1.0;1.0;0.19950000000000015;12.0;1.0;1.0;0.1996666666666668;12.0;1.0;Now
21:32:12 11/05/2020;Monday;0.1985;0.20000000000000015;1.0;0.5513619500836087;0.742618690347486;1.0;0.20000000000000015;12.0;1.0;1.0;0.19933333333333347;12.0;1.0;1.0;0.19950000000000015;12.0;1.0;Now
23:26:01 11/05/2020;Monday;0.1979;0.19900000000000015;1.0;0.5522680508593629;0.7503883981121687;1.0;0.19900000000000015;12.0;1.0;1.0;0.19900000000000015;12.0;1.0;1.0;0.19900000000000015;12.0;1.0;Now
05:18:23 12/05/2020;Tuesday;0.1975;0.19900000000000015;1.0;0.5522680508593629;0.7503883981121687;1.0;0.19900000000000015;12.0;1.0;1.0;0.19850000000000015;12.0;1.0;1.0;0.19900000000000015;12.0;1.0;Now
12:34:22 12/05/2020;Tuesday;0.1957;0.19800000000000015;1.0;0.5531726674375731;0.758145379057174;1.0;0.19800000000000015;12.0;1.0;1.0;0.1966666666666668;12.0;1.0;1.0;0.19800000000000015;12.0;1.0;Now
18:12:23 12/05/2020;Tuesday;0.1945;0.19600000000000015;1.0;0.5549774770204642;0.7736214093235534;1.0;0.19600000000000015;12.0;1.0;1.0;0.19600000000000015;12.0;1.0;1.0;0.19600000000000015;12.0;1.0;Now
23:39:22 12/05/2020;Tuesday;0.1941;0.19600000000000015;1.0;0.5549774770204642;0.7736214093235534;1.0;0.19600000000000015;12.0;1.0;1.0;0.19550000000000015;12.0;1.0;1.0;0.19600000000000015;12.0;1.0;Now
06:13:25 13/05/2020;Wednesday;0.1935;0.19500000000000015;1.0;0.5558776843874917;0.7813405818003636;1.0;0.19500000000000015;12.0;1.0;1.0;0.19450000000000014;12.0;1.0;1.0;0.19500000000000015;12.0;1.0;Now
13:20:58 13/05/2020;Wednesday;0.1923;0.19400000000000014;1.0;0.556776436283002;0.7890472737798032;1.0;0.19400000000000014;12.0;1.0;1.0;0.19350000000000014;12.0;1.0;1.0;0.19400000000000014;12.0;1.0;Now
20:37:28 13/05/2020;Wednesday;0.1925;0.19300000000000014;1.0;0.5576737397439473;0.7967415456029124;1.0;0.19300000000000014;12.0;1.0;1.0;0.19300000000000014;12.0;1.0;1.0;0.19300000000000014;12.0;1.0;Now
03:02:53 14/05/2020;Thursday;0.1918;0.19300000000000014;1.0;0.5576737397439473;0.7967415456029124;1.0;0.19300000000000014;12.0;1.0;1.0;0.19233333333333347;12.0;1.0;1.0;0.19300000000000014;12.0;1.0;Now
09:45:53 14/05/2020;Thursday;0.1906;0.19200000000000014;1.0;0.5585696017507575;0.804423457126058;1.0;0.19200000000000014;12.0;1.0;1.0;0.1916666666666668;12.0;1.0;1.0;0.19200000000000014;12.0;1.0;Now
14:56:36 14/05/2020;Thursday;0.19;0.19200000000000014;1.0;0.5585696017507575;0.804423457126058;1.0;0.19200000000000014;12.0;1.0;1.0;0.19150000000000014;12.0;1.0;1.0;0.19200000000000014;12.0;1.0;Now
21:30:21 14/05/2020;Thursday;0.1897;0.19100000000000014;1.0;0.5594640292279744;0.8120930677263722;1.0;0.19100000000000014;12.0;1.0;1.0;0.19033333333333347;12.0;1.0;1.0;0.19100000000000014;12.0;1.0;Now
03:56:36 15/05/2020;Friday;0.1893;0.19000000000000014;1.0;0.5603570290448758;0.8197504363071058;1.0;0.19000000000000014;12.0;1.0;1.0;0.19000000000000014;12.0;1.0;1.0;0.19000000000000014;12.0;1.0;Now
09:06:56 15/05/2020;Friday;0.1891;0.19000000000000014;1.0;0.5603570290448758;0.8197504363071058;1.0;0.19000000000000014;12.0;1.0;1.0;0.19000000000000014;12.0;1.0;1.0;0.19000000000000014;12.0;1.0;Now
13:51:57 15/05/2020;Friday;0.1887;0.19000000000000014;1.0;0.5603570290448758;0.8197504363071058;1.0;0.19000000000000014;12.0;1.0;1.0;0.19000000000000014;12.0;1.0;1.0;0.19000000000000014;12.0;1.0;Now
02:44:03 16/05/2020;Saturday;0.1881;0.18900000000000014;1.0;0.5612486080160911;0.8273956213029058;1.0;0.18900000000000014;12.0;1.0;1.0;0.18900000000000014;12.0;1.0;1.0;0.18900000000000014;12.0;1.0;Now
07:54:49 16/05/2020;Saturday;0.1879;0.18900000000000014;1.0;0.5612486080160911;0.8273956213029058;1.0;0.18900000000000014;12.0;1.0;1.0;0.18900000000000014;12.0;1.0;1.0;0.18900000000000014;12.0;1.0;Now
20:13:02 16/05/2020;Saturday;0.1877;0.18800000000000014;1.0;0.5621387729022077;0.8350286806850157;1.0;0.18800000000000014;12.0;1.0;1.0;0.18800000000000014;12.0;1.0;1.0;0.18800000000000014;12.0;1.0;Now
02:55:57 17/05/2020;Sunday;0.1867;0.18800000000000014;1.0;0.5621387729022077;0.8350286806850157;1.0;0.18800000000000014;12.0;1.0;1.0;0.1876666666666668;12.0;1.0;1.0;0.18800000000000014;12.0;1.0;Now
07:40:34 17/05/2020;Sunday;0.1861;0.18800000000000014;1.0;0.5621387729022077;0.8350286806850157;1.0;0.18800000000000014;12.0;1.0;1.0;0.18733333333333346;12.0;1.0;1.0;0.18750000000000014;12.0;1.0;Now
12:42:37 17/05/2020;Sunday;0.1853;0.18700000000000014;1.0;0.5630275304103698;0.842649671966409;1.0;0.18700000000000014;12.0;1.0;1.0;0.18700000000000014;12.0;1.0;1.0;0.18700000000000014;12.0;1.0;Now
19:34:03 17/05/2020;Sunday;0.1846;0.18700000000000014;1.0;0.5630275304103698;0.842649671966409;1.0;0.18700000000000014;12.0;1.0;1.0;0.18566666666666679;12.0;1.0;1.0;0.18700000000000014;12.0;1.0;Now
00:52:39 18/05/2020;Monday;0.1839;0.18500000000000014;1.0;0.5648008498577174;0.8578556780178335;1.0;0.18500000000000014;12.0;1.0;1.0;0.18466666666666678;12.0;1.0;1.0;0.18500000000000014;12.0;1.0;Now
06:02:32 18/05/2020;Monday;0.1832;0.18500000000000014;1.0;0.5648008498577174;0.8578556780178335;1.0;0.18500000000000014;12.0;1.0;1.0;0.18433333333333346;12.0;1.0;1.0;0.18500000000000014;12.0;1.0;Now
11:13:08 18/05/2020;Monday;0.1829;0.18400000000000014;1.0;0.5656854249492379;0.8654408055675927;1.0;0.18400000000000014;12.0;1.0;1.0;0.18366666666666678;12.0;1.0;1.0;0.18400000000000014;12.0;1.0;Now
16:06:35 18/05/2020;Monday;0.1828;0.18400000000000014;1.0;0.5656854249492379;0.8654408055675927;1.0;0.18400000000000014;12.0;1.0;1.0;0.18350000000000014;12.0;1.0;1.0;0.18400000000000014;12.0;1.0;Now
22:49:03 18/05/2020;Monday;0.1822;0.18300000000000013;1.0;0.5665686189686117;0.8730140905858484;1.0;0.18300000000000013;12.0;1.0;1.0;0.18300000000000013;12.0;1.0;1.0;0.18300000000000013;12.0;1.0;Now
05:06:01 19/05/2020;Tuesday;0.1819;0.18300000000000013;1.0;0.5665686189686117;0.8730140905858484;1.0;0.18300000000000013;12.0;1.0;1.0;0.18266666666666678;12.0;1.0;1.0;0.18300000000000013;12.0;1.0;Now
10:25:13 19/05/2020;Tuesday;0.1816;0.18300000000000013;1.0;0.5665686189686117;0.8730140905858484;1.0;0.18300000000000013;12.0;1.0;1.0;0.18233333333333346;12.0;1.0;1.0;0.18250000000000013;12.0;1.0;Now
15:10:00 19/05/2020;Tuesday;0.1815;0.18200000000000013;1.0;0.5674504383644442;0.880575588368636;1.0;0.18200000000000013;12.0;1.0;1.0;0.18200000000000013;12.0;1.0;1.0;0.18200000000000013;12.0;1.0;Now
21:52:57 19/05/2020;Tuesday;0.1814;0.18200000000000013;1.0;0.5674504383644442;0.880575588368636;1.0;0.18200000000000013;12.0;1.0;1.0;0.18200000000000013;12.0;1.0;1.0;0.18200000000000013;12.0;1.0;Now
21:52:58 20/05/2020;Wednesday;0.1814;0.18200000000000013;1.0;0.5674504383644442;0.880575588368636;1.0;0.18200000000000013;12.0;1.0;1.0;0.18200000000000013;12.0;1.0;1.0;0.18200000000000013;12.0;1.0;Now
22:46:02 20/05/2020;Wednesday;0.1811;0.18200000000000013;1.0;0.5674504383644442;0.880575588368636;1.0;0.18200000000000013;12.0;1.0;1.0;0.18200000000000013;12.0;1.0;1.0;0.18200000000000013;12.0;1.0;Now
04:46:25 21/05/2020;Thursday;0.1814;0.18200000000000013;1.0;0.5674504383644442;0.880575588368636;1.0;0.18200000000000013;12.0;1.0;1.0;0.18200000000000013;12.0;1.0;1.0;0.18200000000000013;12.0;1.0;Now
09:57:04 21/05/2020;Thursday;0.1813;0.18200000000000013;1.0;0.5674504383644442;0.880575588368636;1.0;0.18200000000000013;12.0;1.0;1.0;0.18200000000000013;12.0;1.0;1.0;0.18200000000000013;12.0;1.0;Now
16:14:26 21/05/2020;Thursday;0.1814;0.18200000000000013;1.0;0.5674504383644442;0.880575588368636;1.0;0.18200000000000013;12.0;1.0;1.0;0.18200000000000013;12.0;1.0;1.0;0.18200000000000013;12.0;1.0;Now
21:25:04 21/05/2020;Thursday;0.1809;0.18200000000000013;1.0;0.5674504383644442;0.880575588368636;1.0;0.18200000000000013;12.0;1.0;1.0;0.18150000000000013;12.0;1.0;1.0;0.18200000000000013;12.0;1.0;Now
09:09:32 22/05/2020;Friday;0.1806;0.18100000000000013;1.0;0.5683308895353127;0.8881253537830038;1.0;0.18100000000000013;12.0;1.0;1.0;0.18100000000000013;12.0;1.0;1.0;0.18100000000000013;12.0;1.0;Now
15:43:26 22/05/2020;Friday;0.1803;0.18100000000000013;1.0;0.5683308895353127;0.8881253537830038;1.0;0.18100000000000013;12.0;1.0;1.0;0.18100000000000013;12.0;1.0;1.0;0.18100000000000013;12.0;1.0;Now
21:01:59 22/05/2020;Friday;0.1799;0.18100000000000013;1.0;0.5683308895353127;0.8881253537830038;1.0;0.18100000000000013;12.0;1.0;1.0;0.18033333333333346;12.0;1.0;1.0;0.18100000000000013;12.0;1.0;Now
04:01:26 23/05/2020;Saturday;0.1796;0.18000000000000013;1.0;0.5692099788303081;0.8956634412716602;1.0;0.18000000000000013;12.0;1.0;1.0;0.18000000000000013;12.0;1.0;1.0;0.18000000000000013;12.0;1.0;Now
08:38:09 23/05/2020;Saturday;0.1793;0.18000000000000013;1.0;0.5692099788303081;0.8956634412716602;1.0;0.18000000000000013;12.0;1.0;1.0;0.18000000000000013;12.0;1.0;1.0;0.18000000000000013;12.0;1.0;Now
15:37:09 23/05/2020;Saturday;0.1789;0.18000000000000013;1.0;0.5692099788303081;0.8956634412716602;1.0;0.18000000000000013;12.0;1.0;1.0;0.17933333333333346;12.0;1.0;1.0;0.18000000000000013;12.0;1.0;Now
22:36:38 23/05/2020;Saturday;0.1787;0.17900000000000013;1.0;0.5700877125495688;0.903189904857553;1.0;0.17900000000000013;12.0;1.0;1.0;0.17900000000000013;12.0;1.0;1.0;0.17900000000000013;12.0;1.0;Now
03:13:09 24/05/2020;Sunday;0.1785;0.17900000000000013;1.0;0.5700877125495688;0.903189904857553;1.0;0.17900000000000013;12.0;1.0;1.0;0.17900000000000013;12.0;1.0;1.0;0.17900000000000013;12.0;1.0;Now
09:05:15 24/05/2020;Sunday;0.1781;0.17900000000000013;1.0;0.5700877125495688;0.903189904857553;1.0;0.17900000000000013;12.0;1.0;1.0;0.17900000000000013;12.0;1.0;1.0;0.17900000000000013;12.0;1.0;Now
13:58:48 24/05/2020;Sunday;0.1778;0.17900000000000013;1.0;0.5700877125495688;0.903189904857553;1.0;0.17900000000000013;12.0;1.0;1.0;0.17875000000000013;12.0;1.0;1.0;0.17900000000000013;12.0;1.0;Now
20:16:08 24/05/2020;Sunday;0.1773;0.17900000000000013;1.0;0.5700877125495688;0.903189904857553;1.0;0.17900000000000013;12.0;1.0;1.0;0.17850000000000013;12.0;1.0;1.0;0.17866666666666678;12.0;1.0;Now
20:43:48 24/05/2020;Sunday;0.1773;0.17900000000000013;1.0;0.5700877125495688;0.903189904857553;1.0;0.17900000000000013;12.0;1.0;1.0;0.17833333333333345;12.0;1.0;1.0;0.17850000000000013;12.0;1.0;Now
01:01:01 25/05/2020;Monday;0.1766;0.17800000000000013;1.0;0.5709640969448078;0.9107047981483868;1.0;0.17800000000000013;12.0;1.0;1.0;0.17800000000000013;12.0;1.0;1.0;0.17800000000000013;12.0;1.0;Now
07:35:35 25/05/2020;Monday;0.1763;0.17800000000000013;1.0;0.5709640969448078;0.9107047981483868;1.0;0.17800000000000013;12.0;1.0;1.0;0.17750000000000013;12.0;1.0;1.0;0.17750000000000013;12.0;1.0;Now
13:02:27 25/05/2020;Monday;0.176;0.17700000000000013;1.0;0.5718391382198318;0.9182081743410764;1.0;0.17700000000000013;12.0;1.0;1.0;0.17650000000000013;12.0;1.0;1.0;0.17700000000000013;12.0;1.0;Now
19:36:27 25/05/2020;Monday;0.175;0.17600000000000013;1.0;0.572712842531054;0.9257000862261417;1.0;0.17600000000000013;12.0;1.0;1.0;0.17550000000000013;12.0;1.0;1.0;0.17550000000000013;12.0;1.0;Now
01:20:27 26/05/2020;Tuesday;0.1747;0.17500000000000013;1.0;0.5735852159879994;0.9331805861920415;1.0;0.17500000000000013;12.0;1.0;1.0;0.17500000000000013;12.0;1.0;1.0;0.17500000000000013;12.0;1.0;Now
08:28:02 26/05/2020;Tuesday;0.1739;0.17500000000000013;1.0;0.5735852159879994;0.9331805861920415;1.0;0.17500000000000013;12.0;1.0;1.0;0.17433333333333345;12.0;1.0;1.0;0.17450000000000013;12.0;1.0;Now
13:46:16 26/05/2020;Tuesday;0.1732;0.17400000000000013;1.0;0.5744562646538027;0.9406497262294452;1.0;0.17400000000000013;12.0;1.0;1.0;0.17400000000000013;12.0;1.0;1.0;0.17400000000000013;12.0;1.0;Now
20:20:16 26/05/2020;Tuesday;0.1729;0.17400000000000013;1.0;0.5744562646538027;0.9406497262294452;1.0;0.17400000000000013;12.0;1.0;1.0;0.17350000000000013;12.0;1.0;1.0;0.17400000000000013;12.0;1.0;Now
03:53:16 27/05/2020;Wednesday;0.1717;0.17300000000000013;1.0;0.5753259945457009;0.9481075579354523;1.0;0.17300000000000013;12.0;1.0;1.0;0.17233333333333345;12.0;1.0;1.0;0.17300000000000013;12.0;1.0;Now
10:43:53 27/05/2020;Wednesday;0.1713;0.17200000000000013;1.0;0.5761944116355172;0.955554132517747;1.0;0.17200000000000013;12.0;1.0;1.0;0.17200000000000013;12.0;1.0;1.0;0.17200000000000013;12.0;1.0;Now
15:20:47 27/05/2020;Wednesday;0.1709;0.17200000000000013;1.0;0.5761944116355172;0.955554132517747;1.0;0.17200000000000013;12.0;1.0;1.0;0.17166666666666677;12.0;1.0;1.0;0.17200000000000013;12.0;1.0;Now
20:22:46 27/05/2020;Wednesday;0.1707;0.17200000000000013;1.0;0.5761944116355172;0.955554132517747;1.0;0.17200000000000013;12.0;1.0;1.0;0.17150000000000012;12.0;1.0;1.0;0.17200000000000013;12.0;1.0;Now
02:48:16 28/05/2020;Thursday;0.1705;0.17100000000000012;1.0;0.5770615218501403;0.9629895007987025;1.0;0.17100000000000012;12.0;1.0;1.0;0.17100000000000012;12.0;1.0;1.0;0.17100000000000012;12.0;1.0;Now
09:22:26 28/05/2020;Thursday;0.1703;0.17100000000000012;1.0;0.5770615218501403;0.9629895007987025;1.0;0.17100000000000012;12.0;1.0;1.0;0.17100000000000012;12.0;1.0;1.0;0.17100000000000012;12.0;1.0;Now
16:04:59 28/05/2020;Thursday;0.17;0.17100000000000012;1.0;0.5770615218501403;0.9629895007987025;1.0;0.17100000000000012;12.0;1.0;1.0;0.17050000000000012;12.0;1.0;1.0;0.17100000000000012;12.0;1.0;Now
23:07:57 28/05/2020;Thursday;0.1696;0.17000000000000012;1.0;0.5779273310719955;0.9704137132194264;1.0;0.17000000000000012;12.0;1.0;1.0;0.17000000000000012;12.0;1.0;1.0;0.17000000000000012;12.0;1.0;Now
05:15:56 29/05/2020;Friday;0.1694;0.17000000000000012;1.0;0.5779273310719955;0.9704137132194264;1.0;0.17000000000000012;12.0;1.0;1.0;0.17000000000000012;12.0;1.0;1.0;0.17000000000000012;12.0;1.0;Now
10:59:58 29/05/2020;Friday;0.1695;0.17000000000000012;1.0;0.5779273310719955;0.9704137132194264;1.0;0.17000000000000012;12.0;1.0;1.0;0.17000000000000012;12.0;1.0;1.0;0.17000000000000012;12.0;1.0;Now
17:50:59 29/05/2020;Friday;0.169;0.17000000000000012;1.0;0.5779273310719955;0.9704137132194264;1.0;0.17000000000000012;12.0;1.0;1.0;0.17000000000000012;12.0;1.0;1.0;0.17000000000000012;12.0;1.0;Now
22:44:27 29/05/2020;Friday;0.1688;0.17000000000000012;1.0;0.5779273310719955;0.9704137132194264;1.0;0.17000000000000012;12.0;1.0;1.0;0.17000000000000012;12.0;1.0;1.0;0.17000000000000012;12.0;1.0;Now
12:01:26 30/05/2020;Saturday;0.1684;0.16900000000000012;1.0;0.5787918451395111;0.9778268198437555;1.0;0.16900000000000012;12.0;1.0;1.0;0.16900000000000012;12.0;1.0;1.0;0.16900000000000012;12.0;1.0;Now
18:44:04 30/05/2020;Saturday;0.1677;0.16900000000000012;1.0;0.5787918451395111;0.9778268198437555;1.0;0.16900000000000012;12.0;1.0;1.0;0.16850000000000012;12.0;1.0;1.0;0.16900000000000012;12.0;1.0;Now
02:00:00 31/05/2020;Sunday;0.167;0.16800000000000012;1.0;0.5796550698475774;0.9852288703621936;1.0;0.16800000000000012;12.0;1.0;1.0;0.16750000000000012;12.0;1.0;1.0;0.16800000000000012;12.0;1.0;Now
08:33:56 31/05/2020;Sunday;0.1668;0.16700000000000012;1.0;0.5805170109479996;0.9926199140957942;1.0;0.16700000000000012;12.0;1.0;1.0;0.16700000000000012;12.0;1.0;1.0;0.16700000000000012;12.0;1.0;Now
15:08:40 31/05/2020;Sunday;0.1667;0.16700000000000012;1.0;0.5805170109479996;0.9926199140957942;1.0;0.16700000000000012;12.0;1.0;1.0;0.16700000000000012;12.0;1.0;1.0;0.16700000000000012;12.0;1.0;Now
20:52:08 31/05/2020;Sunday;0.1662;0.16700000000000012;1.0;0.5805170109479996;0.9926199140957942;1.0;0.16700000000000012;12.0;1.0;1.0;0.16700000000000012;12.0;1.0;1.0;0.16700000000000012;12.0;1.0;Now
20:52:08 31/05/2020;Sunday;0.1662;0.16700000000000012;1.0;0.5805170109479996;0.9926199140957942;1.0;0.16700000000000012;12.0;1.0;1.0;0.16700000000000012;12.0;1.0;1.0;0.16700000000000012;12.0;1.0;Now
03:51:43 01/06/2020;Monday;0.1654;0.16700000000000012;1.0;0.5805170109479996;0.9926199140957942;1.0;0.16700000000000012;12.0;1.0;1.0;0.16666666666666677;12.0;1.0;1.0;0.16700000000000012;12.0;1.0;Now
08:36:38 01/06/2020;Monday;0.1652;0.16700000000000012;1.0;0.5805170109479996;0.9926199140957942;1.0;0.16700000000000012;12.0;1.0;1.0;0.16650000000000012;12.0;1.0;1.0;0.16700000000000012;12.0;1.0;Now
15:36:07 01/06/2020;Monday;0.1649;0.16600000000000012;1.0;0.5813776741499452;1.0;1.0;0.16600000000000012;12.0;1.0;1.0;0.16600000000000012;12.0;1.0;1.0;0.16600000000000012;12.0;1.0;Now
21:36:45 01/06/2020;Monday;0.1652;0.16600000000000012;1.0;0.5813776741499452;1.0;0.5825925925925926;0.16600000000000012;6.9911111111111115;0.5825925925925926;1.0;0.16650000000000012;12.0;1.0;0.5825925925925926;0.16600000000000012;6.9911111111111115;0.5825925925925926;Now
04:36:13 02/06/2020;Tuesday;0.1668;0.16700000000000012;1.0;0.5805170109479996;0.9926199140957942;0.46599537037037037;0.16700000000000012;5.591944444444445;0.46599537037037037;1.0;0.16800000000000012;12.0;1.0;1.0;0.16800000000000012;12.0;1.0;Now
10:11:44 02/06/2020;Tuesday;0.1683;0.16900000000000012;1.0;0.5787918451395111;0.9778268198437555;0.9532638888888889;0.16900000000000012;11.439166666666667;0.9532638888888889;1.0;0.16933333333333345;12.0;1.0;0.9532638888888889;0.16900000000000012;11.439166666666667;0.9532638888888889;Now
16:54:13 02/06/2020;Tuesday;0.169;0.16900000000000012;1.0;0.5787918451395111;0.9778268198437555;0.39425925925925925;0.16900000000000012;4.731111111111111;0.39425925925925925;1.0;0.17033333333333345;12.0;1.0;0.9905324074074074;0.16950000000000012;11.886388888888888;0.9905324074074074;Now
21:38:05 02/06/2020;Tuesday;0.1696;0.17000000000000012;1.0;0.5779273310719955;0.9704137132194264;0.5962731481481481;0.17000000000000012;7.155277777777778;0.5962731481481481;1.0;0.17100000000000012;12.0;1.0;0.5962731481481481;0.17000000000000012;7.155277777777778;0.5962731481481481;Now
04:47:24 03/06/2020;Wednesday;0.1712;0.17200000000000013;1.0;0.5761944116355172;0.955554132517747;0.6062037037037037;0.17200000000000013;7.274444444444445;0.6062037037037037;1.0;0.17250000000000013;12.0;1.0;0.6062037037037037;0.17200000000000013;7.274444444444445;0.6062037037037037;Now
12:03:52 03/06/2020;Wednesday;0.1728;0.17300000000000013;1.0;0.5753259945457009;0.9481075579354523;0.60625;0.17300000000000013;7.275;0.60625;1.0;0.17350000000000013;12.0;1.0;0.60625;0.17300000000000013;7.275;0.60625;Now
19:20:22 03/06/2020;Wednesday;0.1737;0.17400000000000013;1.0;0.5744562646538027;0.9406497262294452;0.5826851851851852;0.17400000000000013;6.992222222222222;0.5826851851851852;1.0;0.17450000000000013;12.0;1.0;0.5826851851851852;0.17400000000000013;6.992222222222222;0.5826851851851852;Now
02:19:54 04/06/2020;Thursday;0.1746;0.17500000000000013;1.0;0.5735852159879994;0.9331805861920415;0.5478472222222223;0.17500000000000013;6.574166666666667;0.5478472222222223;1.0;0.17600000000000013;12.0;1.0;0.5478472222222223;0.17500000000000013;6.574166666666667;0.5478472222222223;Now
08:54:21 04/06/2020;Thursday;0.1755;0.17600000000000013;1.0;0.572712842531054;0.9257000862261417;0.41967592592592595;0.17600000000000013;5.036111111111111;0.41967592592592595;1.0;0.17666666666666678;12.0;1.0;0.41967592592592595;0.17600000000000013;5.036111111111111;0.41967592592592595;Now
13:56:31 04/06/2020;Thursday;0.1762;0.17700000000000013;1.0;0.5718391382198318;0.9182081743410764;0.8511805555555556;0.17700000000000013;10.214166666666667;0.8511805555555556;1.0;0.17733333333333345;12.0;1.0;0.8511805555555556;0.17700000000000013;10.214166666666667;0.8511805555555556;Now
18:50:25 04/06/2020;Thursday;0.1765;0.17700000000000013;1.0;0.5718391382198318;0.9182081743410764;0.44298611111111114;0.17700000000000013;5.315833333333333;0.44298611111111114;1.0;0.17750000000000013;12.0;1.0;1.0;0.17750000000000013;12.0;1.0;Now
00:09:22 05/06/2020;Friday;0.1772;0.17800000000000013;1.0;0.5709640969448078;0.9107047981483868;1.0;0.17800000000000013;12.0;1.0;1.0;0.17800000000000013;12.0;1.0;1.0;0.17800000000000013;12.0;1.0;Now
06:52:22 05/06/2020;Friday;0.1779;0.17800000000000013;1.0;0.5709640969448078;0.9107047981483868;0.9791898148148148;0.17800000000000013;11.750277777777777;0.9791898148148148;1.0;0.17850000000000013;12.0;1.0;0.9791898148148148;0.17800000000000013;11.750277777777777;0.9791898148148148;Now
18:37:23 05/06/2020;Friday;0.1784;0.17900000000000013;1.0;0.5700877125495688;0.903189904857553;0.5828935185185186;0.17900000000000013;6.994722222222222;0.5828935185185186;1.0;0.17933333333333346;12.0;1.0;1.0;0.17933333333333346;12.0;1.0;Now
21:16:58 05/06/2020;Friday;0.1784;0.17900000000000013;1.0;0.5700877125495688;0.903189904857553;0.36125;0.17900000000000013;4.335;0.36125;1.0;0.18000000000000013;12.0;1.0;0.8273379629629629;0.17950000000000013;9.928055555555556;0.8273379629629629;Now
01:37:04 06/06/2020;Saturday;0.1795;0.18000000000000013;1.0;0.5692099788303081;0.8956634412716602;0.46608796296296295;0.18000000000000013;5.593055555555556;0.46608796296296295;1.0;0.18050000000000013;12.0;1.0;1.0;0.18050000000000013;12.0;1.0;Now
07:12:39 06/06/2020;Saturday;0.1803;0.18100000000000013;1.0;0.5683308895353127;0.8881253537830038;1.0;0.18100000000000013;12.0;1.0;1.0;0.18100000000000013;12.0;1.0;1.0;0.18100000000000013;12.0;1.0;Now
13:47:04 06/06/2020;Saturday;0.1804;0.18100000000000013;1.0;0.5683308895353127;0.8881253537830038;1.0;0.18100000000000013;12.0;1.0;1.0;0.18100000000000013;12.0;1.0;1.0;0.18100000000000013;12.0;1.0;Now
19:23:01 06/06/2020;Saturday;0.1806;0.18100000000000013;1.0;0.5683308895353127;0.8881253537830038;0.9208333333333333;0.18100000000000013;11.05;0.9208333333333333;1.0;0.18133333333333346;12.0;1.0;0.9208333333333333;0.18100000000000013;11.05;0.9208333333333333;Now
00:25:31 07/06/2020;Sunday;0.1807;0.18100000000000013;1.0;0.5683308895353127;0.8881253537830038;0.5006944444444444;0.18100000000000013;6.008333333333334;0.5006944444444444;1.0;0.18166666666666678;12.0;1.0;0.5006944444444444;0.18100000000000013;6.008333333333334;0.5006944444444444;Now
06:26:01 07/06/2020;Sunday;0.1812;0.18200000000000013;1.0;0.5674504383644442;0.880575588368636;1.0;0.18200000000000013;12.0;1.0;1.0;0.18200000000000013;12.0;1.0;1.0;0.18200000000000013;12.0;1.0;Now
12:10:33 07/06/2020;Sunday;0.1814;0.18200000000000013;1.0;0.5674504383644442;0.880575588368636;1.0;0.18200000000000013;12.0;1.0;1.0;0.18200000000000013;12.0;1.0;1.0;0.18200000000000013;12.0;1.0;Now
19:02:01 07/06/2020;Sunday;0.1819;0.18200000000000013;1.0;0.5674504383644442;0.880575588368636;0.5711805555555556;0.18200000000000013;6.854166666666667;0.5711805555555556;1.0;0.18250000000000013;12.0;1.0;0.5711805555555556;0.18200000000000013;6.854166666666667;0.5711805555555556;Now
01:53:16 08/06/2020;Monday;0.1829;0.18300000000000013;1.0;0.5665686189686117;0.8730140905858484;0.5246527777777777;0.18300000000000013;6.295833333333333;0.5246527777777777;1.0;0.18366666666666678;12.0;1.0;0.5246527777777777;0.18300000000000013;6.295833333333333;0.5246527777777777;Now
08:11:01 08/06/2020;Monday;0.1836;0.18400000000000014;1.0;0.5656854249492379;0.8654408055675927;1.0;0.18400000000000014;12.0;1.0;1.0;0.18400000000000014;12.0;1.0;1.0;0.18400000000000014;12.0;1.0;Now
13:29:31 08/06/2020;Monday;0.1839;0.18400000000000014;1.0;0.5656854249492379;0.8654408055675927;0.5833564814814814;0.18400000000000014;7.000277777777778;0.5833564814814814;1.0;0.18450000000000014;12.0;1.0;0.5833564814814814;0.18400000000000014;7.000277777777778;0.5833564814814814;Now
20:29:32 08/06/2020;Monday;0.1844;0.18500000000000014;1.0;0.5648008498577174;0.8578556780178335;1.0;0.18500000000000014;12.0;1.0;1.0;0.18500000000000014;12.0;1.0;1.0;0.18500000000000014;12.0;1.0;Now
03:04:07 09/06/2020;Tuesday;0.1845;0.18500000000000014;1.0;0.5648008498577174;0.8578556780178335;1.0;0.18500000000000014;12.0;1.0;1.0;0.18500000000000014;12.0;1.0;1.0;0.18500000000000014;12.0;1.0;Now
08:31:32 09/06/2020;Tuesday;0.185;0.18500000000000014;1.0;0.5648008498577174;0.8578556780178335;1.0;0.18500000000000014;12.0;1.0;1.0;0.18500000000000014;12.0;1.0;1.0;0.18500000000000014;12.0;1.0;Now
16:17:06 09/06/2020;Tuesday;0.185;0.18500000000000014;1.0;0.5648008498577174;0.8578556780178335;0.4727777777777778;0.18500000000000014;5.673333333333333;0.4727777777777778;1.0;0.18550000000000014;12.0;1.0;1.0;0.18550000000000014;12.0;1.0;Now
21:57:30 09/06/2020;Tuesday;0.1858;0.18600000000000014;1.0;0.5639148871948673;0.8502586522068407;1.0;0.18600000000000014;12.0;1.0;1.0;0.18600000000000014;12.0;1.0;1.0;0.18600000000000014;12.0;1.0;Now
05:05:31 10/06/2020;Wednesday;0.1855;0.18600000000000014;1.0;0.5639148871948673;0.8502586522068407;1.0;0.18600000000000014;12.0;1.0;1.0;0.18600000000000014;12.0;1.0;1.0;0.18600000000000014;12.0;1.0;Now
11:06:27 10/06/2020;Wednesday;0.1849;0.18600000000000014;1.0;0.5639148871948673;0.8502586522068407;1.0;0.18600000000000014;12.0;1.0;1.0;0.18600000000000014;12.0;1.0;1.0;0.18600000000000014;12.0;1.0;Now
16:33:57 10/06/2020;Wednesday;0.1851;0.18600000000000014;1.0;0.5639148871948673;0.8502586522068407;1.0;0.18600000000000014;12.0;1.0;1.0;0.18600000000000014;12.0;1.0;1.0;0.18600000000000014;12.0;1.0;Now
21:16:30 10/06/2020;Wednesday;0.185;0.18600000000000014;1.0;0.5639148871948673;0.8502586522068407;1.0;0.18600000000000014;12.0;1.0;1.0;0.18600000000000014;12.0;1.0;1.0;0.18600000000000014;12.0;1.0;Now
03:15:56 11/06/2020;Thursday;0.1856;0.18600000000000014;1.0;0.5639148871948673;0.8502586522068407;1.0;0.18600000000000014;12.0;1.0;1.0;0.18600000000000014;12.0;1.0;1.0;0.18600000000000014;12.0;1.0;Now
15:51:57 11/06/2020;Thursday;0.1857;0.18600000000000014;1.0;0.5639148871948673;0.8502586522068407;1.0;0.18600000000000014;12.0;1.0;1.0;0.18600000000000014;12.0;1.0;1.0;0.18600000000000014;12.0;1.0;Now
05:51:35 12/06/2020;Friday;0.1861;0.18700000000000014;1.0;0.5630275304103698;0.842649671966409;1.0;0.18700000000000014;12.0;1.0;1.0;0.18700000000000014;12.0;1.0;1.0;0.18700000000000014;12.0;1.0;Now
12:09:45 12/06/2020;Friday;0.1864;0.18700000000000014;1.0;0.5630275304103698;0.842649671966409;1.0;0.18700000000000014;12.0;1.0;1.0;0.18700000000000014;12.0;1.0;1.0;0.18700000000000014;12.0;1.0;Now
19:34:35 12/06/2020;Friday;0.1867;0.18700000000000014;1.0;0.5630275304103698;0.842649671966409;1.0;0.18700000000000014;12.0;1.0;1.0;0.18700000000000014;12.0;1.0;1.0;0.18700000000000014;12.0;1.0;Now
02:17:34 13/06/2020;Saturday;0.1868;0.18700000000000014;1.0;0.5630275304103698;0.842649671966409;1.0;0.18700000000000014;12.0;1.0;1.0;0.18700000000000014;12.0;1.0;1.0;0.18700000000000014;12.0;1.0;Now
15:10:04 13/06/2020;Saturday;0.1867;0.18700000000000014;1.0;0.5630275304103698;0.842649671966409;1.0;0.18700000000000014;12.0;1.0;1.0;0.18700000000000014;12.0;1.0;1.0;0.18700000000000014;12.0;1.0;Now
02:55:47 14/06/2020;Sunday;0.187;0.18700000000000014;1.0;0.5630275304103698;0.842649671966409;1.0;0.18700000000000014;12.0;1.0;1.0;0.18700000000000014;12.0;1.0;1.0;0.18700000000000014;12.0;1.0;Now
13:50:42 14/06/2020;Sunday;0.1869;0.18700000000000014;1.0;0.5630275304103698;0.842649671966409;1.0;0.18700000000000014;12.0;1.0;1.0;0.18700000000000014;12.0;1.0;1.0;0.18700000000000014;12.0;1.0;Now
19:51:35 14/06/2020;Sunday;0.187;0.18700000000000014;1.0;0.5630275304103698;0.842649671966409;0.5603703703703704;0.18700000000000014;6.724444444444444;0.5603703703703704;1.0;0.18733333333333346;12.0;1.0;1.0;0.18750000000000014;12.0;1.0;Now
23:02:47 14/06/2020;Sunday;0.187;0.18700000000000014;1.0;0.5630275304103698;0.842649671966409;0.2948148148148148;0.18700000000000014;3.537777777777778;0.2948148148148148;1.0;0.18750000000000014;12.0;1.0;1.0;0.18750000000000014;12.0;1.0;Now
02:35:03 15/06/2020;Monday;0.1872;0.18800000000000014;1.0;0.5621387729022077;0.8350286806850157;1.0;0.18800000000000014;12.0;1.0;1.0;0.18800000000000014;12.0;1.0;1.0;0.18800000000000014;12.0;1.0;Now
13:12:46 15/06/2020;Monday;0.1873;0.18800000000000014;1.0;0.5621387729022077;0.8350286806850157;1.0;0.18800000000000014;12.0;1.0;1.0;0.18800000000000014;12.0;1.0;1.0;0.18800000000000014;12.0;1.0;Now
19:05:14 15/06/2020;Monday;0.1874;0.18800000000000014;1.0;0.5621387729022077;0.8350286806850157;1.0;0.18800000000000014;12.0;1.0;1.0;0.18800000000000014;12.0;1.0;1.0;0.18800000000000014;12.0;1.0;Now
07:06:43 16/06/2020;Tuesday;0.187;0.18700000000000014;1.0;0.5630275304103698;0.842649671966409;1.0;0.18700000000000014;12.0;1.0;1.0;0.18700000000000014;12.0;1.0;1.0;0.18700000000000014;12.0;1.0;Now
20:25:15 16/06/2020;Tuesday;0.1874;0.18800000000000014;1.0;0.5621387729022077;0.8350286806850157;1.0;0.18800000000000014;12.0;1.0;1.0;0.18800000000000014;12.0;1.0;1.0;0.18800000000000014;12.0;1.0;Now
01:40:18 17/06/2020;Wednesday;0.1877;0.18800000000000014;1.0;0.5621387729022077;0.8350286806850157;1.0;0.18800000000000014;12.0;1.0;1.0;0.18800000000000014;12.0;1.0;1.0;0.18800000000000014;12.0;1.0;Now
07:08:28 17/06/2020;Wednesday;0.1879;0.18800000000000014;1.0;0.5621387729022077;0.8350286806850157;1.0;0.18800000000000014;12.0;1.0;1.0;0.18800000000000014;12.0;1.0;1.0;0.18800000000000014;12.0;1.0;Now
13:25:48 17/06/2020;Wednesday;0.1876;0.18800000000000014;1.0;0.5621387729022077;0.8350286806850157;1.0;0.18800000000000014;12.0;1.0;1.0;0.18800000000000014;12.0;1.0;1.0;0.18800000000000014;12.0;1.0;Now
20:50:44 17/06/2020;Wednesday;0.1871;0.18800000000000014;1.0;0.5621387729022077;0.8350286806850157;1.0;0.18800000000000014;12.0;1.0;1.0;0.18800000000000014;12.0;1.0;1.0;0.18800000000000014;12.0;1.0;Now
03:58:41 18/06/2020;Thursday;0.1869;0.18800000000000014;1.0;0.5621387729022077;0.8350286806850157;1.0;0.18800000000000014;12.0;1.0;1.0;0.18733333333333346;12.0;1.0;1.0;0.18750000000000014;12.0;1.0;Now
09:17:45 18/06/2020;Thursday;0.1867;0.18700000000000014;1.0;0.5630275304103698;0.842649671966409;1.0;0.18700000000000014;12.0;1.0;1.0;0.18700000000000014;12.0;1.0;1.0;0.18700000000000014;12.0;1.0;Now
15:18:37 18/06/2020;Thursday;0.1863;0.18700000000000014;1.0;0.5630275304103698;0.842649671966409;1.0;0.18700000000000014;12.0;1.0;1.0;0.18700000000000014;12.0;1.0;1.0;0.18700000000000014;12.0;1.0;Now
22:35:22 18/06/2020;Thursday;0.186;0.18700000000000014;1.0;0.5630275304103698;0.842649671966409;1.0;0.18700000000000014;12.0;1.0;1.0;0.18633333333333346;12.0;1.0;1.0;0.18650000000000014;12.0;1.0;Now
03:29:26 19/06/2020;Friday;0.1855;0.18600000000000014;1.0;0.5639148871948673;0.8502586522068407;1.0;0.18600000000000014;12.0;1.0;1.0;0.18600000000000014;12.0;1.0;1.0;0.18600000000000014;12.0;1.0;Now
09:55:21 19/06/2020;Friday;0.1857;0.18600000000000014;1.0;0.5639148871948673;0.8502586522068407;1.0;0.18600000000000014;12.0;1.0;1.0;0.18600000000000014;12.0;1.0;1.0;0.18600000000000014;12.0;1.0;Now
16:55:20 19/06/2020;Friday;0.1855;0.18600000000000014;1.0;0.5639148871948673;0.8502586522068407;1.0;0.18600000000000014;12.0;1.0;1.0;0.18600000000000014;12.0;1.0;1.0;0.18600000000000014;12.0;1.0;Now
23:46:21 19/06/2020;Friday;0.1854;0.18600000000000014;1.0;0.5639148871948673;0.8502586522068407;1.0;0.18600000000000014;12.0;1.0;1.0;0.18600000000000014;12.0;1.0;1.0;0.18600000000000014;12.0;1.0;Now
07:03:22 20/06/2020;Saturday;0.1849;0.18600000000000014;1.0;0.5639148871948673;0.8502586522068407;1.0;0.18600000000000014;12.0;1.0;1.0;0.18600000000000014;12.0;1.0;1.0;0.18600000000000014;12.0;1.0;Now
12:05:20 20/06/2020;Saturday;0.1851;0.18600000000000014;1.0;0.5639148871948673;0.8502586522068407;1.0;0.18600000000000014;12.0;1.0;1.0;0.18600000000000014;12.0;1.0;1.0;0.18600000000000014;12.0;1.0;Now
00:15:52 21/06/2020;Sunday;0.185;0.18500000000000014;1.0;0.5648008498577174;0.8578556780178335;1.0;0.18500000000000014;12.0;1.0;1.0;0.18500000000000014;12.0;1.0;1.0;0.18500000000000014;12.0;1.0;Now
06:58:57 21/06/2020;Sunday;0.1846;0.18500000000000014;1.0;0.5648008498577174;0.8578556780178335;1.0;0.18500000000000014;12.0;1.0;1.0;0.18500000000000014;12.0;1.0;1.0;0.18500000000000014;12.0;1.0;Now
14:15:21 21/06/2020;Sunday;0.1844;0.18500000000000014;1.0;0.5648008498577174;0.8578556780178335;1.0;0.18500000000000014;12.0;1.0;1.0;0.18500000000000014;12.0;1.0;1.0;0.18500000000000014;12.0;1.0;Now
19:51:27 21/06/2020;Sunday;0.1841;0.18500000000000014;1.0;0.5648008498577174;0.8578556780178335;1.0;0.18500000000000014;12.0;1.0;1.0;0.18500000000000014;12.0;1.0;1.0;0.18500000000000014;12.0;1.0;Now
01:26:58 22/06/2020;Monday;0.1838;0.18500000000000014;1.0;0.5648008498577174;0.8578556780178335;1.0;0.18500000000000014;12.0;1.0;1.0;0.18450000000000014;12.0;1.0;1.0;0.18500000000000014;12.0;1.0;Now
03:24:13 22/06/2020;Monday;0.1838;0.18500000000000014;1.0;0.5648008498577174;0.8578556780178335;1.0;0.18500000000000014;12.0;1.0;1.0;0.18433333333333346;12.0;1.0;1.0;0.18500000000000014;12.0;1.0;Now
08:27:07 22/06/2020;Monday;0.1834;0.18400000000000014;1.0;0.5656854249492379;0.8654408055675927;0.9909722222222223;0.18400000000000014;11.891666666666667;0.9909722222222223;1.0;0.18433333333333346;12.0;1.0;0.9909722222222223;0.18400000000000014;11.891666666666667;0.9909722222222223;Now
13:12:09 22/06/2020;Monday;0.1833;0.18400000000000014;1.0;0.5656854249492379;0.8654408055675927;0.5950925925925926;0.18400000000000014;7.141111111111111;0.5950925925925926;1.0;0.18450000000000014;12.0;1.0;0.5950925925925926;0.18400000000000014;7.141111111111111;0.5950925925925926;Now
20:20:37 22/06/2020;Monday;0.1846;0.18500000000000014;1.0;0.5648008498577174;0.8578556780178335;0.9216203703703704;0.18500000000000014;11.059444444444445;0.9216203703703704;1.0;0.18533333333333346;12.0;1.0;0.9216203703703704;0.18500000000000014;11.059444444444445;0.9216203703703704;Now
01:56:37 23/06/2020;Tuesday;0.185;0.18500000000000014;1.0;0.5648008498577174;0.8578556780178335;0.4549537037037037;0.18500000000000014;5.459444444444444;0.4549537037037037;1.0;0.18550000000000014;12.0;1.0;1.0;0.18550000000000014;12.0;1.0;Now
07:24:11 23/06/2020;Tuesday;0.1857;0.18600000000000014;1.0;0.5639148871948673;0.8502586522068407;0.5950462962962964;0.18600000000000014;7.140555555555555;0.5950462962962964;1.0;0.18650000000000014;12.0;1.0;0.5950462962962964;0.18600000000000014;7.140555555555555;0.5950462962962964;Now
14:32:37 23/06/2020;Tuesday;0.187;0.18700000000000014;1.0;0.5630275304103698;0.842649671966409;0.5594444444444444;0.18700000000000014;6.713333333333333;0.5594444444444444;1.0;0.18733333333333346;12.0;1.0;0.5594444444444444;0.18700000000000014;6.713333333333333;0.5594444444444444;Now
21:07:16 23/06/2020;Tuesday;0.187;0.18700000000000014;1.0;0.5630275304103698;0.842649671966409;0.011319444444444444;0.18700000000000014;0.13583333333333333;0.011319444444444444;1.0;0.18775000000000014;12.0;1.0;1.0;0.18750000000000014;12.0;1.0;Now
21:15:25 23/06/2020;Tuesday;0.1873;0.18800000000000014;1.0;0.5621387729022077;0.8350286806850157;1.0;0.18800000000000014;12.0;1.0;1.0;0.18800000000000014;12.0;1.0;1.0;0.18800000000000014;12.0;1.0;Now
03:56:37 24/06/2020;Wednesday;0.1877;0.18800000000000014;1.0;0.5621387729022077;0.8350286806850157;1.0;0.18800000000000014;12.0;1.0;1.0;0.18800000000000014;12.0;1.0;1.0;0.18800000000000014;12.0;1.0;Now
08:42:04 24/06/2020;Wednesday;0.1874;0.18800000000000014;1.0;0.5621387729022077;0.8350286806850157;1.0;0.18800000000000014;12.0;1.0;1.0;0.18800000000000014;12.0;1.0;1.0;0.18800000000000014;12.0;1.0;Now
16:07:35 24/06/2020;Wednesday;0.1871;0.18800000000000014;1.0;0.5621387729022077;0.8350286806850157;1.0;0.18800000000000014;12.0;1.0;1.0;0.18800000000000014;12.0;1.0;1.0;0.18800000000000014;12.0;1.0;Now
22:42:04 24/06/2020;Wednesday;0.1869;0.18800000000000014;1.0;0.5621387729022077;0.8350286806850157;1.0;0.18800000000000014;12.0;1.0;1.0;0.18750000000000014;12.0;1.0;1.0;0.18800000000000014;12.0;1.0;Now
05:42:06 25/06/2020;Thursday;0.1866;0.18700000000000014;1.0;0.5630275304103698;0.842649671966409;1.0;0.18700000000000014;12.0;1.0;1.0;0.18700000000000014;12.0;1.0;1.0;0.18700000000000014;12.0;1.0;Now
11:51:34 25/06/2020;Thursday;0.1865;0.18700000000000014;1.0;0.5630275304103698;0.842649671966409;0.8868287037037037;0.18700000000000014;10.641944444444444;0.8868287037037037;1.0;0.18733333333333346;12.0;1.0;0.8868287037037037;0.18700000000000014;10.641944444444444;0.8868287037037037;Now
16:28:45 25/06/2020;Thursday;0.1867;0.18700000000000014;1.0;0.5630275304103698;0.842649671966409;0.5018518518518519;0.18700000000000014;6.022222222222222;0.5018518518518519;1.0;0.18750000000000014;12.0;1.0;0.5018518518518519;0.18700000000000014;6.022222222222222;0.5018518518518519;Now
22:30:05 25/06/2020;Thursday;0.1875;0.18800000000000014;1.0;0.5621387729022077;0.8350286806850157;1.0;0.18800000000000014;12.0;1.0;1.0;0.18800000000000014;12.0;1.0;1.0;0.18800000000000014;12.0;1.0;Now
15:43:11 26/06/2020;Friday;0.1876;0.18800000000000014;1.0;0.5621387729022077;0.8350286806850157;1.0;0.18800000000000014;12.0;1.0;1.0;0.18800000000000014;12.0;1.0;1.0;0.18800000000000014;12.0;1.0;Now
22:26:06 26/06/2020;Friday;0.1875;0.18800000000000014;1.0;0.5621387729022077;0.8350286806850157;1.0;0.18800000000000014;12.0;1.0;1.0;0.18800000000000014;12.0;1.0;1.0;0.18800000000000014;12.0;1.0;Now
03:28:38 27/06/2020;Saturday;0.1871;0.18800000000000014;1.0;0.5621387729022077;0.8350286806850157;1.0;0.18800000000000014;12.0;1.0;1.0;0.18800000000000014;12.0;1.0;1.0;0.18800000000000014;12.0;1.0;Now
09:46:04 27/06/2020;Saturday;0.1866;0.18800000000000014;1.0;0.5621387729022077;0.8350286806850157;1.0;0.18800000000000014;12.0;1.0;1.0;0.18733333333333346;12.0;1.0;1.0;0.18800000000000014;12.0;1.0;Now
15:56:05 27/06/2020;Saturday;0.1864;0.18700000000000014;1.0;0.5630275304103698;0.842649671966409;1.0;0.18700000000000014;12.0;1.0;1.0;0.18700000000000014;12.0;1.0;1.0;0.18700000000000014;12.0;1.0;Now
20:58:03 27/06/2020;Saturday;0.1862;0.18700000000000014;1.0;0.5630275304103698;0.842649671966409;1.0;0.18700000000000014;12.0;1.0;1.0;0.18700000000000014;12.0;1.0;1.0;0.18700000000000014;12.0;1.0;Now
03:50:14 28/06/2020;Sunday;0.1861;0.18700000000000014;1.0;0.5630275304103698;0.842649671966409;1.0;0.18700000000000014;12.0;1.0;1.0;0.18700000000000014;12.0;1.0;1.0;0.18700000000000014;12.0;1.0;Now
10:16:04 28/06/2020;Sunday;0.186;0.18700000000000014;1.0;0.5630275304103698;0.842649671966409;1.0;0.18700000000000014;12.0;1.0;1.0;0.18700000000000014;12.0;1.0;1.0;0.18700000000000014;12.0;1.0;Now
00:41:16 29/06/2020;Monday;0.1857;0.18600000000000014;1.0;0.5639148871948673;0.8502586522068407;1.0;0.18600000000000014;12.0;1.0;1.0;0.18600000000000014;12.0;1.0;1.0;0.18600000000000014;12.0;1.0;Now
06:08:34 29/06/2020;Monday;0.1856;0.18600000000000014;1.0;0.5639148871948673;0.8502586522068407;1.0;0.18600000000000014;12.0;1.0;1.0;0.18600000000000014;12.0;1.0;1.0;0.18600000000000014;12.0;1.0;Now
13:08:34 29/06/2020;Monday;0.1854;0.18600000000000014;1.0;0.5639148871948673;0.8502586522068407;1.0;0.18600000000000014;12.0;1.0;1.0;0.18600000000000014;12.0;1.0;1.0;0.18600000000000014;12.0;1.0;Now
20:09:05 29/06/2020;Monday;0.185;0.18600000000000014;1.0;0.5639148871948673;0.8502586522068407;1.0;0.18600000000000014;12.0;1.0;1.0;0.18533333333333346;12.0;1.0;1.0;0.18600000000000014;12.0;1.0;Now
02:31:06 30/06/2020;Tuesday;0.1843;0.18500000000000014;1.0;0.5648008498577174;0.8578556780178335;1.0;0.18500000000000014;12.0;1.0;1.0;0.18500000000000014;12.0;1.0;1.0;0.18500000000000014;12.0;1.0;Now
07:25:34 30/06/2020;Tuesday;0.1833;0.18500000000000014;1.0;0.5648008498577174;0.8578556780178335;1.0;0.18500000000000014;12.0;1.0;1.0;0.18500000000000014;12.0;1.0;1.0;0.18500000000000014;12.0;1.0;Now
12:53:04 30/06/2020;Tuesday;0.1824;0.18500000000000014;1.0;0.5648008498577174;0.8578556780178335;;;;;;;;;;;;;Now
19:33:05 30/06/2020;Tuesday;0.182;0.18300000000000013;1.0;0.5665686189686117;0.8730140905858484;;;;;;;;;;;;;Now
